face,S11,S22,S12,von_mises,principal_1,principal_2,T_wale_Nm,T_course_Nm
0,465.6603,1079.8979,48.7462,941.9564,1083.7423,461.8159,465.6603,1079.8979
1,-3.3243,1192.6881,19.5788,1194.8350,1193.0085,-3.6447,-3.3243,1192.6881
2,676.7001,1312.6023,7.4837,1137.0038,1312.6904,676.6120,676.7001,1312.6023
3,561.1788,1319.3906,25.5859,1147.7208,1320.2530,560.3164,561.1788,1319.3906
4,-602.2236,688.0009,371.7503,1290.3270,787.4476,-701.6703,-602.2236,688.0009
5,-495.4991,331.9246,631.5392,1310.2240,673.1957,-836.7702,-495.4991,331.9246
6,-436.6544,815.3767,411.2800,1311.1055,938.3916,-559.6693,-436.6544,815.3767
7,-196.5830,507.1860,171.8927,695.8649,546.9261,-236.3230,-196.5830,507.1860
8,-28.2862,679.7574,-394.1294,973.7103,855.5180,-204.0468,-28.2862,679.7574
9,-316.4503,725.7044,-429.9281,1187.8348,880.1711,-470.9170,-316.4503,725.7044
10,-5.0373,744.6152,-183.5164,811.9501,787.1293,-47.5515,-5.0373,744.6152
11,262.4428,930.5240,67.1125,839.0793,937.1991,255.7677,262.4428,930.5240
12,62.8845,101.2603,-261.2238,461.0358,343.9999,-179.8551,62.8845,101.2603
13,-448.3101,961.7629,-237.9056,1314.1290,1000.8201,-487.3673,-448.3101,961.7629
14,-851.1619,1151.8573,121.9221,1753.9281,1159.2513,-858.5559,-851.1619,1151.8573
15,-1821.3138,1104.9566,238.3370,2592.4891,1124.2414,-1840.5987,-1821.3138,1104.9566
16,-449.5854,1216.5910,24.1535,1493.6306,1216.9410,-449.9355,-449.5854,1216.5910
17,233.5220,1248.9960,56.5159,1154.3126,1252.1316,230.3863,233.5220,1248.9960
18,-1837.6493,1130.7539,-221.7211,2623.1602,1147.2236,-1854.1191,-1837.6493,1130.7539
19,-213.7275,983.5685,-75.3024,1113.6936,988.2860,-218.4450,-213.7275,983.5685
20,-305.6824,1120.2893,-1.7669,1300.3661,1120.2915,-305.6846,-305.6824,1120.2893
21,-842.0962,632.7881,754.5115,1830.3764,950.3855,-1159.6936,-842.0962,632.7881
22,-433.4981,991.3994,-56.5478,1268.9192,993.6400,-435.7387,-433.4981,991.3994
23,-1555.9124,806.5281,529.6208,2273.2648,919.8269,-1669.2112,-1555.9124,806.5281
24,-166.7415,1125.1227,-89.5719,1226.9384,1131.3036,-172.9224,-166.7415,1125.1227
25,-717.2042,1246.1891,71.6771,1725.2693,1248.8023,-719.8174,-717.2042,1246.1891
26,-410.5297,1128.0172,138.3826,1400.5325,1140.3648,-422.8773,-410.5297,1128.0172
27,-261.7703,1013.7587,126.8486,1187.3812,1026.2512,-274.2628,-261.7703,1013.7587
28,-1849.0176,1294.8018,-22.5751,2736.9724,1294.9639,-1849.1797,-1849.0176,1294.8018
29,-147.5040,1092.7991,199.9396,1223.5551,1124.2332,-178.9381,-147.5040,1092.7991
30,-465.6748,708.6301,-314.0924,1159.7253,787.3620,-544.4067,-465.6748,708.6301
31,1.7784,99.2953,-289.9489,511.7589,344.5568,-243.4831,1.7784,99.2953
32,398.6859,970.5524,-93.0380,860.2006,985.3082,383.9302,398.6859,970.5524
33,-713.0097,847.6631,-345.5088,1479.6745,920.7323,-786.0790,-713.0097,847.6631
34,245.2129,883.9604,-192.7105,858.0029,937.5973,191.5760,245.2129,883.9604
35,-978.6377,647.3083,-727.9053,1897.3030,925.5600,-1256.8893,-978.6377,647.3083
36,197.8295,1067.7094,124.2605,1007.0936,1085.1116,180.4273,197.8295,1067.7094
37,62.7493,64.6894,110.2635,201.3383,173.9871,-46.5484,62.7493,64.6894
38,176.0685,669.6801,148.6684,654.1169,710.9983,134.7504,176.0685,669.6801
39,-128.1808,738.5715,377.7852,1041.5152,880.1185,-269.7277,-128.1808,738.5715
40,-1110.2997,646.4943,684.8515,1943.0871,881.9208,-1345.7262,-1110.2997,646.4943
41,-441.7488,759.0706,-312.9030,1183.3738,835.7134,-518.3916,-441.7488,759.0706
42,729.1817,1320.9440,2.8654,1146.0434,1320.9579,729.1678,729.1817,1320.9440
43,589.3037,1286.0525,24.9511,1115.8862,1286.9449,588.4114,589.3037,1286.0525
44,445.9001,1066.1182,-116.0899,948.9380,1087.1353,424.8831,445.9001,1066.1182
45,-1492.0031,1170.5706,-583.4682,2522.7186,1292.8173,-1614.2498,-1492.0031,1170.5706
46,-168.9219,1296.8348,153.0348,1414.0856,1312.6422,-184.7293,-168.9219,1296.8348
47,655.4281,1335.0820,11.9379,1156.4633,1335.2916,655.2185,655.4281,1335.0820
48,644.5946,1331.4603,15.1674,1153.5713,1331.7950,644.2598,644.5946,1331.4603
49,265.3027,1313.6310,2.6403,1203.1305,1313.6376,265.2960,265.3027,1313.6310
50,475.6461,1246.1867,48.3879,1092.4746,1249.2134,472.6194,475.6461,1246.1867
51,74.9445,158.3773,391.2034,691.3398,510.0822,-276.7604,74.9445,158.3773
52,221.6062,1076.2144,-96.0436,998.2605,1086.8751,210.9455,221.6062,1076.2144
53,-417.9013,1245.7715,34.7309,1500.2721,1246.4962,-418.6261,-417.9013,1245.7715
54,-282.8745,1208.0979,195.2917,1412.6837,1233.2533,-308.0300,-282.8745,1208.0979
55,-568.8108,959.7621,-103.5352,1350.1003,966.7430,-575.7917,-568.8108,959.7621
56,77.2660,716.4293,173.4512,744.4067,760.4653,33.2301,77.2660,716.4293
57,73.1206,717.1751,293.3032,851.6612,830.7260,-40.4302,73.1206,717.1751
58,-442.9458,1130.0799,-12.9932,1405.1164,1130.1872,-443.0531,-442.9458,1130.0799
59,306.6013,993.1131,-182.0957,935.5558,1038.4231,261.2913,306.6013,993.1131
60,-319.5653,790.6151,236.4070,1071.2200,838.8602,-367.8104,-319.5653,790.6151
61,77.7972,1129.2179,-188.9937,1140.3909,1162.1577,44.8574,77.7972,1129.2179
62,-166.1368,1216.9925,186.5244,1347.3060,1241.7050,-190.8493,-166.1368,1216.9925
63,-234.2754,1089.6439,-32.2378,1224.9912,1090.4285,-235.0599,-234.2754,1089.6439
64,-275.8497,765.4634,-405.8119,1169.2862,904.9330,-415.3193,-275.8497,765.4634
65,-93.5351,641.1925,-157.0226,744.1901,673.3437,-125.6864,-93.5351,641.1925
66,623.2277,1234.6691,-57.0864,1073.8329,1239.9532,617.9436,623.2277,1234.6691
67,428.6646,1272.8474,47.7389,1124.7694,1275.5384,425.9736,428.6646,1272.8474
68,218.4006,1205.4296,33.4905,1113.9379,1206.5646,217.2656,218.4006,1205.4296
69,-383.3894,1047.9870,65.6305,1288.3996,1050.9900,-386.3924,-383.3894,1047.9870
70,-296.0690,932.0589,-171.5695,1149.1966,955.5768,-319.5869,-296.0690,932.0589
71,108.2289,1175.3309,3.2016,1125.1410,1175.3405,108.2192,108.2289,1175.3309
72,-617.5214,1265.0955,-291.6999,1737.3225,1309.2568,-661.6826,-617.5214,1265.0955
73,259.7082,1285.8224,-3.3207,1177.6595,1285.8331,259.6975,259.7082,1285.8224
74,39.3365,1235.0086,-61.7728,1220.5164,1238.1916,36.1536,39.3365,1235.0086
75,-180.1107,1234.4817,93.0835,1343.3994,1240.5806,-186.2095,-180.1107,1234.4817
76,159.7855,889.2011,-104.4774,840.7587,903.8708,145.1158,159.7855,889.2011
77,528.1281,1227.9253,-76.9410,1075.1640,1236.2849,519.7685,528.1281,1227.9253
78,511.2673,1070.9304,22.5529,928.5905,1071.8377,510.3600,511.2673,1070.9304
79,659.4660,1186.4230,3.0807,1029.6202,1186.4410,659.4480,659.4660,1186.4230
80,-153.0454,1216.9563,148.4930,1325.4454,1232.8665,-168.9556,-153.0454,1216.9563
81,-196.1193,1057.7061,-243.5847,1242.0314,1103.3653,-241.7786,-196.1193,1057.7061
82,70.3506,73.2935,143.0258,257.9419,214.8554,-71.2113,70.3506,73.2935
83,-14.0235,1130.0514,-152.9930,1167.5961,1150.1573,-34.1294,-14.0235,1130.0514
84,-391.1912,1054.3297,-92.7002,1304.9392,1060.2503,-397.1117,-391.1912,1054.3297
85,-599.5789,1046.7259,62.8377,1447.2631,1049.1209,-601.9738,-599.5789,1046.7259
86,-1109.6177,1012.8623,786.8368,2288.7481,1272.7364,-1369.4918,-1109.6177,1012.8623
87,-630.0135,421.1697,691.2252,1507.6539,763.9321,-972.7760,-630.0135,421.1697
88,-477.9568,1276.4286,-36.2078,1572.1716,1277.1756,-478.7037,-477.9568,1276.4286
89,624.6521,1254.4295,-43.8006,1089.0165,1257.4612,621.6204,624.6521,1254.4295
90,301.1660,1165.0021,115.6137,1066.3824,1180.2079,285.9602,301.1660,1165.0021
91,26.9757,942.4152,282.4097,1050.1036,1022.5268,-53.1359,26.9757,942.4152
92,572.9484,1234.3838,29.0989,1071.1094,1235.6615,571.6707,572.9484,1234.3838
93,-73.9295,1006.2613,-123.7512,1066.9409,1020.2574,-87.9257,-73.9295,1006.2613
94,274.4291,1288.8887,46.5885,1178.7062,1291.0237,272.2940,274.4291,1288.8887
95,-231.6087,1200.6713,109.4458,1345.0930,1208.9862,-239.9236,-231.6087,1200.6713
96,27.3666,1207.9228,101.4058,1207.3190,1216.5699,18.7195,27.3666,1207.9228
97,226.9244,1221.0182,-108.5613,1140.4639,1232.7356,215.2069,226.9244,1221.0182
98,-6.2987,1088.1177,69.1403,1097.8318,1092.4684,-10.6494,-6.2987,1088.1177
99,-348.5666,954.3885,322.0299,1294.6559,1029.6339,-423.8120,-348.5666,954.3885
100,-86.9814,612.8190,-200.3083,746.1816,666.0981,-140.2605,-86.9814,612.8190
101,-659.5747,703.7072,-344.5772,1323.0988,785.8515,-741.7189,-659.5747,703.7072
102,-135.2761,716.9350,-368.9946,1018.7005,854.4986,-272.8398,-135.2761,716.9350
103,-541.0513,420.5604,-692.0560,1460.8138,782.4383,-902.9291,-541.0513,420.5604
104,-290.9810,811.4474,411.4665,1219.4862,948.0862,-427.6198,-290.9810,811.4474
105,146.0970,705.9055,136.4702,687.3053,737.4021,114.6004,146.0970,705.9055
106,-185.7312,1002.8024,-42.7014,1109.8786,1004.3346,-187.2634,-185.7312,1002.8024
107,-776.0465,1019.7272,450.5924,1744.2901,1126.4469,-882.7662,-776.0465,1019.7272
108,-175.0587,688.3535,373.9314,1021.9845,827.7821,-314.4873,-175.0587,688.3535
109,-182.6224,1081.9172,103.6942,1197.3870,1090.3639,-191.0691,-182.6224,1081.9172
110,-307.4363,1165.0047,-51.5315,1348.2893,1166.8059,-309.2376,-307.4363,1165.0047
111,100.4450,107.7587,284.3431,503.4187,388.4685,-180.2648,100.4450,107.7587
112,-746.7086,543.6792,732.1469,1693.2951,874.3512,-1077.3807,-746.7086,543.6792
113,270.0274,1132.3640,86.8092,1035.3749,1141.0160,261.3753,270.0274,1132.3640
114,439.1246,1163.0695,76.3713,1025.8296,1171.0385,431.1557,439.1246,1163.0695
115,-632.0338,470.6915,709.6866,1558.6774,818.0255,-979.3679,-632.0338,470.6915
116,28.6760,924.5284,-215.8784,984.3138,973.8359,-20.6315,28.6760,924.5284
117,-319.1388,714.4776,-454.5870,1208.4260,885.9572,-490.6184,-319.1388,714.4776
118,-340.3827,1050.3836,-276.0320,1343.6069,1103.1658,-393.1649,-340.3827,1050.3836
119,116.5271,1049.4970,136.9030,1024.1850,1069.1711,96.8529,116.5271,1049.4970
120,541.5788,1170.5087,34.3853,1016.3771,1172.3830,539.7044,541.5788,1170.5087
121,708.9498,1331.2722,8.9099,1153.8320,1331.3997,708.8222,708.9498,1331.2722
122,537.4558,1291.9112,18.2448,1124.5207,1292.3521,537.0149,537.4558,1291.9112
123,-132.8483,1279.0787,57.1666,1354.0378,1281.3895,-135.1591,-132.8483,1279.0787
124,-360.9293,1102.0662,-129.3556,1338.9498,1113.4156,-372.2786,-360.9293,1102.0662
125,-360.3350,1163.5615,-48.7842,1382.0739,1165.1216,-361.8951,-360.3350,1163.5615
126,-313.5858,1041.0892,-57.0482,1232.2488,1043.4874,-315.9840,-313.5858,1041.0892
127,-50.6714,1015.0306,183.3145,1088.6231,1045.6815,-81.3223,-50.6714,1015.0306
128,-50.3147,121.1136,339.8783,608.1494,385.9193,-315.1205,-50.3147,121.1136
129,401.2977,1253.9087,20.0490,1109.6585,1254.3798,400.8265,401.2977,1253.9087
130,59.1638,1270.9531,8.4895,1242.5152,1271.0126,59.1043,59.1638,1270.9531
131,-71.2932,1271.3153,-168.2055,1340.4628,1292.0677,-92.0456,-71.2932,1271.3153
132,61.4425,1044.6676,44.7502,1018.2958,1046.7001,59.4100,61.4425,1044.6676
133,-247.3819,1235.7188,240.6488,1437.9251,1273.7893,-285.4525,-247.3819,1235.7188
134,221.4746,690.0172,-202.8806,704.1555,765.6549,145.8369,221.4746,690.0172
135,-284.2568,564.7436,375.0186,991.0531,706.6703,-426.1834,-284.2568,564.7436
136,-184.8068,492.8520,151.6103,661.1325,525.2248,-217.1796,-184.8068,492.8520
137,-183.8933,269.7533,-584.8351,1087.3297,670.2106,-584.3506,-183.8933,269.7533
138,322.7810,1156.1281,-142.0839,1062.1709,1179.6871,299.2221,322.7810,1156.1281
139,-9.1345,867.7214,-171.1902,921.3405,899.9581,-41.3711,-9.1345,867.7214
140,44.0886,1151.3915,165.5993,1165.8269,1175.6267,19.8533,44.0886,1151.3915
141,742.6324,1319.3578,-14.3901,1145.8758,1319.7167,742.2736,742.6324,1319.3578
142,223.8213,1233.3705,-66.9467,1143.9798,1237.7906,219.4011,223.8213,1233.3705
143,229.2725,1124.3687,11.1371,1029.2503,1124.5072,229.1339,229.2725,1124.3687
144,5.7943,997.6353,221.8517,1066.3881,1044.9968,-41.5671,5.7943,997.6353
145,256.1369,1292.8576,14.9899,1186.0069,1293.0743,255.9202,256.1369,1292.8576
146,443.5618,1178.4350,-38.6505,1033.0678,1180.4623,441.5346,443.5618,1178.4350
147,19.0437,1249.5003,31.8862,1241.3173,1250.3260,18.2179,19.0437,1249.5003
148,-179.2296,1175.7962,-47.2647,1277.5207,1177.4428,-180.8762,-179.2296,1175.7962
149,-537.2242,1129.5977,-1.5530,1473.5859,1129.5992,-537.2256,-537.2242,1129.5977
150,-528.7164,866.0457,44.4670,1222.0478,867.4620,-530.1327,-528.7164,866.0457
151,-183.0583,1009.4792,-272.5577,1208.3937,1068.8202,-242.3993,-183.0583,1009.4792
152,337.5548,1043.8450,-154.7183,960.7361,1076.2504,305.1493,337.5548,1043.8450
153,532.2301,1178.2669,30.7842,1023.3844,1179.7305,530.7665,532.2301,1178.2669
154,-1011.0962,640.0286,-714.6709,1900.3542,906.3947,-1277.4623,-1011.0962,640.0286
155,-257.9693,936.3138,-220.0102,1153.2499,975.5546,-297.2101,-257.9693,936.3138
156,-538.0852,1045.5220,116.9319,1409.3442,1054.1096,-546.6728,-538.0852,1045.5220
157,161.1290,839.8201,-39.4483,774.9899,842.1052,158.8438,161.1290,839.8201
158,-1866.7890,1081.1970,-158.8229,2597.6776,1089.7289,-1875.3209,-1866.7890,1081.1970
159,-288.9786,1062.1649,81.5123,1240.3945,1067.0647,-293.8783,-288.9786,1062.1649
160,-1000.8288,790.4699,-793.0790,2074.7406,1091.1324,-1301.4913,-1000.8288,790.4699
161,-499.4955,881.2957,-393.5185,1389.5869,985.5717,-603.7715,-499.4955,881.2957
162,157.8922,861.1778,133.0034,826.8334,885.4905,133.5795,157.8922,861.1778
163,-236.5154,1202.7988,182.8550,1373.8460,1225.6660,-259.3826,-236.5154,1202.7988
164,-1083.2447,571.5236,665.5414,1856.8776,805.9822,-1317.7032,-1083.2447,571.5236
165,-302.6586,789.7985,321.9811,1124.9173,877.6342,-390.4943,-302.6586,789.7985
166,-773.6177,461.6228,-696.1729,1619.4658,774.6537,-1086.6485,-773.6177,461.6228
167,115.1203,877.6720,-270.7682,949.9838,964.0356,28.7567,115.1203,877.6720
168,-526.9842,412.2868,686.3973,1441.6606,774.3356,-889.0330,-526.9842,412.2868
169,168.7380,820.4007,-259.4876,874.6991,911.1025,78.0362,168.7380,820.4007
170,-432.8849,342.1187,-646.4707,1306.2563,708.3290,-799.0952,-432.8849,342.1187
171,-113.8138,247.2583,565.0965,1029.6765,659.9568,-526.5124,-113.8138,247.2583
172,444.4853,1311.9418,26.9975,1156.6357,1312.7812,443.6459,444.4853,1311.9418
173,675.1526,1286.4523,7.2205,1114.6279,1286.5375,675.0673,675.1526,1286.4523
174,445.1203,1322.9262,-8.9091,1166.0372,1323.0166,445.0299,445.1203,1322.9262
175,202.4843,1164.9047,-76.1601,1086.0613,1170.8943,196.4947,202.4843,1164.9047
176,566.5622,1166.3910,-18.6111,1010.7753,1166.9679,565.9853,566.5622,1166.3910
177,624.1379,1224.4799,4.6244,1060.5277,1224.5155,624.1023,624.1379,1224.4799
178,519.7967,1187.6085,-98.0505,1045.0499,1201.7070,505.6983,519.7967,1187.6085
179,70.7822,1267.9788,1.1277,1234.1126,1267.9799,70.7812,70.7822,1267.9788
180,-316.7150,896.1884,363.0838,1258.0890,996.5701,-417.0968,-316.7150,896.1884
181,289.6853,1276.3677,-21.2610,1159.5875,1276.8256,289.2274,289.6853,1276.3677
182,699.5190,1290.6454,-25.3482,1119.9058,1291.7304,698.4340,699.5190,1290.6454
183,-37.6658,1044.2215,221.5342,1130.6550,1087.8267,-81.2710,-37.6658,1044.2215
184,-63.7867,1027.5150,191.3361,1111.4073,1060.0893,-96.3611,-63.7867,1027.5150
185,-1864.1443,1162.5008,60.0184,2646.5672,1163.6905,-1865.3340,-1864.1443,1162.5008
186,-213.7227,1122.3364,-171.5082,1278.0573,1144.0014,-235.3877,-213.7227,1122.3364
187,-172.6823,1335.6130,-26.1191,1430.5120,1336.0651,-173.1345,-172.6823,1335.6130
188,-382.9693,809.5846,299.1458,1174.9908,880.4166,-453.8014,-382.9693,809.5846
189,-187.4998,1192.3005,229.7169,1355.9507,1229.5400,-224.7393,-187.4998,1192.3005
190,-154.0944,1258.5087,141.0072,1364.2461,1272.4466,-168.0323,-154.0944,1258.5087
191,-1620.0643,945.8696,491.5233,2403.4210,1036.8020,-1710.9967,-1620.0643,945.8696
192,-257.3298,1040.1159,-125.1187,1209.4116,1052.0715,-269.2854,-257.3298,1040.1159
193,-324.2268,994.7456,-183.7755,1232.2683,1019.8728,-349.3540,-324.2268,994.7456
194,-1823.0762,1326.0590,6.8782,2738.5558,1326.0740,-1823.0912,-1823.0762,1326.0590
195,-285.9921,1218.4227,92.2339,1392.9559,1224.0564,-291.6258,-285.9921,1218.4227
196,-287.3916,1119.8571,53.3768,1291.1463,1121.8788,-289.4133,-287.3916,1119.8571
197,-452.9654,754.6006,-391.1314,1255.1331,870.2186,-568.5833,-452.9654,754.6006
198,-138.3130,1007.3010,-282.7015,1188.6416,1073.2647,-204.2766,-138.3130,1007.3010
199,353.6087,852.7022,-26.8323,743.4898,854.1406,352.1703,353.6087,852.7022
200,330.3982,1029.9290,124.9792,936.2101,1051.5874,308.7398,330.3982,1029.9290
201,256.6225,827.4193,12.7905,733.9170,827.7057,256.3360,256.6225,827.4193
202,-210.3254,971.9491,-374.2010,1270.2073,1080.4329,-318.8092,-210.3254,971.9491
203,-184.7048,1246.0326,-188.8076,1387.0135,1270.5293,-209.2014,-184.7048,1246.0326
204,-83.4520,1197.4366,228.0572,1302.6041,1236.8298,-122.8452,-83.4520,1197.4366
205,-383.2982,826.3098,279.7179,1175.2254,887.8615,-444.8499,-383.2982,826.3098
206,227.8913,87.8447,115.0276,281.6489,292.5328,23.2032,227.8913,87.8447
207,-388.6972,741.8650,356.1358,1170.6016,844.6972,-491.5294,-388.6972,741.8650
208,259.9163,644.9800,-120.8198,599.7559,679.7496,225.1467,259.9163,644.9800
209,-1689.2457,1096.4369,420.1821,2537.2298,1158.4357,-1751.2445,-1689.2457,1096.4369
210,-447.0741,1177.4825,28.8028,1454.3903,1177.9930,-447.5846,-447.0741,1177.4825
211,617.4483,1213.2199,-1.3488,1050.7378,1213.2230,617.4453,617.4483,1213.2199
212,301.2342,1040.0716,-81.1572,937.5209,1048.8813,292.4245,301.2342,1040.0716
213,610.3642,1216.7065,-35.2623,1055.4693,1218.7503,608.3203,610.3642,1216.7065
214,-22.9393,1074.7181,215.6833,1148.8065,1115.5777,-63.7988,-22.9393,1074.7181
215,-89.4501,1220.6147,180.2095,1305.5696,1244.9518,-113.7871,-89.4501,1220.6147
216,747.5761,1332.8183,-5.3194,1157.1415,1332.8667,747.5277,747.5761,1332.8183
217,689.9187,1278.1263,-28.2159,1109.1347,1279.4767,688.5683,689.9187,1278.1263
218,729.0302,1337.9068,3.4502,1160.2331,1337.9263,729.0106,729.0302,1337.9068
219,719.4791,1258.5445,-11.1184,1093.8276,1258.7737,719.2499,719.4791,1258.5445
220,168.9572,1137.8270,-152.2299,1095.6617,1161.1826,145.6017,168.9572,1137.8270
221,49.8752,1281.1304,-100.0203,1268.8176,1289.2026,41.8031,49.8752,1281.1304
222,453.0103,1264.0675,-3.8069,1109.2758,1264.0854,452.9924,453.0103,1264.0675
223,-145.0914,1297.4613,22.7381,1376.3208,1297.8196,-145.4497,-145.0914,1297.4613
224,-70.7062,932.7352,98.2948,984.8503,942.2733,-80.2443,-70.7062,932.7352
225,-96.4227,1009.8159,62.2972,1066.7884,1013.3131,-99.9198,-96.4227,1009.8159
226,-221.8467,916.8051,-189.7048,1095.9477,947.5791,-252.6207,-221.8467,916.8051
227,-13.4475,1186.2154,-64.8415,1198.2707,1189.7099,-16.9420,-13.4475,1186.2154
228,208.4196,1293.0151,-41.7283,1204.5998,1294.6181,206.8166,208.4196,1293.0151
229,70.6903,1293.4876,-9.9063,1259.7479,1293.5678,70.6100,70.6903,1293.4876
230,284.2006,1026.6039,92.7711,932.0642,1038.0211,272.7835,284.2006,1026.6039
231,-19.4440,722.9551,204.5822,814.0399,775.5987,-72.0876,-19.4440,722.9551
232,-388.3573,1310.9628,1.5360,1542.2626,1310.9642,-388.3587,-388.3573,1310.9628
233,-274.6537,1107.1019,-81.7010,1274.8349,1111.9160,-279.4678,-274.6537,1107.1019
234,-775.3631,962.0762,-475.7158,1718.0377,1083.8005,-897.0875,-775.3631,962.0762
235,296.7093,1055.6367,121.4634,966.1512,1074.6025,277.7435,296.7093,1055.6367
236,-74.8376,906.2827,251.7400,1041.5815,967.1047,-135.6596,-74.8376,906.2827
237,-288.2376,1265.0263,14.3444,1431.2994,1265.1588,-288.3701,-288.2376,1265.0263
238,-292.7987,1207.1589,43.4255,1379.1575,1208.4150,-294.0549,-292.7987,1207.1589
239,367.1887,887.6181,-96.6732,790.4475,904.9956,349.8113,367.1887,887.6181
240,266.9418,803.9074,44.1685,713.2890,807.5163,263.3330,266.9418,803.9074
241,82.9995,831.5656,111.2351,816.3887,847.7452,66.8199,82.9995,831.5656
242,-414.5628,761.8335,364.4735,1211.0340,865.6021,-518.3314,-414.5628,761.8335
243,-86.2281,985.1179,266.5405,1129.5879,1047.7670,-148.8773,-86.2281,985.1179
244,-301.5387,1269.8864,-99.4111,1454.6837,1276.1503,-307.8027,-301.5387,1269.8864
245,-590.0672,881.0866,-369.0478,1432.8231,968.4737,-677.4542,-590.0672,881.0866
246,-809.2321,497.0314,-696.8488,1661.5973,798.9805,-1111.1812,-809.2321,497.0314
247,-657.6274,945.5921,71.8039,1401.4039,948.8016,-660.8369,-657.6274,945.5921
248,297.6084,847.6846,-157.1918,793.0887,889.4354,255.8576,297.6084,847.6846
249,78.2345,144.4500,-364.4522,643.5540,477.2952,-254.6107,78.2345,144.4500
250,-1414.8627,815.8688,605.8156,2218.7516,969.7758,-1568.7698,-1414.8627,815.8688
251,-1690.0754,1253.3184,412.8402,2656.4404,1310.1269,-1746.8839,-1690.0754,1253.3184
252,-603.0572,1246.2074,251.9369,1690.7578,1279.9159,-636.7657,-603.0572,1246.2074
253,-107.3538,924.1481,-226.6975,1057.8093,971.7716,-154.9773,-107.3538,924.1481
254,-569.6075,761.7026,-370.5517,1323.0422,857.8908,-665.7957,-569.6075,761.7026
255,39.0260,70.6441,-179.0597,316.1388,234.5912,-124.9212,39.0260,70.6441
256,755.8299,1335.0931,1.1101,1159.5917,1335.0952,755.8277,755.8299,1335.0931
257,655.0910,1310.2483,-3.5869,1134.7253,1310.2679,655.0713,655.0910,1310.2483
258,572.2000,1301.7988,27.4912,1131.1371,1302.8332,571.1656,572.2000,1301.7988
259,524.9814,1128.0283,90.4143,990.1433,1141.2923,511.7174,524.9814,1128.0283
260,305.5282,1258.1130,94.1731,1148.2214,1267.3337,296.3074,305.5282,1258.1130
261,661.8204,1212.3544,11.2746,1051.5845,1212.5852,661.5896,661.8204,1212.3544
262,591.0345,1221.2252,-22.1187,1058.4868,1222.0006,590.2591,591.0345,1221.2252
263,396.6526,1093.4717,-143.3104,990.4034,1121.7943,368.3300,396.6526,1093.4717
264,676.9495,1257.1093,-18.9178,1090.2562,1257.7255,676.3333,676.9495,1257.1093
265,748.4756,1299.7749,2.3418,1129.9545,1299.7849,748.4656,748.4756,1299.7749
266,-194.4439,1288.0567,-181.3004,1430.3716,1309.9066,-216.2938,-194.4439,1288.0567
267,167.1645,1073.4185,-149.1720,1033.1943,1097.3411,143.2419,167.1645,1073.4185
268,75.8356,1239.0879,-50.3013,1206.1151,1241.2590,73.6645,75.8356,1239.0879
269,-289.3998,1241.2004,-70.7113,1413.6951,1244.4602,-292.6596,-289.3998,1241.2004
270,196.1690,1193.6321,-114.0764,1126.1112,1206.5123,183.2888,196.1690,1193.6321
271,-80.0416,1171.2631,-130.7721,1234.2276,1184.7838,-93.5624,-80.0416,1171.2631
272,235.9137,980.2041,-91.7223,900.2504,991.3408,224.7770,235.9137,980.2041
273,14.9234,696.3055,-310.4205,873.9311,816.5171,-105.2883,14.9234,696.3055
274,-149.3114,792.7993,304.2138,1023.1503,882.4927,-239.0048,-149.3114,792.7993
275,-163.8053,1195.1951,-28.6073,1285.9074,1195.7970,-164.4072,-163.8053,1195.1951
276,146.1547,1290.1128,19.8963,1224.0848,1290.4587,145.8088,146.1547,1290.1128
277,388.4159,1125.7529,77.1709,999.3959,1133.7431,380.4257,388.4159,1125.7529
278,-131.8803,1169.8598,-86.7275,1250.1243,1175.6125,-137.6331,-131.8803,1169.8598
279,-111.9026,1102.0319,-112.4835,1178.2505,1112.3666,-122.2374,-111.9026,1102.0319
280,116.8815,1230.3339,103.6895,1189.8882,1239.9076,107.3078,116.8815,1230.3339
281,-63.8975,944.8980,100.3781,993.7400,954.7890,-73.7885,-63.8975,944.8980
282,326.1875,995.9384,-39.5457,882.1114,998.2654,323.8606,326.1875,995.9384
283,537.4275,1093.5933,-24.9172,948.1087,1094.7074,536.3134,537.4275,1093.5933
284,-836.4955,586.6201,-746.1415,1790.1772,906.1014,-1155.9769,-836.4955,586.6201
285,-791.0674,762.6633,-461.4414,1565.1024,889.3731,-917.7771,-791.0674,762.6633
286,-655.4921,1098.9339,-281.6447,1611.0988,1143.0387,-699.5968,-655.4921,1098.9339
287,-470.9050,1081.7180,-82.4882,1386.2412,1086.0881,-475.2752,-470.9050,1081.7180
288,710.7627,1309.2871,-2.9326,1135.2752,1309.3015,710.7484,710.7627,1309.2871
289,467.6028,1312.9574,-4.2327,1152.6581,1312.9786,467.5817,467.6028,1312.9574
290,-293.9900,889.1637,173.0807,1108.2952,913.9635,-318.7897,-293.9900,889.1637
291,-565.4044,1218.8260,103.5127,1589.4946,1224.8112,-571.3896,-565.4044,1218.8260
292,-1534.4993,1214.1311,546.2814,2566.5455,1318.7228,-1639.0910,-1534.4993,1214.1311
293,261.6933,1173.0934,-29.6108,1067.8348,1174.0544,260.7323,261.6933,1173.0934
294,48.7010,1175.0017,-41.2645,1153.6400,1176.5114,47.1912,48.7010,1175.0017
295,161.7298,1010.9697,220.1804,1014.9634,1064.6609,108.0386,161.7298,1010.9697
296,-243.9018,799.3807,412.7346,1185.1234,942.9157,-387.4368,-243.9018,799.3807
297,-1846.6883,1265.9539,40.8515,2712.1441,1266.4899,-1847.2244,-1846.6883,1265.9539
298,-498.7731,1219.0327,85.0813,1537.7101,1223.2364,-502.9768,-498.7731,1219.0327
299,-169.5167,986.1610,224.8621,1148.9600,1028.3711,-211.7268,-169.5167,986.1610
300,403.5387,1012.1161,108.3007,902.2093,1030.8145,384.8404,403.5387,1012.1161
301,-238.6769,604.3582,22.4405,753.6395,604.9551,-239.2738,-238.6769,604.3582
302,393.8324,964.8069,22.1500,841.1040,965.6649,392.9744,393.8324,964.8069
303,132.0205,799.6843,48.5047,747.2669,803.1897,128.5151,132.0205,799.6843
304,-376.2577,1269.1260,-23.8611,1493.8130,1269.4720,-376.6037,-376.2577,1269.1260
305,-282.1011,1051.7691,68.2542,1223.3071,1055.2525,-285.5846,-282.1011,1051.7691
306,-1200.6467,844.4417,-712.2445,2165.7302,1068.0472,-1424.2521,-1200.6467,844.4417
307,-7.9693,722.0331,292.2621,885.0993,824.6247,-110.5609,-7.9693,722.0331
308,-691.4945,892.2967,203.8846,1419.8884,918.1221,-717.3199,-691.4945,892.2967
309,-406.8879,1166.7363,410.2366,1583.1754,1267.2614,-507.4130,-406.8879,1166.7363
310,-272.0820,1181.5849,-185.7125,1376.6361,1204.9354,-295.4325,-272.0820,1181.5849
311,-428.5142,1062.2187,-356.6650,1465.8576,1143.1579,-509.4534,-428.5142,1062.2187
312,-437.7608,831.1321,-411.5088,1324.4888,952.9011,-559.5298,-437.7608,831.1321
313,230.0988,929.1988,191.8174,901.6263,978.3706,180.9269,230.0988,929.1988
314,421.6530,1050.0830,62.7784,921.6932,1056.2931,415.4430,421.6530,1050.0830
315,-46.1070,947.0164,63.7590,977.1518,951.0930,-50.1837,-46.1070,947.0164
316,-310.5223,857.0405,257.4147,1138.3583,911.2740,-364.7558,-310.5223,857.0405
317,-312.7951,895.4575,-238.4713,1162.0609,940.8212,-358.1587,-312.7951,895.4575
318,-114.3351,103.5883,-310.2174,569.5185,323.4236,-334.1704,-114.3351,103.5883
319,45.9648,1187.7063,166.0036,1200.3491,1211.3527,22.3185,45.9648,1187.7063
320,580.2002,1178.5270,49.9443,1024.3339,1182.6674,576.0598,580.2002,1178.5270
321,600.3065,1133.4213,15.6608,982.5209,1133.8810,599.8469,600.3065,1133.4213
322,716.7573,1257.8187,-1.4622,1092.8424,1257.8227,716.7533,716.7573,1257.8187
323,573.5277,1311.1598,21.3897,1139.0610,1311.7795,572.9080,573.5277,1311.1598
324,456.5393,1328.5120,-2.0498,1169.1308,1328.5168,456.5345,456.5393,1328.5120
325,247.4604,1307.7814,-18.9911,1203.7386,1308.1214,247.1203,247.4604,1307.7814
326,422.0792,1236.5241,44.7755,1091.4422,1238.9783,419.6250,422.0792,1236.5241
327,438.5522,1227.2949,-64.0671,1082.8951,1232.4650,433.3821,438.5522,1227.2949
328,619.1879,1265.5265,-53.7814,1100.0134,1269.9710,614.7434,619.1879,1265.5265
329,617.0991,1321.5075,-14.9066,1145.5823,1321.8228,616.7838,617.0991,1321.5075
330,263.1997,1130.6941,-99.4670,1039.1467,1141.9529,251.9409,263.1997,1130.6941
331,390.3427,1010.9421,-128.4333,910.6277,1036.4713,364.8136,390.3427,1010.9421
332,668.3542,1322.8321,15.0457,1145.9235,1323.1778,668.0085,668.3542,1322.8321
333,601.3205,1330.9210,0.3499,1154.3948,1330.9212,601.3203,601.3205,1330.9210
334,387.5835,1172.0832,-107.4774,1050.8920,1186.5413,373.1255,387.5835,1172.0832
335,35.5982,1014.2188,-241.5887,1081.1559,1070.6096,-20.7926,35.5982,1014.2188
336,680.5339,1301.2467,-25.2927,1128.1605,1302.2756,679.5050,680.5339,1301.2467
337,598.2190,1265.1588,-48.1292,1099.3635,1268.6141,594.7637,598.2190,1265.1588
338,-254.5990,1048.5264,-259.2359,1277.8074,1098.2035,-304.2761,-254.5990,1048.5264
339,-1280.4685,914.4603,-381.1447,2020.5417,978.7616,-1344.7698,-1280.4685,914.4603
340,-209.3030,1243.7206,50.4432,1363.3036,1245.4696,-211.0521,-209.3030,1243.7206
341,-18.7972,1169.9353,111.0335,1195.0225,1180.2175,-29.0793,-18.7972,1169.9353
342,-90.5423,1203.0937,-8.4982,1250.9116,1203.1495,-90.5982,-90.5423,1203.0937
343,-342.1758,1222.5289,-84.5630,1432.2827,1227.0857,-346.7327,-342.1758,1222.5289
344,-528.2174,1254.1098,-82.2707,1592.0280,1257.8993,-532.0069,-528.2174,1254.1098
345,-194.9119,1067.8737,-87.5115,1187.2072,1073.9094,-200.9476,-194.9119,1067.8737
346,-244.9460,1273.2336,-180.2035,1445.8270,1294.3301,-266.0424,-244.9460,1273.2336
347,-215.7814,1184.6751,-186.6979,1345.4426,1209.1369,-240.2432,-215.7814,1184.6751
348,-308.1977,1221.1071,94.1987,1410.3371,1226.8874,-313.9780,-308.1977,1221.1071
349,-108.9297,1187.8795,131.7522,1266.6470,1201.1298,-122.1800,-108.9297,1187.8795
350,442.7572,1088.6283,39.1347,950.6535,1090.9909,440.3946,442.7572,1088.6283
351,257.0682,931.7836,190.8126,896.6611,982.0077,206.8441,257.0682,931.7836
352,-195.3676,874.4978,90.9229,999.2819,882.1699,-203.0397,-195.3676,874.4978
353,-90.6663,1174.4928,-159.0618,1253.0134,1194.1844,-110.3578,-90.6663,1174.4928
354,-126.0508,861.8716,102.6665,948.1415,872.4281,-136.6073,-126.0508,861.8716
355,-305.6231,1104.0184,-45.1339,1286.7738,1105.4620,-307.0667,-305.6231,1104.0184
356,-419.0900,1111.1997,-148.3794,1393.6080,1125.4541,-433.3443,-419.0900,1111.1997
357,-742.4897,1201.0208,10.1096,1698.7626,1201.0734,-742.5423,-742.4897,1201.0208
358,-555.2365,1239.2439,-128.6096,1606.7693,1248.4144,-564.4070,-555.2365,1239.2439
359,-221.1427,228.9967,526.7030,992.0850,576.7031,-568.8490,-221.1427,228.9967
360,-606.0223,448.3989,699.8758,1519.7179,797.4172,-955.0406,-606.0223,448.3989
361,-393.0406,904.1831,-275.3088,1246.9136,960.1934,-449.0509,-393.0406,904.1831
362,384.1676,1006.9214,9.2980,880.2887,1007.0602,384.0288,384.1676,1006.9214
363,194.9312,806.4287,-152.7448,775.3194,842.4595,158.9004,194.9312,806.4287
364,-117.5275,921.1942,229.9634,1062.6978,969.8288,-166.1621,-117.5275,921.1942
365,313.6026,960.1652,23.1136,848.9736,960.9904,312.7774,313.6026,960.1652
366,271.9753,922.7145,101.8062,839.9467,938.2699,256.4199,271.9753,922.7145
367,-116.5539,1056.0616,81.9926,1127.8773,1061.7670,-122.2593,-116.5539,1056.0616
368,-133.9662,1251.7568,131.0094,1343.1401,1264.0339,-146.2433,-133.9662,1251.7568
369,-476.9684,1218.1365,214.1855,1558.8439,1244.7812,-503.6131,-476.9684,1218.1365
370,670.0270,1271.8048,12.2668,1102.1486,1272.0548,669.7770,670.0270,1271.8048
371,733.3956,1313.3141,-10.7998,1140.1027,1313.5152,733.1945,733.3956,1313.3141
372,-460.5552,1047.3124,-119.8496,1354.4045,1056.7790,-470.0218,-460.5552,1047.3124
373,-1811.8436,1059.2031,-272.5459,2558.6408,1084.8467,-1837.4871,-1811.8436,1059.2031
374,-458.2162,812.4165,327.0003,1250.2130,891.6322,-537.4319,-458.2162,812.4165
375,251.6559,1190.8613,-78.3701,1095.5454,1197.3558,245.1613,251.6559,1190.8613
376,-281.2364,1247.2759,-220.9390,1460.1413,1278.5709,-312.5313,-281.2364,1247.2759
377,-184.8322,172.8324,-448.3478,836.0778,476.6975,-488.6972,-184.8322,172.8324
378,156.4165,645.7504,-224.4778,701.1594,733.1259,69.0410,156.4165,645.7504
379,-598.8721,1008.0898,15.4940,1406.8866,1008.2392,-599.0214,-598.8721,1008.0898
380,-183.2764,1032.7091,214.6644,1194.8188,1069.4923,-220.0596,-183.2764,1032.7091
381,-513.3627,862.5383,-257.0525,1283.9535,908.9936,-559.8180,-513.3627,862.5383
382,-477.9450,821.2419,-251.7364,1218.8075,868.3140,-525.0171,-477.9450,821.2419
383,-1152.3051,833.3268,728.0760,2138.4039,1071.6803,-1390.6586,-1152.3051,833.3268
384,343.2559,930.8313,-153.3645,857.5081,968.4526,305.6347,343.2559,930.8313
385,550.6643,1131.6035,4.1938,980.1412,1131.6338,550.6341,550.6643,1131.6035
386,-221.2995,1179.9479,-159.7173,1333.7546,1197.9223,-239.2739,-221.2995,1179.9479
387,-377.9606,1214.4724,37.6820,1442.5948,1215.3635,-378.8518,-377.9606,1214.4724
388,-366.6150,1265.3746,-26.4857,1483.7754,1265.8044,-367.0447,-366.6150,1265.3746
389,-32.2670,894.7246,206.2214,978.7876,938.5311,-76.0735,-32.2670,894.7246
390,668.2810,1253.1949,-14.2079,1086.3775,1253.5398,667.9361,668.2810,1253.1949
391,731.5815,1288.4172,-22.2394,1119.8803,1289.3040,730.6947,731.5815,1288.4172
392,236.9366,1129.9615,53.9729,1036.3213,1133.2117,233.6864,236.9366,1129.9615
393,63.9975,1235.1317,73.2781,1211.0780,1239.6989,59.4303,63.9975,1235.1317
394,118.0919,1173.8932,72.4093,1126.5314,1178.8361,113.1490,118.0919,1173.8932
395,-37.4458,1000.0301,164.0655,1058.1407,1025.3570,-62.7727,-37.4458,1000.0301
396,570.5833,1206.6559,41.9980,1048.0351,1209.4169,567.8223,570.5833,1206.6559
397,574.5882,1187.9022,21.9874,1029.6402,1188.6895,573.8010,574.5882,1187.9022
398,443.1089,1188.7653,61.7852,1046.0440,1193.8501,438.0240,443.1089,1188.7653
399,639.6100,1183.1300,36.5867,1027.7021,1185.5818,637.1583,639.6100,1183.1300
400,92.7397,954.5669,-127.2281,937.9943,972.9567,74.3499,92.7397,954.5669
401,-59.1151,1016.4090,-167.4999,1086.6626,1041.8914,-84.5974,-59.1151,1016.4090
402,471.8854,1308.2855,-39.6732,1149.6294,1310.1631,470.0078,471.8854,1308.2855
403,147.5985,1215.9046,-87.2641,1159.1328,1222.9858,140.5173,147.5985,1215.9046
404,548.9309,1187.9448,-83.2916,1039.8321,1198.6229,538.2528,548.9309,1187.9448
405,689.6300,1323.8395,-7.9649,1146.8964,1323.9395,689.5300,689.6300,1323.8395
406,562.4958,1267.1418,22.4558,1100.3639,1267.8567,561.7809,562.4958,1267.1418
407,757.3699,1330.3208,-3.7542,1155.7941,1330.3454,757.3453,757.3699,1330.3208
408,670.1339,1329.5977,9.3451,1151.5915,1329.7301,670.0015,670.1339,1329.5977
409,441.7432,1282.8447,5.4351,1128.8172,1282.8798,441.7081,441.7432,1282.8447
410,286.4143,1215.2779,24.0347,1101.1782,1215.8994,285.7928,286.4143,1215.2779
411,475.8253,1286.5416,-30.1605,1127.9002,1287.6621,474.7048,475.8253,1286.5416
412,590.4593,1252.9486,-38.9264,1087.7744,1255.2280,588.1800,590.4593,1252.9486
413,269.0034,1252.1894,-76.6171,1149.3948,1258.1241,263.0686,269.0034,1252.1894
414,9.4492,1249.3011,-116.2989,1260.7989,1260.1157,-1.3654,9.4492,1249.3011
415,-429.0417,1010.4730,-377.0522,1437.0709,1103.2543,-521.8230,-429.0417,1010.4730
416,-28.6928,1095.4961,-140.9326,1136.6414,1112.8946,-46.0913,-28.6928,1095.4961
417,506.6125,1186.1146,-46.6676,1034.0005,1189.3047,503.4224,506.6125,1186.1146
418,-111.3329,725.4405,-372.9864,1018.2244,867.5592,-253.4516,-111.3329,725.4405
419,152.9736,907.8820,-222.8228,926.1310,968.7447,92.1109,152.9736,907.8820
420,-245.0686,1137.4857,-146.0752,1302.5775,1152.7509,-260.3338,-245.0686,1137.4857
421,-517.5217,1244.5289,-120.8820,1582.5893,1252.7831,-525.7759,-517.5217,1244.5289
422,-179.3616,1011.1675,287.9976,1218.5331,1077.1763,-245.3705,-179.3616,1011.1675
423,-352.7223,939.0030,401.8093,1349.7034,1053.7909,-467.5102,-352.7223,939.0030
424,-476.2495,1061.4365,-86.1998,1371.5907,1066.2537,-481.0666,-476.2495,1061.4365
425,-334.3810,1280.9917,-85.0979,1484.1882,1285.4623,-338.8516,-334.3810,1280.9917
426,-324.7550,1162.5115,-275.2196,1435.8509,1211.8071,-374.0507,-324.7550,1162.5115
427,-164.8628,1253.7299,-187.6475,1382.5146,1278.1317,-189.2646,-164.8628,1253.7299
428,-237.6630,999.1100,-87.4501,1146.7774,1005.2628,-243.8158,-237.6630,999.1100
429,278.2429,918.3256,-40.0192,818.5524,920.8180,275.7506,278.2429,918.3256
430,351.2463,1094.5553,-71.2828,975.8127,1101.3295,344.4720,351.2463,1094.5553
431,-234.6761,1135.4471,-108.8696,1283.0951,1144.0439,-243.2729,-234.6761,1135.4471
432,-176.7167,1269.6881,-189.1076,1405.3457,1294.0038,-201.0324,-176.7167,1269.6881
433,-266.6972,989.9457,241.1903,1220.5138,1034.6477,-311.3992,-266.6972,989.9457
434,-253.4986,1223.0059,247.8515,1433.2921,1263.5005,-293.9933,-253.4986,1223.0059
435,-551.9610,1093.4250,96.4729,1460.0302,1099.0621,-557.5981,-551.9610,1093.4250
436,-362.4013,1122.6437,54.6879,1344.4268,1124.6549,-364.4125,-362.4013,1122.6437
437,83.7915,847.4661,281.4779,944.4040,940.0016,-8.7440,83.7915,847.4661
438,328.4684,935.3781,82.6298,834.3048,946.4268,317.4197,328.4684,935.3781
439,247.2119,848.2057,158.2331,803.7370,887.3205,208.0971,247.2119,848.2057
440,713.7304,1328.0186,-8.8221,1151.2735,1328.1452,713.6037,713.7304,1328.0186
441,742.6854,1319.4878,4.3637,1145.7410,1319.5208,742.6524,742.6854,1319.4878
442,-273.6297,1288.3096,53.7688,1447.6905,1290.1583,-275.4784,-273.6297,1288.3096
443,-60.3203,1285.0919,23.5682,1316.9219,1285.5046,-60.7330,-60.3203,1285.0919
444,228.4929,1301.3739,17.3148,1203.8803,1301.6533,228.2135,228.4929,1301.3739
445,52.2322,1333.8240,-16.6888,1308.8093,1334.0413,52.0149,52.2322,1333.8240
446,-157.1800,1271.7828,109.5660,1370.4197,1280.1350,-165.5322,-157.1800,1271.7828
447,-171.2694,894.2426,51.7201,995.0801,896.7472,-173.7740,-171.2694,894.2426
448,-88.0384,1073.6529,-124.0217,1140.6788,1086.7459,-101.1313,-88.0384,1073.6529
449,-239.1145,947.5942,218.9793,1151.3252,986.7122,-278.2325,-239.1145,947.5942
450,173.1824,847.6038,197.6503,847.8391,901.2597,119.5265,173.1824,847.6038
451,-640.9425,1179.9782,101.2125,1609.4054,1185.5866,-646.5509,-640.9425,1179.9782
452,-395.8283,1167.4116,-33.2760,1408.8813,1168.1196,-396.5363,-395.8283,1167.4116
453,-117.2684,1188.3243,-175.9062,1287.6522,1211.6093,-140.5534,-117.2684,1188.3243
454,-435.5981,1131.0584,337.3124,1517.5852,1200.5976,-505.1373,-435.5981,1131.0584
455,105.0607,1178.3878,149.2849,1158.7455,1198.7644,84.6841,105.0607,1178.3878
456,95.7146,1060.6150,162.5641,1054.4337,1087.2672,69.0623,95.7146,1060.6150
457,-1910.7173,1054.1032,98.8708,2608.7149,1057.3966,-1914.0108,-1910.7173,1054.1032
458,-620.1606,1086.0860,-38.7770,1497.4113,1086.9668,-621.0414,-620.1606,1086.0860
459,-231.7064,1149.7872,-9.6593,1281.5581,1149.8547,-231.7739,-231.7064,1149.7872
460,-594.6655,1220.1128,110.7432,1613.8939,1226.8457,-601.3984,-594.6655,1220.1128
461,-524.5088,1268.2082,185.4301,1628.4351,1287.1873,-543.4879,-524.5088,1268.2082
462,-57.0523,590.4389,-60.5354,629.7242,596.0498,-62.6633,-57.0523,590.4389
463,-648.8353,937.6924,-405.0794,1549.4935,1035.1343,-746.2773,-648.8353,937.6924
464,-649.4559,965.8208,-56.2185,1411.1493,967.7751,-651.4102,-649.4559,965.8208
465,-340.1204,885.5010,-320.9184,1228.7948,964.4457,-419.0651,-340.1204,885.5010
466,405.4882,1058.9161,133.5234,953.8509,1085.1476,379.2567,405.4882,1058.9161
467,245.0643,1002.4212,202.8826,970.9435,1053.3458,194.1398,245.0643,1002.4212
468,-608.1819,1044.6198,-0.7958,1447.9076,1044.6202,-608.1823,-608.1819,1044.6198
469,-432.9336,1024.3789,42.5687,1298.3481,1025.6213,-434.1760,-432.9336,1024.3789
470,-1582.4965,1028.7242,-526.9377,2454.2842,1131.0491,-1684.8214,-1582.4965,1028.7242
471,-513.3738,1065.1922,-147.5892,1417.8775,1078.8726,-527.0542,-513.3738,1065.1922
472,-99.7100,986.9154,165.1183,1078.9539,1011.4519,-124.2466,-99.7100,986.9154
473,-178.4063,976.0729,161.1823,1112.0359,998.1540,-200.4874,-178.4063,976.0729
474,591.4452,1249.3413,30.9149,1083.7949,1250.7908,589.9957,591.4452,1249.3413
475,729.1204,1314.5551,-4.1344,1140.7252,1314.5843,729.0912,729.1204,1314.5551
476,593.7702,1307.4557,2.1322,1133.8822,1307.4621,593.7638,593.7702,1307.4557
477,248.4918,1286.4030,49.4573,1185.0140,1288.7543,246.1404,248.4918,1286.4030
478,445.7120,1160.6219,48.0546,1017.5102,1163.8375,442.4963,445.7120,1160.6219
479,579.3788,1232.2168,30.1449,1069.0388,1233.6058,577.9898,579.3788,1232.2168
480,582.8225,1204.7670,-41.7861,1046.0490,1207.5619,580.0276,582.8225,1204.7670
481,611.7740,1187.9830,-47.7455,1032.2950,1191.9125,607.8445,611.7740,1187.9830
482,412.3328,1129.5974,-64.2733,996.3090,1135.3113,406.6189,412.3328,1129.5974
483,601.9479,1312.5853,-12.1609,1138.2254,1312.7933,601.7399,601.9479,1312.5853
484,755.4355,1322.1040,-0.2699,1148.8593,1322.1041,755.4353,755.4355,1322.1040
485,477.6051,1115.1337,-9.5661,969.1805,1115.2772,477.4616,477.6051,1115.1337
486,680.0014,1230.6888,-10.1276,1067.9112,1230.8750,679.8152,680.0014,1230.6888
487,314.9980,1310.0221,25.2848,1185.1773,1310.6642,314.3559,314.9980,1310.0221
488,149.3203,1262.8181,90.7211,1205.4595,1270.1610,141.9773,149.3203,1262.8181
489,111.3706,1107.0152,-147.8278,1086.3500,1128.5002,89.8856,111.3706,1107.0152
490,204.0219,1078.2357,-107.2326,1009.3215,1091.1969,191.0607,204.0219,1078.2357
491,627.5168,1317.5692,-22.8211,1142.1609,1318.3231,626.7629,627.5168,1317.5692
492,746.6341,1336.1026,-6.3804,1159.8168,1336.1716,746.5650,746.6341,1336.1026
493,-147.0417,1222.6104,171.5995,1335.8561,1243.7823,-168.2137,-147.0417,1222.6104
494,-71.7777,1199.5190,159.2689,1267.3580,1219.1686,-91.4273,-71.7777,1199.5190
495,4.3778,1251.9583,-135.2934,1271.5545,1266.4615,-10.1254,4.3778,1251.9583
496,252.1226,1283.5589,-12.3105,1178.1043,1283.7058,251.9757,252.1226,1283.5589
497,701.4002,1233.2348,7.4082,1071.4494,1233.3380,701.2971,701.4002,1233.2348
498,-160.9605,1089.6034,72.4749,1185.0252,1093.7896,-165.1467,-160.9605,1089.6034
499,-120.2701,1204.3971,-17.3192,1269.1691,1204.6235,-120.4965,-120.2701,1204.3971
500,17.7180,1101.2954,-78.3443,1100.9388,1106.9305,12.0829,17.7180,1101.2954
501,5.9889,1233.3942,-120.9328,1248.1124,1245.1959,-5.8128,5.9889,1233.3942
502,486.6617,1047.1845,-35.9452,909.7728,1049.4802,484.3660,486.6617,1047.1845
503,333.1719,904.6440,-60.3130,799.3092,910.9400,326.8759,333.1719,904.6440
504,-220.6473,1243.2526,94.1456,1376.6890,1249.2824,-226.6771,-220.6473,1243.2526
505,-281.2993,1075.1610,59.0932,1244.1939,1077.7305,-283.8688,-281.2993,1075.1610
506,219.9269,1246.8843,78.6735,1160.7900,1252.8764,213.9348,219.9269,1246.8843
507,-134.3983,1251.1624,138.9689,1345.1994,1264.9632,-148.1992,-134.3983,1251.1624
508,-363.9084,1088.1862,-146.6397,1333.0748,1102.8466,-378.5688,-363.9084,1088.1862
509,17.2059,1246.1477,160.3123,1268.4003,1266.7158,-3.3622,17.2059,1246.1477
510,-135.7962,1308.7064,137.5117,1401.9982,1321.6805,-148.7703,-135.7962,1308.7064
511,609.8772,1276.6371,-13.7157,1106.2210,1276.9191,609.5952,609.8772,1276.6371
512,607.7608,1289.5668,-13.7023,1117.6632,1289.8421,607.4856,607.7608,1289.5668
513,550.6272,1119.8698,37.6150,972.0662,1122.3446,548.1524,550.6272,1119.8698
514,316.6885,1094.2635,136.3145,1003.4483,1117.4679,293.4841,316.6885,1094.2635
515,159.2800,1031.0932,-130.4989,987.6137,1050.2081,140.1651,159.2800,1031.0932
516,-211.2053,947.4771,-260.5325,1160.2001,1003.3629,-267.0912,-211.2053,947.4771
517,-165.5371,1220.9161,253.4922,1383.0837,1265.8097,-210.4307,-165.5371,1220.9161
518,266.9267,828.7416,7.0890,732.8029,828.8311,266.8373,266.9267,828.7416
519,-104.1471,628.6038,207.2764,774.8207,683.1731,-158.7164,-104.1471,628.6038
520,361.7305,1072.0414,151.5056,980.4047,1103.0068,330.7651,361.7305,1072.0414
521,71.3334,943.1152,135.9818,939.5490,963.8335,50.6151,71.3334,943.1152
522,60.3137,1081.3570,123.0728,1073.8672,1095.9823,45.6885,60.3137,1081.3570
523,-215.3320,892.9165,192.9934,1071.2985,925.5631,-247.9787,-215.3320,892.9165
524,-227.0044,1153.9283,-179.8198,1319.8612,1176.9596,-250.0357,-227.0044,1153.9283
525,-25.3371,1165.1070,-123.1277,1197.1291,1177.7087,-37.9388,-25.3371,1165.1070
526,132.0532,934.3500,153.4235,915.2488,962.6883,103.7149,132.0532,934.3500
527,-95.6934,747.3325,215.6519,882.4370,799.2949,-147.6558,-95.6934,747.3325
528,-453.5326,963.2485,-168.2782,1286.6067,982.9614,-473.2456,-453.5326,963.2485
529,-1586.1764,951.6822,-524.5545,2399.3046,1055.8294,-1690.3235,-1586.1764,951.6822
530,-196.9049,1230.3524,-49.8940,1342.4863,1232.0945,-198.6470,-196.9049,1230.3524
531,-288.4607,1185.2011,-8.0160,1352.7704,1185.2447,-288.5043,-288.4607,1185.2011
532,-262.4364,1244.8720,-19.8488,1395.1562,1245.1333,-262.6977,-262.4364,1244.8720
533,-490.0479,1188.8178,-124.5694,1510.8160,1198.0104,-499.2404,-490.0479,1188.8178
534,420.8212,1204.5498,-37.8667,1060.8639,1206.3751,418.9959,420.8212,1204.5498
535,565.5517,1245.6183,-25.5686,1081.1630,1246.5783,564.5918,565.5517,1245.6183
536,495.8800,1118.9241,32.1298,972.6937,1120.5767,494.2274,495.8800,1118.9241
537,439.8464,1105.0385,82.2820,974.0835,1115.0654,429.8196,439.8464,1105.0385
538,-188.7461,625.8109,-235.8776,843.9778,689.1852,-252.1203,-188.7461,625.8109
539,92.1829,818.9523,-128.9518,808.4385,841.1542,69.9810,92.1829,818.9523
540,-339.1551,302.2811,-609.2519,1192.6793,670.0744,-706.9485,-339.1551,302.2811
541,-133.9007,840.0359,-218.0052,989.2673,886.6071,-180.4719,-133.9007,840.0359
542,-562.6655,722.9950,304.0889,1234.3131,791.2912,-630.9617,-562.6655,722.9950
543,491.0296,1083.1686,-73.8744,948.0869,1092.2459,481.9523,491.0296,1083.1686
544,459.7992,1168.7754,-55.7286,1024.3858,1173.1291,455.4454,459.7992,1168.7754
545,665.5859,1285.5918,0.5319,1113.5888,1285.5923,665.5854,665.5859,1285.5918
546,405.7096,1252.3803,21.6424,1107.4110,1252.9331,405.1567,405.7096,1252.3803
547,79.5462,1254.6670,120.9036,1234.7331,1266.9773,67.2359,79.5462,1254.6670
548,755.6747,1334.6149,-5.2632,1159.2194,1334.6628,755.6268,755.6747,1334.6149
549,754.0576,1314.2592,-0.9865,1142.3029,1314.2609,754.0558,754.0576,1314.2592
550,697.4343,1222.6651,-2.6916,1062.3642,1222.6789,697.4205,697.4343,1222.6651
551,609.6573,1217.3947,-20.5242,1054.8944,1218.0871,608.9650,609.6573,1217.3947
552,418.0563,1294.9478,39.3528,1146.7108,1296.7103,416.2938,418.0563,1294.9478
553,652.6118,1296.7196,3.5680,1123.0171,1296.7393,652.5920,652.6118,1296.7196
554,725.4277,1268.0895,-1.9462,1101.9984,1268.0964,725.4208,725.4277,1268.0895
555,298.1409,1319.7121,13.3349,1199.0002,1319.8862,297.9669,298.1409,1319.7121
556,453.4162,1308.3840,22.9116,1151.4284,1308.9976,452.8027,453.4162,1308.3840
557,45.5405,1241.4737,120.6236,1237.1110,1253.5186,33.4955,45.5405,1241.4737
558,225.7847,1264.3042,82.0917,1176.5205,1270.7533,219.3356,225.7847,1264.3042
559,454.2384,1237.8539,49.7719,1088.0100,1241.0026,451.0898,454.2384,1237.8539
560,581.2745,1274.4525,27.6046,1106.1594,1275.5501,580.1769,581.2745,1274.4525
561,717.2948,1329.5998,-13.9624,1152.9168,1329.9180,716.9766,717.2948,1329.5998
562,619.8982,1316.4790,-8.8767,1140.8524,1316.5921,619.7851,619.8982,1316.4790
563,-92.3126,1302.0881,-57.7886,1354.3164,1304.4790,-94.7035,-92.3126,1302.0881
564,-146.0881,1107.7876,56.7861,1191.6559,1110.3541,-148.6546,-146.0881,1107.7876
565,448.6437,1097.8952,-32.3482,957.7215,1099.5030,447.0360,448.6437,1097.8952
566,343.5875,1152.9426,-87.0125,1036.2943,1162.1914,334.3386,343.5875,1152.9426
567,565.4944,1219.1301,-35.9113,1058.5461,1221.0972,563.5273,565.4944,1219.1301
568,357.4998,1193.1134,-82.8943,1070.2347,1201.2573,349.3559,357.4998,1193.1134
569,-243.9898,912.2244,-223.4580,1124.3034,953.9086,-285.6740,-243.9898,912.2244
570,-202.4071,1088.5274,-105.7062,1216.4324,1097.1258,-211.0054,-202.4071,1088.5274
571,449.6266,1191.3510,82.6683,1051.8176,1200.4530,440.5246,449.6266,1191.3510
572,148.9532,1070.7843,192.3696,1058.4364,1109.3177,110.4199,148.9532,1070.7843
573,-200.2559,655.7423,221.3302,865.0884,709.5837,-254.0974,-200.2559,655.7423
574,132.0582,696.7910,61.9184,649.9552,703.5001,125.3491,132.0582,696.7910
575,241.2162,1054.6888,71.0707,965.0383,1060.8514,235.0536,241.2162,1054.6888
576,111.2144,1180.5314,132.5296,1152.1386,1196.7121,95.0337,111.2144,1180.5314
577,468.2112,1265.7100,-13.0500,1108.6635,1265.9235,467.9977,468.2112,1265.7100
578,412.5179,1153.3429,-101.6463,1027.4202,1167.0364,398.8244,412.5179,1153.3429
579,-201.5051,1022.5431,-55.7854,1140.8691,1025.0803,-204.0422,-201.5051,1022.5431
580,37.1293,1070.7982,-170.6168,1093.4165,1098.2320,9.6955,37.1293,1070.7982
581,-24.1800,1223.6872,77.7765,1243.2745,1228.5162,-29.0090,-24.1800,1223.6872
582,271.7717,1281.3261,-14.6792,1169.6472,1281.5395,271.5583,271.7717,1281.3261
583,457.9000,1164.4735,78.0043,1025.0427,1172.9826,449.3910,457.9000,1164.4735
584,644.7761,1182.4522,20.4207,1026.0426,1183.2266,644.0017,644.7761,1182.4522
585,456.5086,1218.2562,-36.8563,1067.9321,1220.0353,454.7295,456.5086,1218.2562
586,54.3485,1218.6539,-84.6142,1201.3816,1224.7710,48.2314,54.3485,1218.6539
587,431.7393,1310.6539,9.4677,1156.9877,1310.7559,431.6374,431.7393,1310.6539
588,48.6251,1315.9044,-20.9827,1292.7891,1316.2518,48.2778,48.6251,1315.9044
589,-341.5441,672.9107,-388.5443,1119.0129,804.6249,-473.2583,-341.5441,672.9107
590,-312.3737,671.4683,-370.6709,1081.8441,795.4882,-436.3936,-312.3737,671.4683
591,-168.5295,859.3478,199.1668,1015.2382,896.5900,-205.7718,-168.5295,859.3478
592,445.5537,1129.2041,96.2908,999.1570,1142.5075,432.2502,445.5537,1129.2041
593,8.4339,951.3018,189.8195,1002.5554,988.0818,-28.3462,8.4339,951.3018
594,447.6245,1261.0630,-64.1774,1112.8887,1266.0953,442.5922,447.6245,1261.0630
595,681.9223,1260.1817,-17.9052,1093.0195,1260.7356,681.3684,681.9223,1260.1817
596,-234.3152,1238.0684,-100.6144,1381.3707,1244.9120,-241.1588,-234.3152,1238.0684
597,427.8186,1007.3803,8.1388,875.8233,1007.4946,427.7044,427.8186,1007.3803
598,298.4563,941.9957,50.4857,838.4115,945.9322,294.5198,298.4563,941.9957
599,198.2701,1044.9796,-211.7247,1028.8767,1094.9710,148.2787,198.2701,1044.9796
600,-23.5321,925.3421,-285.6465,1059.8909,1004.6960,-102.8860,-23.5321,925.3421
601,-920.6167,1145.9784,-250.9670,1845.1996,1176.0191,-950.6574,-920.6167,1145.9784
602,-380.9469,1317.8588,-123.8592,1558.8232,1326.8418,-389.9300,-380.9469,1317.8588
603,457.3802,998.1682,-28.3220,866.8336,999.6474,455.9010,457.3802,998.1682
604,464.5499,1029.9119,-78.0445,903.5223,1040.4876,453.9742,464.5499,1029.9119
605,-207.6790,1119.2092,87.2749,1245.4102,1124.9250,-213.3948,-207.6790,1119.2092
606,-254.7295,974.8018,91.5009,1135.1447,981.5739,-261.5016,-254.7295,974.8018
607,-286.8684,1147.0527,12.3295,1314.3563,1147.1587,-286.9744,-286.8684,1147.0527
608,-92.7310,1282.8983,70.8120,1337.3237,1286.5338,-96.3666,-92.7310,1282.8983
609,-188.0391,1185.2095,152.2544,1316.2409,1201.8877,-204.7172,-188.0391,1185.2095
610,721.8469,1326.5725,-12.5103,1150.5411,1326.8312,721.5882,721.8469,1326.5725
611,606.6765,1320.6220,17.1065,1145.3324,1321.0317,606.2669,606.6765,1320.6220
612,262.8383,650.3968,-119.6427,603.4019,684.3559,228.8792,262.8383,650.3968
613,673.6538,1301.1855,12.5063,1127.3038,1301.4346,673.4047,673.6538,1301.1855
614,669.7208,1232.8311,20.6208,1069.5894,1233.5852,668.9667,669.7208,1232.8311
615,263.9125,1248.5335,75.0649,1147.1209,1254.2234,258.2227,263.9125,1248.5335
616,89.6075,1272.5998,128.4078,1250.1884,1286.3774,75.8299,89.6075,1272.5998
617,566.5048,1121.5191,-0.7815,971.2820,1121.5202,566.5037,566.5048,1121.5191
618,595.3090,1131.1967,-20.0460,980.7103,1131.9455,594.5602,595.3090,1131.1967
619,727.5952,1309.0352,-7.6770,1136.0885,1309.1366,727.4938,727.5952,1309.0352
620,733.4633,1328.6013,-1.9829,1152.6844,1328.6079,733.4567,733.4633,1328.6013
621,657.0971,1252.7427,7.6291,1085.4224,1252.8404,656.9994,657.0971,1252.7427
622,667.1741,1249.9471,4.0978,1083.3315,1249.9760,667.1453,667.1741,1249.9471
623,678.5310,1331.4624,-13.6097,1153.3923,1331.7460,678.2475,678.5310,1331.4624
624,553.6837,1319.1492,20.3278,1147.8538,1319.6886,553.1443,553.6837,1319.1492
625,49.2838,1243.8335,126.1111,1239.3393,1257.0022,36.1152,49.2838,1243.8335
626,12.4660,1119.7143,38.8429,1115.5642,1121.0753,11.1051,12.4660,1119.7143
627,712.9478,1317.3397,-4.3321,1142.1647,1317.3707,712.9168,712.9478,1317.3397
628,752.6774,1333.1273,-3.1769,1157.7423,1333.1447,752.6600,752.6774,1333.1273
629,263.3023,1238.3053,73.2381,1137.0009,1243.7759,257.8317,263.3023,1238.3053
630,230.4798,1116.8898,63.2811,1027.2082,1121.3847,225.9850,230.4798,1116.8898
631,269.1118,1217.3390,-56.6184,1111.9137,1220.7077,265.7431,269.1118,1217.3390
632,260.8730,1266.1762,-65.2554,1163.4949,1270.3943,256.6549,260.8730,1266.1762
633,420.6475,1313.3884,7.5282,1161.7357,1313.4519,420.5840,420.6475,1313.3884
634,405.6162,1248.1462,35.1153,1104.4566,1249.6072,404.1552,405.6162,1248.1462
635,113.6126,1152.0372,-113.6115,1117.1098,1164.3218,101.3280,113.6126,1152.0372
636,423.3135,1142.1741,-124.9572,1023.2796,1163.2755,402.2121,423.3135,1142.1741
637,144.0068,699.1230,-95.3788,660.3966,715.0535,128.0762,144.0068,699.1230
638,641.3184,1184.1812,3.6232,1026.7310,1184.2054,641.2942,641.3184,1184.1812
639,551.5248,1166.2967,-24.7930,1011.4495,1167.2950,550.5265,551.5248,1166.2967
640,-111.0338,1312.4429,3.1103,1371.3458,1312.4497,-111.0406,-111.0338,1312.4429
641,-117.3107,1251.8153,-86.4394,1322.9021,1257.2511,-122.7465,-117.3107,1251.8153
642,301.0355,1066.8896,-158.9232,991.7025,1098.5584,269.3667,301.0355,1066.8896
643,478.5482,1147.5364,-109.3676,1016.1597,1164.9621,461.1224,478.5482,1147.5364
644,715.1466,1290.3323,2.3052,1119.6567,1290.3415,715.1374,715.1466,1290.3323
645,-68.5057,943.3096,-181.9520,1028.8186,975.0347,-100.2309,-68.5057,943.3096
646,-71.2473,1067.9930,-217.5608,1167.8078,1108.1267,-111.3811,-71.2473,1067.9930
647,-635.5713,1101.5598,76.6191,1528.1087,1104.9327,-638.9442,-635.5713,1101.5598
648,400.5224,1309.8907,-32.7777,1163.9650,1311.0706,399.3425,400.5224,1309.8907
649,90.6633,1302.3867,11.8794,1259.6728,1302.5031,90.5469,90.6633,1302.3867
650,-56.8813,462.0276,-5.0042,493.0120,462.0759,-56.9295,-56.8813,462.0276
651,230.0732,624.0058,-21.7236,547.8737,625.2001,228.8789,230.0732,624.0058
652,571.6374,1327.2819,17.2449,1153.5228,1327.6753,571.2441,571.6374,1327.2819
653,558.3528,1277.8611,11.1577,1109.7581,1278.0341,558.1799,558.3528,1277.8611
654,-108.6684,1221.2351,-24.6066,1279.7461,1221.6902,-109.1235,-108.6684,1221.2351
655,437.5773,1228.3016,-64.2391,1084.0211,1233.4864,432.3925,437.5773,1228.3016
656,556.1395,1290.9087,6.8335,1121.5842,1290.9723,556.0759,556.1395,1290.9087
657,431.6740,1254.4224,37.9115,1105.7705,1256.1657,429.9308,431.6740,1254.4224
658,312.0769,1279.1569,-61.3663,1160.0588,1283.0353,308.1984,312.0769,1279.1569
659,545.4217,1326.2461,-22.4227,1155.2309,1326.8895,544.7783,545.4217,1326.2461
660,755.2996,1337.0706,0.7262,1161.1839,1337.0715,755.2987,755.2996,1337.0706
661,743.9117,1326.3161,1.3852,1151.4611,1326.3194,743.9084,743.9117,1326.3161
662,380.1863,1050.1483,-37.2529,923.1817,1052.2134,378.1213,380.1863,1050.1483
663,468.0188,1119.9671,-104.4009,990.9091,1136.2775,451.7084,468.0188,1119.9671
664,736.9988,1289.7174,-0.4780,1120.7224,1289.7179,736.9984,736.9988,1289.7174
665,728.9952,1290.1425,-0.7962,1120.4445,1290.1436,728.9941,728.9952,1290.1425
666,662.5517,1268.1970,8.1943,1098.7510,1268.3078,662.4409,662.5517,1268.1970
667,724.6320,1272.3274,5.9008,1105.4609,1272.3909,724.5684,724.6320,1272.3274
668,5.4848,1147.0118,-117.0854,1162.1110,1158.8974,-6.4008,5.4848,1147.0118
669,-176.6341,1093.6227,-10.6860,1191.9412,1093.7126,-176.7240,-176.6341,1093.6227
670,-159.0695,212.9721,509.8096,940.3483,569.6387,-515.7360,-159.0695,212.9721
671,-36.1684,1202.0289,182.2172,1260.6611,1228.2877,-62.4272,-36.1684,1202.0289
672,-55.5934,1253.2162,117.4763,1297.9654,1263.6770,-66.0543,-55.5934,1253.2162
673,-61.4581,1103.0701,76.2060,1142.6965,1108.0358,-66.4238,-61.4581,1103.0701
674,-78.0284,1282.8223,27.3148,1324.4079,1283.3703,-78.5765,-78.0284,1282.8223
675,554.3518,1309.5878,23.4366,1139.2988,1310.3144,553.6252,554.3518,1309.5878
676,543.5968,1282.5777,13.3757,1115.2734,1282.8197,543.3548,543.5968,1282.5777
677,234.6354,1097.2009,173.5027,1044.8785,1130.7923,201.0440,234.6354,1097.2009
678,290.3894,1178.9352,105.5305,1079.4786,1191.2968,278.0277,290.3894,1178.9352
679,539.2102,1124.3750,-62.0307,979.9162,1130.8783,532.7068,539.2102,1124.3750
680,527.4209,1145.8807,-90.8024,1005.7780,1158.9368,514.3648,527.4209,1145.8807
681,-506.6957,907.4188,-343.6335,1376.2945,986.5002,-585.7771,-506.6957,907.4188
682,437.7501,1066.1782,7.5948,928.3396,1066.2699,437.6583,437.7501,1066.1782
683,401.7953,1048.4228,60.8489,922.2181,1054.0989,396.1191,401.7953,1048.4228
684,569.6803,1171.6940,42.7333,1017.5411,1174.7122,566.6621,569.6803,1171.6940
685,438.5101,1088.8706,62.1646,955.0093,1094.7592,432.6214,438.5101,1088.8706
686,-396.1632,819.6364,263.9252,1167.2311,874.4572,-450.9841,-396.1632,819.6364
687,-576.1274,907.9768,272.1034,1378.9763,956.2927,-624.4433,-576.1274,907.9768
688,553.6591,1172.9242,8.3344,1016.4142,1173.0364,553.5469,553.6591,1172.9242
689,529.1299,1121.4195,74.1846,980.1498,1130.5698,519.9796,529.1299,1121.4195
690,682.5774,1223.5472,-24.1647,1062.8103,1224.6245,681.5001,682.5774,1223.5472
691,594.2376,1198.7066,-68.2474,1044.8313,1206.3163,586.6279,594.2376,1198.7066
692,239.5797,1065.5756,-173.0393,1013.6012,1100.3610,204.7943,239.5797,1065.5756
693,708.2634,1283.5460,-10.4771,1113.7181,1283.7367,708.0727,708.2634,1283.5460
694,685.4773,1285.5510,-20.4563,1114.7017,1286.2475,684.7808,685.4773,1285.5510
695,-1316.1680,660.4904,-617.6414,2045.0684,837.6120,-1493.2896,-1316.1680,660.4904
696,532.9122,1166.8398,-54.7981,1016.2165,1171.5418,528.2102,532.9122,1166.8398
697,396.1544,1288.4311,3.7441,1143.0737,1288.4469,396.1387,396.1544,1288.4311
698,188.7819,1289.8781,-33.8899,1208.0415,1290.9202,187.7398,188.7819,1289.8781
699,727.0287,1300.8839,2.5749,1129.2075,1300.8955,727.0171,727.0287,1300.8839
700,727.0775,1335.1505,5.9997,1157.8509,1335.2097,727.0183,727.0775,1335.1505
701,263.2482,1087.3007,139.7041,1011.8518,1110.3409,240.2080,263.2482,1087.3007
702,713.6706,1293.1792,-5.4734,1121.9733,1293.2309,713.6189,713.6706,1293.1792
703,-616.7831,920.8151,240.4069,1403.4427,957.5268,-653.4947,-616.7831,920.8151
704,434.5248,1140.2519,23.6486,997.5952,1141.0434,433.7332,434.5248,1140.2519
705,708.3881,1332.6089,8.9723,1154.9448,1332.7378,708.2592,708.3881,1332.6089
706,697.7958,1312.5477,0.6293,1137.4583,1312.5484,697.7952,697.7958,1312.5477
707,668.4935,1251.9126,-13.1982,1085.2630,1252.2110,668.1951,668.4935,1251.9126
708,672.1217,1307.6921,11.3869,1132.8137,1307.8960,671.9178,672.1217,1307.6921
709,579.4438,1274.5344,-42.5577,1107.7479,1277.1304,576.8479,579.4438,1274.5344
710,-1783.5120,1273.0592,-220.0756,2686.5239,1288.8235,-1799.2763,-1783.5120,1273.0592
711,604.8882,1186.7840,-21.5794,1028.5288,1187.5832,604.0890,604.8882,1186.7840
712,497.8970,1132.3651,-30.6047,984.4597,1133.8379,496.4241,497.8970,1132.3651
713,-402.8695,1094.1430,-104.7567,1353.9467,1101.4380,-410.1646,-402.8695,1094.1430
714,-369.1919,1009.2609,-17.4361,1236.2982,1009.4814,-369.4124,-369.1919,1009.2609
715,-531.7152,1148.5916,-99.2823,1497.4238,1154.4374,-537.5610,-531.7152,1148.5916
716,-558.2887,1252.2060,-8.2849,1605.9280,1252.2440,-558.3266,-558.2887,1252.2060
717,625.4365,1269.7883,4.9710,1099.7433,1269.8266,625.3981,625.4365,1269.7883
718,443.5810,1283.4400,48.9081,1132.1876,1286.2785,440.7425,443.5810,1283.4400
719,-1698.2610,1173.7172,-427.9851,2608.5426,1236.1393,-1760.6830,-1698.2610,1173.7172
720,-1465.6965,1055.0252,296.1220,2251.8339,1089.3449,-1500.0162,-1465.6965,1055.0252
721,565.0617,1238.0697,7.9585,1073.6459,1238.1638,564.9676,565.0617,1238.0697
722,313.0301,1242.8853,70.3949,1126.3026,1248.1843,307.7310,313.0301,1242.8853
723,-1448.4307,896.6385,-599.9218,2297.9011,1041.2006,-1592.9927,-1448.4307,896.6385
724,-375.0734,1109.2959,90.6676,1346.0857,1114.8135,-380.5910,-375.0734,1109.2959
725,-884.2763,1322.3169,164.5219,1944.4697,1334.5161,-896.4754,-884.2763,1322.3169
726,32.1881,1006.6515,79.8274,1000.5490,1013.1476,25.6920,32.1881,1006.6515
727,48.3014,1046.6690,175.4679,1067.5488,1076.6104,18.3600,48.3014,1046.6690
728,291.9023,1180.5197,104.4744,1080.2694,1192.6375,279.7846,291.9023,1180.5197
729,-610.9788,813.2834,-204.0835,1287.0797,841.9497,-639.6451,-610.9788,813.2834
730,-473.3849,931.8829,-321.7844,1358.0405,1002.0618,-543.5638,-473.3849,931.8829
731,-422.3462,837.2210,204.1898,1165.3295,869.4954,-454.6207,-422.3462,837.2210
732,-1665.2324,1104.0285,458.5188,2541.8616,1177.9731,-1739.1769,-1665.2324,1104.0285
733,26.1218,592.9641,51.4259,587.1399,597.5918,21.4940,26.1218,592.9641
734,-758.6421,682.5416,-798.9049,1863.8543,1037.8222,-1113.9228,-758.6421,682.5416
