face,S11,S22,S12,von_mises,principal_1,principal_2,T_wale_Nm,T_course_Nm
0,1149.4862,3377.3532,-18.8813,2974.3372,3377.5132,1149.3262,1149.4862,3377.3532
1,1156.4507,3452.4110,4.0646,3043.6863,3452.4182,1156.4435,1156.4507,3452.4110
2,1176.4391,3420.8450,0.9721,3010.2785,3420.8454,1176.4387,1176.4391,3420.8450
3,1174.8774,3419.7339,5.5644,3009.5252,3419.7477,1174.8636,1174.8774,3419.7339
4,1114.8708,3279.0860,-11.0690,2887.8975,3279.1426,1114.8141,1114.8708,3279.0860
5,1119.6022,3250.6485,-13.9476,2860.3103,3250.7397,1119.5109,1119.6022,3250.6485
6,1118.7010,3275.5800,4.6630,2883.8493,3275.5901,1118.6909,1118.7010,3275.5800
7,1112.1054,3326.4263,-38.7340,2933.7782,3327.1036,1111.4281,1112.1054,3326.4263
8,1113.2535,3438.7845,-49.4803,3040.3418,3439.8368,1112.2012,1113.2535,3438.7845
9,1110.9642,3477.2236,-39.3487,3076.8327,3477.8778,1110.3101,1110.9642,3477.2236
10,1119.5312,3410.6790,-44.3875,3012.2468,3411.5386,1118.6715,1119.5312,3410.6790
11,1133.1455,3338.0041,-25.0739,2940.3626,3338.2892,1132.8604,1133.1455,3338.0041
12,1107.9860,3367.9170,-61.8743,2974.9586,3369.6098,1106.2932,1107.9860,3367.9170
13,1121.6249,3485.6841,-3.7817,3081.9554,3485.6902,1121.6189,1121.6249,3485.6841
14,1115.3358,3321.7874,37.9092,2928.7623,3322.4386,1114.6847,1115.3358,3321.7874
15,1103.3722,3404.5910,61.1971,3010.5439,3406.2173,1101.7459,1103.3722,3404.5910
16,1126.5410,3447.2379,34.8133,3045.1149,3447.7601,1126.0189,1126.5410,3447.2379
17,1160.9682,3395.7619,7.4606,2989.4550,3395.7868,1160.9433,1160.9682,3395.7619
18,1095.3450,3494.3487,39.3683,3096.3504,3494.9946,1094.6991,1095.3450,3494.3487
19,1119.8810,3496.1471,-1.7972,3092.2353,3496.1485,1119.8796,1119.8810,3496.1471
20,1123.8808,3474.4731,24.2749,3071.1472,3474.7237,1123.6301,1123.8808,3474.4731
21,1119.0368,3257.3323,23.7540,2866.8929,3257.5962,1118.7730,1119.0368,3257.3323
22,1110.3785,3472.9632,33.2230,3072.6896,3473.4303,1109.9114,1110.3785,3472.9632
23,1108.2310,3294.1832,43.8235,2904.2838,3295.0614,1107.3528,1108.2310,3294.1832
24,1141.0139,3467.7495,3.8069,3061.1260,3467.7557,1141.0077,1141.0139,3467.7495
25,1116.2712,3428.7378,47.0324,3030.1055,3429.6940,1115.3150,1116.2712,3428.7378
26,1116.9300,3383.9309,48.9252,2987.6559,3384.9862,1115.8747,1116.9300,3383.9309
27,1130.7750,3347.5597,31.4649,2949.9900,3348.0062,1130.3285,1130.7750,3347.5597
28,1095.8145,3470.5055,47.1657,3073.9001,3471.4420,1094.8781,1095.8145,3470.5055
29,1141.3058,3350.5531,24.7512,2950.6978,3350.8304,1141.0285,1141.3058,3350.5531
30,1107.3298,3427.0216,-39.4098,3029.9295,3427.6910,1106.6605,1107.3298,3427.0216
31,1103.9062,3362.1254,-59.1938,2970.1072,3363.6759,1102.3556,1103.9062,3362.1254
32,1135.0867,3396.5250,-35.0685,2995.5205,3397.0687,1134.5431,1135.0867,3396.5250
33,1107.3647,3482.8079,-22.4904,3082.3670,3483.0209,1107.1518,1107.3647,3482.8079
34,1127.3989,3422.3966,-39.7594,3021.6160,3423.0852,1126.7103,1127.3989,3422.3966
35,1092.3407,3516.4330,-19.5958,3117.4538,3516.5914,1092.1823,1092.3407,3516.4330
36,1142.3656,3346.9362,-8.3990,2946.8234,3346.9682,1142.3336,1142.3656,3346.9362
37,1113.5102,3318.4302,-54.0894,2926.6969,3319.7562,1112.1841,1113.5102,3318.4302
38,1126.4475,3333.0252,-37.4074,2937.2880,3333.6591,1125.8135,1126.4475,3333.0252
39,1128.8736,3282.2008,-10.5363,2888.3111,3282.2524,1128.8220,1128.8736,3282.2008
40,1118.9325,3268.4566,33.4449,2877.6712,3268.9768,1118.4122,1118.9325,3268.4566
41,1106.5040,3490.3662,-9.5772,3089.5272,3490.4047,1106.4655,1106.5040,3490.3662
42,1177.4788,3424.6162,-0.2294,3013.6423,3424.6162,1177.4787,1177.4788,3424.6162
43,1172.6152,3410.6794,2.0227,3001.3927,3410.6813,1172.6133,1172.6152,3410.6794
44,1142.2868,3420.3005,-28.3187,3016.4079,3420.6525,1141.9349,1142.2868,3420.3005
45,1092.4393,3519.4144,17.8666,3120.2424,3519.5459,1092.3078,1092.4393,3519.4144
46,1142.2110,3387.1747,25.7240,2985.0822,3387.4694,1141.9163,1142.2110,3387.1747
47,1178.7576,3428.6465,2.5154,3017.2109,3428.6493,1178.7548,1178.7576,3428.6465
48,1177.9848,3426.2809,3.4723,3015.1250,3426.2863,1177.9794,1177.9848,3426.2809
49,1165.3685,3437.6998,9.2824,3028.1900,3437.7377,1165.3306,1165.3685,3437.6998
50,1167.5509,3397.7226,2.8884,2990.1011,3397.7263,1167.5472,1167.5509,3397.7226
51,1118.3432,3278.4469,-40.2032,2887.4428,3279.1949,1117.5953,1118.3432,3278.4469
52,1154.7602,3456.6198,-6.1615,3047.9893,3456.6363,1154.7437,1154.7602,3456.6198
53,1124.3338,3432.3186,36.5996,3031.4822,3432.8989,1123.7536,1124.3338,3432.3186
54,1133.1210,3354.8411,29.7264,2956.3714,3355.2388,1132.7234,1133.1210,3354.8411
55,1108.7022,3483.0293,23.3256,3082.3211,3483.2584,1108.4730,1108.7022,3483.0293
56,1123.6598,3320.7908,-31.5351,2926.0566,3321.2434,1123.2073,1123.6598,3320.7908
57,1129.5697,3303.8486,-26.1484,2908.8601,3304.1630,1129.2552,1129.5697,3303.8486
58,1123.6184,3433.9809,32.1035,3033.0432,3434.4270,1123.1724,1123.6184,3433.9809
59,1133.8872,3431.6489,-33.7506,3028.8989,3432.1445,1133.3915,1133.8872,3431.6489
60,1130.4645,3289.1502,19.8189,2894.7141,3289.3321,1130.2825,1130.4645,3289.1502
61,1135.9344,3465.1897,-18.8644,3059.8572,3465.3425,1135.7816,1135.9344,3465.1897
62,1139.5403,3323.3439,21.6762,2925.3191,3323.5590,1139.3252,1139.5403,3323.3439
63,1123.4109,3480.5252,10.7891,3076.7511,3480.5746,1123.3615,1123.4109,3480.5252
64,1111.6584,3470.4374,-36.2734,3070.1346,3470.9951,1111.1007,1111.6584,3470.4374
65,1114.6545,3387.7770,-45.9427,2991.5914,3388.7052,1113.7263,1114.6545,3387.7770
66,1163.9497,3430.0590,-8.8879,3021.2422,3430.0939,1163.9148,1163.9497,3430.0590
67,1167.5053,3401.7396,6.1150,2993.9045,3401.7563,1167.4885,1167.5053,3401.7396
68,1160.7606,3407.9416,10.5693,3000.9935,3407.9913,1160.7109,1160.7606,3407.9416
69,1136.4487,3402.7386,29.9271,3000.9656,3403.1337,1136.0536,1136.4487,3402.7386
70,1106.9794,3511.9657,1.3659,3109.9258,3511.9665,1106.9786,1106.9794,3511.9657
71,1157.2595,3420.7573,13.1221,3013.7423,3420.8334,1157.1834,1157.2595,3420.7573
72,1109.4606,3500.2119,19.5358,3098.4164,3500.3715,1109.3010,1109.4606,3500.2119
73,1163.7771,3436.2032,7.3162,3027.0540,3436.2268,1163.7535,1163.7771,3436.2032
74,1150.6929,3448.5206,9.8637,3041.1334,3448.5630,1150.6505,1150.6929,3448.5206
75,1122.4651,3366.5258,35.5983,2969.5821,3367.0903,1121.9006,1122.4651,3366.5258
76,1128.2131,3399.5207,-34.8736,2999.6451,3400.0560,1127.6778,1128.2131,3399.5207
77,1161.0843,3440.3725,-8.9069,3031.4939,3440.4073,1161.0494,1161.0843,3440.3725
78,1147.5676,3375.0821,-23.7276,2972.6494,3375.3348,1147.3148,1147.5676,3375.0821
79,1163.2823,3400.7027,-15.5299,2993.7854,3400.8105,1163.1745,1163.2823,3400.7027
80,1126.6179,3333.8117,26.1210,2937.6322,3334.1208,1126.3088,1126.6179,3333.8117
81,1122.7802,3482.0990,-18.5597,3078.4819,3482.2450,1122.6342,1122.7802,3482.0990
82,1113.4729,3306.9170,-51.1716,2915.6843,3308.1102,1112.2797,1113.4729,3306.9170
83,1141.4979,3468.6757,-9.7231,3061.9481,3468.7163,1141.4572,1141.4979,3468.6757
84,1132.5345,3469.5599,11.4662,3064.5519,3469.6161,1132.4783,1132.5345,3469.5599
85,1112.5316,3404.3289,46.7298,3007.7083,3405.2813,1111.5792,1112.5316,3404.3289
86,1118.4263,3285.6628,43.5374,2894.3691,3286.5371,1117.5520,1118.4263,3285.6628
87,1119.8134,3247.5417,-5.0520,2857.2618,3247.5537,1119.8014,1119.8134,3247.5417
88,1121.4405,3462.9915,26.7107,3060.8071,3463.2961,1121.1359,1121.4405,3462.9915
89,1166.5136,3430.8858,-6.5226,3021.5367,3430.9046,1166.4948,1166.5136,3430.8858
90,1155.1587,3367.8518,0.0167,2964.1886,3367.8518,1155.1587,1155.1587,3367.8518
91,1138.5422,3305.4211,-5.8408,2908.4064,3305.4368,1138.5264,1138.5422,3305.4211
92,1163.9165,3397.9428,-3.6985,2990.9591,3397.9490,1163.9104,1163.9165,3397.9428
93,1144.2206,3468.2812,-5.9488,3061.0199,3468.2964,1144.2053,1144.2206,3468.2812
94,1164.7021,3410.7874,10.5633,3002.9628,3410.8371,1164.6524,1164.7021,3410.7874
95,1146.2025,3406.6663,27.0045,3002.7676,3406.9888,1145.8799,1146.2025,3406.6663
96,1154.3843,3390.1103,16.1454,2985.4217,3390.2269,1154.2678,1154.3843,3390.1103
97,1152.5630,3457.7574,-8.4696,3049.4950,3457.7886,1152.5319,1152.5630,3457.7574
98,1150.0811,3375.5254,12.2639,2972.4033,3375.5930,1150.0136,1150.0811,3375.5254
99,1125.0089,3319.6201,39.4744,2924.9949,3320.3299,1124.2991,1125.0089,3319.6201
100,1111.6265,3380.3925,-46.2542,2985.2054,3381.3351,1110.6839,1111.6265,3380.3925
101,1105.8238,3445.5078,-35.7888,3047.6365,3446.0551,1105.2765,1105.8238,3445.5078
102,1113.1245,3456.3592,-43.0286,3056.7404,3457.1491,1112.3346,1113.1245,3456.3592
103,1097.8935,3471.6162,-49.9504,3074.6560,3472.6669,1096.8429,1097.8935,3471.6162
104,1128.7769,3283.0237,-3.0184,2889.0497,3283.0279,1128.7727,1128.7769,3283.0237
105,1122.0294,3311.7660,-32.9369,2917.8930,3312.2613,1121.5341,1122.0294,3311.7660
106,1124.0740,3481.2641,10.7043,3077.3182,3481.3127,1124.0254,1124.0740,3481.2641
107,1116.6343,3344.9583,47.0487,2950.7904,3345.9513,1115.6413,1116.6343,3344.9583
108,1119.7624,3284.6034,-18.6407,2892.3268,3284.7639,1119.6019,1119.7624,3284.6034
109,1130.2630,3392.4133,42.6620,2992.8420,3393.2176,1129.4587,1130.2630,3392.4133
110,1128.7325,3483.7372,2.8076,3078.6813,3483.7406,1128.7292,1128.7325,3483.7372
111,1115.7313,3299.7452,-48.6278,2908.3741,3300.8274,1114.6491,1115.7313,3299.7452
112,1117.8709,3252.2307,17.2490,2862.1598,3252.3701,1117.7315,1117.8709,3252.2307
113,1150.8240,3365.1276,-3.1584,2962.4045,3365.1321,1150.8195,1150.8240,3365.1276
114,1161.4682,3374.3415,-4.7888,2969.1863,3374.3518,1161.4578,1161.4682,3374.3415
115,1118.2351,3247.2865,5.6958,2857.3041,3247.3017,1118.2198,1118.2351,3247.2865
116,1127.8529,3452.9989,-32.0190,3050.2220,3453.4398,1127.4121,1127.8529,3452.9989
117,1108.1207,3486.2243,-33.7903,3085.7672,3486.7043,1107.6406,1108.1207,3486.2243
118,1120.6252,3467.8661,-20.1041,3065.4414,3468.0383,1120.4530,1120.6252,3467.8661
119,1137.4338,3335.6119,-9.3027,2937.0537,3335.6513,1137.3944,1137.4338,3335.6119
120,1156.9524,3391.1394,-10.4118,2985.8505,3391.1879,1156.9039,1156.9524,3391.1394
121,1179.7334,3429.9991,0.4006,3018.3076,3429.9991,1179.7333,1179.7334,3429.9991
122,1173.4606,3435.1134,0.5462,3024.2428,3435.1135,1173.4604,1173.4606,3435.1134
123,1143.0197,3374.0788,27.9832,2972.6441,3374.4298,1142.6688,1143.0197,3374.0788
124,1136.3285,3467.0572,16.9926,3061.5157,3467.1810,1136.2047,1136.3285,3467.0572
125,1136.1486,3462.2429,21.6050,3057.0799,3462.4435,1135.9479,1136.1486,3462.2429
126,1118.6124,3468.6108,18.2988,3066.5172,3468.7532,1118.4699,1118.6124,3468.6108
127,1134.9916,3325.6512,-4.3103,2928.0764,3325.6597,1134.9831,1134.9916,3325.6512
128,1114.9033,3283.1860,-41.5565,2892.5881,3283.9822,1114.1071,1114.9033,3283.1860
129,1168.7947,3417.4048,6.9382,3008.4276,3417.4262,1168.7733,1168.7947,3417.4048
130,1157.5521,3446.0025,11.8203,3037.4911,3446.0636,1157.4910,1157.5521,3446.0025
131,1142.8982,3462.6800,13.1977,3056.0433,3462.7551,1142.8232,1142.8982,3462.6800
132,1153.4393,3377.4650,8.3210,2973.5835,3377.4961,1153.4081,1153.4393,3377.4650
133,1123.6774,3323.3878,26.4984,2928.3524,3323.7069,1123.3582,1123.6774,3323.3878
134,1120.0159,3391.3047,-49.9491,2994.0863,3392.4026,1118.9180,1120.0159,3391.3047
135,1118.2895,3294.5289,-27.7785,2902.1664,3294.8834,1117.9350,1118.2895,3294.5289
136,1113.7051,3284.8294,-29.3985,2893.9082,3285.2274,1113.3071,1113.7051,3284.8294
137,1100.8981,3424.9934,-58.9885,3030.2519,3426.4896,1099.4018,1100.8981,3424.9934
138,1147.5465,3450.2858,-16.9232,3043.4900,3450.4102,1147.4222,1147.5465,3450.2858
139,1121.9097,3417.7744,-34.4028,3018.1086,3418.2898,1121.3943,1121.9097,3417.7744
140,1156.1682,3367.8358,10.7589,2964.0522,3367.8882,1156.1159,1156.1682,3367.8358
141,1177.8688,3430.7941,-1.2843,3019.3878,3430.7948,1177.8680,1177.8688,3430.7941
142,1157.8477,3448.9497,-2.6250,3040.1526,3448.9527,1157.8447,1157.8477,3448.9497
143,1159.5286,3385.5904,3.8885,2980.1150,3385.5972,1159.5219,1159.5286,3385.5904
144,1143.7990,3328.5479,6.6566,2929.2406,3328.5682,1143.7787,1143.7990,3328.5479
145,1165.4639,3436.9593,8.8669,3027.4708,3436.9939,1165.4293,1165.4639,3436.9593
146,1163.7722,3445.4597,-5.3092,3035.7722,3445.4720,1163.7598,1163.7722,3445.4597
147,1155.8035,3420.5377,17.1002,3013.8626,3420.6669,1155.6744,1155.8035,3420.5377
148,1147.7443,3455.4410,14.4612,3048.2871,3455.5316,1147.6537,1147.7443,3455.4410
149,1128.0652,3418.3693,39.4394,3017.6651,3419.0483,1127.3863,1128.0652,3418.3693
150,1107.9099,3367.2946,40.8580,2973.2955,3368.0332,1107.1713,1107.9099,3367.2946
151,1127.8721,3474.3476,-11.8773,3070.0147,3474.4077,1127.8120,1127.8721,3474.3476
152,1137.8343,3432.8242,-29.8763,3029.1322,3433.2131,1137.4454,1137.8343,3432.8242
153,1155.8549,3387.9151,-10.9462,2983.0171,3387.9688,1155.8012,1155.8549,3387.9151
154,1092.4406,3508.5854,-26.1882,3110.1020,3508.8692,1092.1568,1092.4406,3508.5854
155,1121.5130,3466.3216,-24.1227,3063.8861,3466.5697,1121.2649,1121.5130,3466.3216
156,1118.1379,3395.6494,50.3245,2998.5764,3396.7608,1117.0264,1118.1379,3395.6494
157,1127.0529,3375.9776,-36.6593,2977.6835,3376.5750,1126.4555,1127.0529,3375.9776
158,1095.2500,3457.6180,48.7843,3061.8423,3458.6249,1094.2430,1095.2500,3457.6180
159,1132.9456,3409.5807,29.8068,3008.0895,3409.9709,1132.5554,1132.9456,3409.5807
160,1091.1313,3521.1902,-0.9364,3122.0618,3521.1906,1091.1309,1091.1313,3521.1902
161,1108.9688,3499.0797,-19.2360,3097.4361,3499.2345,1108.8140,1108.9688,3499.0797
162,1127.8486,3322.6953,-25.0328,2926.8975,3322.9808,1127.5631,1127.8486,3322.6953
163,1137.3969,3389.4720,32.2422,2988.3333,3389.9335,1136.9354,1137.3969,3389.4720
164,1119.3041,3263.8707,29.2350,2873.1505,3264.2691,1118.9056,1119.3041,3263.8707
165,1130.5336,3292.7713,22.3471,2898.1647,3293.0022,1130.3027,1130.5336,3292.7713
166,1094.2468,3471.6449,-44.4690,3075.1895,3472.4764,1093.4153,1094.2468,3471.6449
167,1124.5661,3444.4071,-39.1036,3042.9777,3445.0661,1123.9071,1124.5661,3444.4071
168,1121.9766,3247.9075,-4.5182,2857.2223,3247.9171,1121.9670,1121.9766,3247.9075
169,1120.6920,3422.7564,-43.7412,3023.4246,3423.5872,1119.8612,1120.6920,3422.7564
170,1097.8189,3447.2296,-53.7496,3051.6932,3448.4586,1096.5899,1097.8189,3447.2296
171,1119.7945,3266.7054,-31.5669,2875.8050,3267.1695,1119.3305,1119.7945,3266.7054
172,1171.4934,3418.1407,7.6297,3008.6422,3418.1666,1171.4675,1171.4934,3418.1407
173,1173.3451,3416.1634,-1.2941,3006.4227,3416.1642,1173.3444,1173.3451,3416.1634
174,1171.2100,3431.4983,6.6187,3021.2646,3431.5176,1171.1906,1171.2100,3431.4983
175,1151.6095,3448.9730,-9.4149,3041.3837,3449.0115,1151.5709,1151.6095,3448.9730
176,1154.4654,3404.5227,-15.3883,2998.9785,3404.6279,1154.3601,1154.4654,3404.5227
177,1162.7736,3405.4173,-8.3770,2998.2312,3405.4486,1162.7423,1162.7736,3405.4173
178,1157.2505,3440.1946,-13.8406,3032.0909,3440.2785,1157.1666,1157.2505,3440.1946
179,1156.8922,3443.2133,13.7545,3035.0055,3443.2960,1156.8095,1156.8922,3443.2133
180,1130.6699,3282.1998,8.5029,2887.9720,3282.2334,1130.6363,1130.6699,3282.1998
181,1164.4405,3444.3778,6.3449,3034.6347,3444.3954,1164.4229,1164.4405,3444.3778
182,1174.7748,3435.0472,-3.4570,3023.9501,3435.0525,1174.7695,1174.7748,3435.0472
183,1137.0971,3317.0420,-0.7030,2919.5822,3317.0423,1137.0968,1137.0971,3317.0420
184,1135.0680,3317.3197,-0.6242,2920.2067,3317.3199,1135.0678,1135.0680,3317.3197
185,1099.5265,3436.8841,56.0801,3041.6477,3438.2289,1098.1818,1099.5265,3436.8841
186,1123.2747,3481.6497,19.0182,3077.9647,3481.8030,1123.1213,1123.2747,3481.6497
187,1138.5264,3442.3970,26.6319,3037.9611,3442.7049,1138.2186,1138.5264,3442.3970
188,1114.7866,3278.1126,7.3621,2886.9599,3278.1376,1114.7615,1114.7866,3278.1126
189,1146.5471,3334.1801,12.7722,2934.1135,3334.2547,1146.4725,1146.5471,3334.1801
190,1136.2185,3351.5650,34.1288,2952.8571,3352.0907,1135.6928,1136.2185,3351.5650
191,1103.7862,3330.2210,54.9782,2939.7162,3331.5778,1102.4294,1103.7862,3330.2210
192,1120.1274,3485.0883,-7.4242,3081.7119,3485.1116,1120.1041,1120.1274,3485.0883
193,1121.4525,3480.0520,-16.0558,3076.7642,3480.1613,1121.3433,1121.4525,3480.0520
194,1102.5872,3427.8286,59.9560,3032.6575,3429.3735,1101.0423,1102.5872,3427.8286
195,1135.1012,3368.8218,32.0262,2969.2656,3369.2809,1134.6421,1135.1012,3368.8218
196,1135.6162,3379.9798,30.1486,2979.6400,3380.3847,1135.2112,1135.6162,3379.9798
197,1109.7010,3453.9019,-38.5319,3054.9191,3454.5351,1109.0678,1109.7010,3453.9019
198,1121.9557,3471.5969,-22.7118,3068.7684,3471.8165,1121.7362,1121.9557,3471.5969
199,1129.3201,3362.5999,-38.9920,2964.7178,3363.2805,1128.6395,1129.3201,3362.5999
200,1143.3533,3347.0655,-16.5009,2946.8700,3347.1890,1143.2298,1143.3533,3347.0655
201,1130.6838,3364.6435,-37.2030,2966.3236,3365.2629,1130.0644,1130.6838,3364.6435
202,1119.2004,3480.0638,-32.2041,3077.6088,3480.5030,1118.7612,1119.2004,3480.0638
203,1114.2552,3497.7560,6.3726,3094.9299,3497.7731,1114.2381,1114.2552,3497.7560
204,1142.5620,3355.0179,14.3870,2954.4708,3355.1115,1142.4685,1142.5620,3355.0179
205,1116.3231,3296.0259,27.7181,2903.9351,3296.3783,1115.9707,1116.3231,3296.0259
206,1114.4136,3314.0031,-54.0374,2922.3491,3315.3298,1113.0868,1114.4136,3314.0031
207,1118.5897,3277.5087,-8.0980,2885.7088,3277.5390,1118.5593,1118.5897,3277.5087
208,1120.2500,3368.0891,-49.4880,2972.0750,3369.1781,1119.1610,1120.2500,3368.0891
209,1105.8046,3370.4069,60.5742,2977.6572,3372.0260,1104.1855,1105.8046,3370.4069
210,1109.8522,3463.6026,36.3685,3064.0164,3464.1645,1109.2904,1109.8522,3463.6026
211,1162.1882,3408.5162,-9.1075,3001.2623,3408.5531,1162.1513,1162.1882,3408.5162
212,1140.2156,3412.0678,-26.2676,3008.9658,3412.3715,1139.9119,1140.2156,3412.0678
213,1160.3813,3417.2122,-11.0028,3009.8036,3417.2658,1160.3277,1160.3813,3417.2122
214,1153.1630,3358.0294,16.8732,2955.4434,3358.1586,1153.0339,1153.1630,3358.0294
215,1152.1844,3366.9087,19.4022,2964.0231,3367.0787,1152.0144,1152.1844,3366.9087
216,1180.0549,3428.9769,-0.1226,3017.2888,3428.9770,1180.0549,1180.0549,3428.9769
217,1171.1269,3428.9755,-4.6686,3018.8923,3428.9851,1171.1173,1171.1269,3428.9755
218,1180.3557,3428.8159,0.9166,3017.0844,3428.8163,1180.3553,1180.3557,3428.8159
219,1172.5890,3420.6253,-8.2090,3010.7901,3420.6553,1172.5590,1172.5890,3420.6253
220,1146.7189,3461.2690,-12.1385,3053.9625,3461.3326,1146.6552,1146.7189,3461.2690
221,1152.6378,3453.2831,10.3437,3045.2708,3453.3296,1152.5913,1152.6378,3453.2831
222,1169.3250,3437.5616,2.3948,3027.2993,3437.5641,1169.3225,1169.3250,3437.5616
223,1148.7117,3445.3674,18.5185,3038.6494,3445.5167,1148.5623,1148.7117,3445.3674
224,1138.8595,3335.8661,27.8927,2937.3891,3336.2201,1138.5055,1138.8595,3335.8661
225,1145.3927,3371.7132,15.7618,2969.7111,3371.8248,1145.2811,1145.3927,3371.7132
226,1129.7450,3480.0337,-11.2228,3075.0261,3480.0873,1129.6914,1129.7450,3480.0337
227,1147.3700,3458.9680,-3.0513,3051.5946,3458.9720,1147.3659,1147.3700,3458.9680
228,1159.7423,3443.4254,7.4793,3034.6107,3443.4499,1159.7178,1159.7423,3443.4254
229,1153.6815,3436.3392,13.5754,3029.1121,3436.4199,1153.6007,1153.6815,3436.3392
230,1139.4541,3347.2712,-17.4403,2947.7840,3347.4089,1139.3164,1139.4541,3347.2712
231,1122.5414,3295.7468,-23.1558,2902.4201,3295.9935,1122.2947,1122.5414,3295.7468
232,1127.3103,3437.8100,35.8890,3036.0750,3438.3673,1126.7530,1127.3103,3437.8100
233,1119.2200,3481.5778,12.4112,3078.6114,3481.6430,1119.1548,1119.2200,3481.5778
234,1104.7740,3512.0950,6.9115,3110.5319,3512.1148,1104.7541,1104.7740,3512.0950
235,1146.7823,3341.8120,-14.3496,2941.2759,3341.9058,1146.6885,1146.7823,3341.8120
236,1132.1716,3305.7827,-9.8050,2909.9119,3305.8270,1132.1274,1132.1716,3305.7827
237,1130.3723,3408.4830,40.6173,3007.9216,3409.2070,1129.6484,1130.3723,3408.4830
238,1136.6562,3429.6298,27.8155,3026.2781,3429.9672,1136.3188,1136.6562,3429.6298
239,1130.5119,3385.4353,-40.1436,2986.0993,3386.1498,1129.7975,1130.5119,3385.4353
240,1126.6683,3338.0398,-35.6974,2941.9127,3338.6159,1126.0922,1126.6683,3338.0398
241,1129.1900,3315.5669,-22.6241,2919.8774,3315.8009,1128.9559,1129.1900,3315.5669
242,1118.4290,3276.2854,-2.8642,2884.5557,3276.2892,1118.4251,1118.4290,3276.2854
243,1139.6958,3306.5347,2.5825,2909.2361,3306.5378,1139.6927,1139.6958,3306.5347
244,1120.4942,3480.1519,17.9043,3077.0824,3480.2877,1120.3583,1120.4942,3480.1519
245,1108.2699,3500.4680,-16.6329,3098.8554,3500.5836,1108.1543,1108.2699,3500.4680
246,1094.2568,3486.4719,-39.6328,3089.0939,3487.1283,1093.6004,1094.2568,3486.4719
247,1114.9577,3309.7295,32.7872,2917.2687,3310.2192,1114.4680,1114.9577,3309.7295
248,1127.9291,3402.5920,-42.3942,3002.8929,3403.3819,1127.1393,1127.9291,3402.5920
249,1107.3513,3388.9362,-63.4587,2995.0716,3390.6999,1105.5876,1107.3513,3388.9362
250,1113.5858,3291.1915,43.9849,2900.4818,3292.0795,1112.6977,1113.5858,3291.1915
251,1110.8013,3347.2761,60.3082,2954.8078,3348.9012,1109.1762,1110.8013,3347.2761
252,1124.2581,3348.5905,46.7564,2952.7772,3349.5729,1123.2757,1124.2581,3348.5905
253,1122.2381,3441.5469,-31.9205,3040.4745,3441.9861,1121.7989,1122.2381,3441.5469
254,1109.0243,3468.7063,-32.8858,3068.9124,3469.1645,1108.5661,1109.0243,3468.7063
255,1105.3627,3343.4829,-57.4496,2952.0916,3344.9566,1103.8891,1105.3627,3343.4829
256,1180.8063,3429.0256,-0.2549,3017.2016,3429.0256,1180.8063,1180.8063,3429.0256
257,1176.7334,3422.2411,0.9652,3011.5400,3422.2415,1176.7330,1176.7334,3422.2411
258,1172.8874,3413.0644,3.9349,3003.5945,3413.0713,1172.8805,1172.8874,3413.0644
259,1159.8496,3369.9717,-8.5938,2965.3873,3370.0052,1159.8162,1159.8496,3369.9717
260,1167.6477,3397.6525,9.5408,2990.0594,3397.6933,1167.6069,1167.6477,3397.6525
261,1168.8946,3400.6476,-8.1883,2992.6445,3400.6776,1168.8646,1168.8946,3400.6476
262,1166.4944,3427.8573,-10.5468,3018.7203,3427.9065,1166.4452,1166.4944,3427.8573
263,1143.8968,3437.6761,-24.6036,3032.4225,3437.9399,1143.6329,1143.8968,3437.6761
264,1167.8434,3419.5997,-6.6469,3010.6637,3419.6193,1167.8238,1167.8434,3419.5997
265,1177.7416,3422.5222,-3.4672,3011.6312,3422.5275,1177.7362,1177.7416,3422.5222
266,1135.6665,3474.0783,-3.9998,3068.1610,3474.0851,1135.6596,1135.6665,3474.0783
267,1144.4482,3460.6542,-15.1353,3053.8561,3460.7531,1144.3493,1144.4482,3460.6542
268,1155.2768,3425.6259,15.2318,3018.7294,3425.7281,1155.1746,1155.2768,3425.6259
269,1138.8263,3427.1589,29.9623,3023.5903,3427.5512,1138.4341,1138.8263,3427.1589
270,1154.3868,3449.0724,-7.3909,3040.9389,3449.0962,1154.3630,1154.3868,3449.0724
271,1144.0680,3458.8679,-8.0034,3052.1584,3458.8956,1144.0403,1144.0680,3458.8679
272,1134.2234,3408.5312,-30.0384,3006.8619,3408.9279,1133.8267,1134.2234,3408.5312
273,1114.5810,3431.3553,-46.5104,3032.8957,3432.2887,1113.6477,1114.5810,3431.3553
274,1126.2777,3283.8731,-1.7339,2890.2907,3283.8745,1126.2763,1126.2777,3283.8731
275,1146.9070,3425.7514,23.0009,3020.5525,3425.9835,1146.6749,1146.9070,3425.7514
276,1162.2048,3422.3762,16.0621,3014.4072,3422.4904,1162.0906,1162.2048,3422.3762
277,1149.5430,3367.6791,-10.3150,2965.0866,3367.7270,1149.4951,1149.5430,3367.6791
278,1140.9364,3454.3727,12.9621,3048.5588,3454.4453,1140.8637,1140.9364,3454.3727
279,1135.7009,3469.0728,7.8818,3063.4360,3469.0994,1135.6743,1135.7009,3469.0728
280,1161.3019,3381.7559,11.7964,2976.2515,3381.8185,1161.2393,1161.3019,3381.7559
281,1137.1380,3332.0879,8.5774,2933.7807,3332.1214,1137.1045,1137.1380,3332.0879
282,1138.0707,3391.0115,-28.5151,2989.5472,3391.3723,1137.7098,1138.0707,3391.0115
283,1147.8101,3394.1320,-24.6153,2990.5851,3394.4017,1147.5404,1147.8101,3394.1320
284,1095.1575,3499.7328,-38.7538,3101.4910,3500.3572,1094.5331,1095.1575,3499.7328
285,1102.9800,3472.9820,-31.5941,3074.1720,3473.4031,1102.5589,1102.9800,3472.9820
286,1106.1416,3497.1742,13.0574,3096.1134,3497.2455,1106.0703,1106.1416,3497.1742
287,1125.5816,3468.5347,26.0564,3065.2218,3468.8244,1125.2919,1125.5816,3468.5347
288,1177.8682,3429.3133,-1.5382,3017.9945,3429.3143,1177.8672,1177.8682,3429.3133
289,1171.2700,3437.0910,4.8123,3026.5121,3437.1012,1171.2598,1171.2700,3437.0910
290,1128.9559,3333.0464,29.1206,2936.5662,3333.4311,1128.5713,1128.9559,3333.0464
291,1122.6550,3358.4439,35.9975,2961.9273,3359.0233,1122.0755,1122.6550,3358.4439
292,1111.8532,3352.2766,61.4856,2959.4050,3353.9627,1110.1670,1111.8532,3352.2766
293,1161.6979,3445.7456,2.9211,3036.4148,3445.7493,1161.6942,1161.6979,3445.7456
294,1155.0538,3446.3444,8.6481,3038.2478,3446.3770,1155.0212,1155.0538,3446.3444
295,1147.9607,3329.5472,-1.7908,2929.4229,3329.5487,1147.9592,1147.9607,3329.5472
296,1131.1758,3279.5975,-1.3020,2885.3981,3279.5983,1131.1750,1131.1758,3279.5975
297,1103.0302,3418.2893,60.9360,3023.5808,3419.8920,1101.4275,1103.0302,3418.2893
298,1125.3195,3413.0697,36.8216,3013.0819,3413.6622,1124.7270,1125.3195,3413.0697
299,1127.9672,3304.1034,8.6334,2909.0742,3304.1377,1127.9330,1127.9672,3304.1034
300,1145.4008,3354.1041,-19.4273,2953.1841,3354.2750,1145.2299,1145.4008,3354.1041
301,1110.3913,3349.0657,-39.4968,2955.5231,3349.7623,1109.6946,1110.3913,3349.0657
302,1137.5560,3358.4176,-29.3802,2958.9194,3358.8062,1137.1674,1137.5560,3358.4176
303,1125.0211,3350.1802,-34.3812,2953.6254,3350.7113,1124.4900,1125.0211,3350.1802
304,1123.2433,3423.0251,36.2186,3022.8830,3423.5953,1122.6731,1123.2433,3423.0251
305,1121.7104,3414.0075,37.6903,3014.6999,3414.6271,1121.0909,1121.7104,3414.0075
306,1090.0792,3516.1890,-5.7363,3117.5362,3516.2026,1090.0657,1090.0792,3516.1890
307,1126.1764,3296.2604,-18.1901,2902.1419,3296.4128,1126.0239,1126.1764,3296.2604
308,1112.3516,3284.6305,18.1024,2893.6901,3284.7813,1112.2007,1112.3516,3284.6305
309,1128.3746,3299.1802,29.5780,2904.7776,3299.5831,1127.9717,1128.3746,3299.1802
310,1122.3059,3489.8682,-11.3857,3085.8451,3489.9230,1122.2511,1122.3059,3489.8682
311,1108.8839,3505.4845,-9.2211,3103.4054,3505.5200,1108.8484,1108.8839,3505.4845
312,1109.0908,3486.9086,-25.8254,3085.9871,3487.1891,1108.8103,1109.0908,3486.9086
313,1140.1619,3321.8018,-16.2632,2923.6515,3321.9230,1140.0407,1140.1619,3321.8018
314,1145.9611,3357.8032,-20.6247,2956.5915,3357.9955,1145.7688,1145.9611,3357.8032
315,1135.3867,3362.3410,24.1568,2962.8758,3362.6030,1135.1247,1135.3867,3362.3410
316,1128.5326,3321.5199,38.3291,2926.0971,3322.1896,1127.8629,1128.5326,3321.5199
317,1105.7888,3510.4293,8.6333,3108.7478,3510.4603,1105.7578,1105.7888,3510.4293
318,1105.4380,3382.1561,-60.7858,2988.8617,3383.7779,1103.8163,1105.4380,3382.1561
319,1151.0108,3356.4488,5.2480,2954.2085,3356.4613,1150.9983,1151.0108,3356.4488
320,1166.1284,3385.0213,-5.5129,2978.4134,3385.0350,1166.1147,1166.1284,3385.0213
321,1156.9274,3388.8833,-18.7814,2983.8527,3389.0413,1156.7694,1156.9274,3388.8833
322,1173.5114,3413.3220,-6.1422,3003.7371,3413.3388,1173.4946,1173.5114,3413.3220
323,1174.7325,3417.6049,4.1396,3007.5404,3417.6125,1174.7249,1174.7325,3417.6049
324,1171.8713,3428.8642,7.0265,3018.6673,3428.8860,1171.8494,1171.8713,3428.8642
325,1164.7895,3428.2309,11.7585,3019.3954,3428.2919,1164.7284,1164.7895,3428.2309
326,1166.1348,3393.8549,3.2264,2986.7139,3393.8595,1166.1301,1166.1348,3393.8549
327,1162.2483,3446.3440,-6.8240,3036.8965,3446.3644,1162.2279,1162.2483,3446.3440
328,1168.4261,3437.0581,-4.8712,3026.9970,3437.0685,1168.4156,1168.4261,3437.0581
329,1175.7536,3429.1357,1.7993,3018.2047,3429.1372,1175.7522,1175.7536,3429.1357
330,1146.0963,3435.1726,-19.1154,3029.5222,3435.3322,1145.9366,1146.0963,3435.1726
331,1136.9346,3415.9489,-32.8207,3013.4446,3416.4215,1136.4621,1136.9346,3415.9489
332,1177.0316,3421.6555,2.3721,3010.9384,3421.6581,1177.0291,1177.0316,3421.6555
333,1176.3069,3432.1471,3.3705,3020.9447,3432.1521,1176.3019,1176.3069,3432.1471
334,1153.9935,3449.9846,-12.9528,3041.9300,3450.0576,1153.9204,1153.9935,3449.9846
335,1132.9297,3464.2634,-21.0011,3059.6089,3464.4526,1132.7405,1132.9297,3464.2634
336,1173.3808,3435.1659,-2.6417,3024.3099,3435.1690,1173.3777,1173.3808,3435.1659
337,1167.8092,3437.1098,-4.2752,3027.1552,3437.1179,1167.8011,1167.8092,3437.1098
338,1122.2727,3484.1454,-5.8136,3080.3742,3484.1597,1122.2584,1122.2727,3484.1454
339,1101.9810,3522.0713,-2.7270,3120.5953,3522.0744,1101.9779,1101.9810,3522.0713
340,1133.0768,3386.6271,30.0893,2986.3881,3387.0288,1132.6751,1133.0768,3386.6271
341,1151.0612,3386.3335,19.0054,2982.5163,3386.4951,1150.8997,1151.0612,3386.3335
342,1144.8461,3438.6582,17.0309,3033.0148,3438.7847,1144.7197,1144.8461,3438.6582
343,1130.2236,3464.5245,16.1323,3060.2989,3464.6360,1130.1121,1130.2236,3464.5245
344,1126.3126,3454.1235,31.8700,3051.5854,3454.5598,1125.8764,1126.3126,3454.1235
345,1144.5075,3457.5937,10.1057,3050.8878,3457.6379,1144.4633,1144.5075,3457.5937
346,1132.1254,3473.0639,15.7663,3068.0096,3473.1701,1132.0193,1132.1254,3473.0639
347,1129.2520,3477.1386,1.4624,3072.3189,3477.1395,1129.2511,1129.2520,3477.1386
348,1136.2354,3422.6940,27.3544,3019.7887,3423.0212,1135.9082,1136.2354,3422.6940
349,1148.5012,3401.5024,25.2020,2997.4238,3401.7842,1148.2193,1148.5012,3401.5024
350,1145.7764,3369.4850,-19.2113,2967.6023,3369.6510,1145.6104,1145.7764,3369.4850
351,1140.0317,3328.6499,-17.9114,2930.1499,3328.7965,1139.8851,1140.0317,3328.6499
352,1125.0603,3313.3526,19.6364,2918.4758,3313.5288,1124.8842,1125.0603,3313.3526
353,1135.0128,3475.1435,-12.2657,3069.3640,3475.2078,1134.9486,1135.0128,3475.1435
354,1127.4439,3318.0422,17.3986,2922.4195,3318.1804,1127.3057,1127.4439,3318.0422
355,1134.0700,3449.2572,22.1489,3045.2032,3449.4690,1133.8581,1134.0700,3449.2572
356,1112.4029,3461.3973,39.4628,3061.5217,3462.0600,1111.7401,1112.4029,3461.3973
357,1112.6925,3427.3521,44.0338,3029.3655,3428.1895,1111.8551,1112.6925,3427.3521
358,1113.4470,3451.6853,41.5264,3052.1796,3452.4225,1112.7097,1113.4470,3451.6853
359,1115.2341,3258.2742,-25.2371,2868.4962,3258.5714,1114.9369,1115.2341,3258.2742
360,1121.3003,3247.4835,2.0366,2856.9339,3247.4854,1121.2983,1121.3003,3247.4835
361,1115.5224,3458.8852,-27.4560,3058.1161,3459.2068,1115.2008,1115.5224,3458.8852
362,1141.5460,3379.9246,-26.9589,2978.3986,3380.2492,1141.2214,1141.5460,3379.9246
363,1121.6186,3385.6981,-41.6147,2988.0953,3386.4627,1120.8539,1121.6186,3385.6981
364,1137.7482,3311.6774,14.4029,2914.5232,3311.7728,1137.6528,1137.7482,3311.6774
365,1136.5076,3369.0623,-28.3552,2969.1206,3369.4223,1136.1476,1136.5076,3369.0623
366,1134.8778,3346.0109,-25.5455,2947.6059,3346.3060,1134.5827,1134.8778,3346.0109
367,1140.4259,3365.5372,22.6232,2964.9286,3365.7672,1140.1959,1140.4259,3365.5372
368,1145.4032,3374.0907,23.7363,2972.1091,3374.3435,1145.1504,1145.4032,3374.0907
369,1121.6113,3371.4665,49.6078,2975.0136,3372.5598,1120.5180,1121.6113,3371.4665
370,1174.2515,3409.2502,-1.9542,2999.7580,3409.2519,1174.2498,1174.2515,3409.2502
371,1176.2214,3429.1233,-1.9649,3018.1098,3429.1250,1176.2196,1176.2214,3429.1233
372,1122.4341,3468.7556,21.4124,3065.9500,3468.9510,1122.2387,1122.4341,3468.7556
373,1095.8334,3487.2157,42.5381,3089.5866,3487.9722,1095.0769,1095.8334,3487.2157
374,1113.7041,3276.9715,9.0672,2886.0958,3277.0095,1113.6661,1113.7041,3276.9715
375,1157.8933,3452.4898,-2.4256,3043.4858,3452.4924,1157.8907,1157.8933,3452.4898
376,1133.2282,3475.5614,11.0271,3070.0967,3475.6133,1133.1763,1133.2282,3475.5614
377,1103.0951,3408.1213,-60.3795,3013.8953,3409.7019,1101.5146,1103.0951,3408.1213
378,1118.5176,3405.0500,-50.3811,3007.3998,3406.1596,1117.4081,1118.5176,3405.0500
379,1124.0009,3389.3353,37.4257,2990.9126,3389.9535,1123.3828,1124.0009,3389.3353
380,1136.0001,3329.3653,5.4756,2931.3990,3329.3789,1135.9865,1136.0001,3329.3653
381,1103.8616,3476.6596,-17.1615,3077.1423,3476.7837,1103.7375,1103.8616,3476.6596
382,1116.5913,3494.3913,-12.3731,3091.3102,3494.4557,1116.5269,1116.5913,3494.3913
383,1113.6751,3288.6100,44.0435,2898.0346,3289.5016,1112.7836,1113.6751,3288.6100
384,1131.2183,3408.9245,-37.9511,3008.0732,3409.5567,1130.5861,1131.2183,3408.9245
385,1155.1563,3396.2747,-18.3227,2991.1280,3396.4245,1155.0065,1155.1563,3396.2747
386,1116.4476,3488.6178,4.7152,3085.7928,3488.6272,1116.4382,1116.4476,3488.6178
387,1114.5010,3442.5374,43.6856,3043.3847,3443.3569,1113.6815,1114.5010,3442.5374
388,1116.2554,3418.3124,50.0272,3020.3781,3419.3990,1115.1687,1116.2554,3418.3124
389,1130.9138,3302.8792,-8.7298,2907.3930,3302.9143,1130.8787,1130.9138,3302.8792
390,1168.2362,3420.0097,-6.1829,3010.9762,3420.0266,1168.2193,1168.2362,3420.0097
391,1174.5315,3429.7522,-4.9565,3019.0141,3429.7631,1174.5206,1174.5315,3429.7522
392,1158.0319,3377.7644,4.1689,2973.0159,3377.7722,1158.0240,1158.0319,3377.7644
393,1159.1876,3411.0563,19.1868,3004.3421,3411.2198,1159.0241,1159.1876,3411.0563
394,1157.6695,3403.5318,13.0282,2997.4275,3403.6074,1157.5939,1157.6695,3403.5318
395,1148.8685,3350.2807,20.3947,2948.9821,3350.4696,1148.6796,1148.8685,3350.2807
396,1163.2626,3397.1350,-5.4018,2990.3233,3397.1481,1163.2495,1163.2626,3397.1350
397,1167.5455,3393.0925,-4.6886,2985.7520,3393.1023,1167.5356,1167.5455,3393.0925
398,1157.6084,3382.1969,-3.4950,2977.2622,3382.2024,1157.6029,1157.6084,3382.1969
399,1165.4198,3389.4312,-10.2063,2982.7252,3389.4780,1165.3729,1165.4198,3389.4312
400,1130.5889,3419.5699,-30.3366,3017.9998,3419.9719,1130.1869,1130.5889,3419.5699
401,1129.7609,3443.1925,-24.0431,3040.3428,3443.4424,1129.5110,1129.7609,3443.1925
402,1168.8322,3443.7222,1.3295,3033.1936,3443.7230,1168.8314,1168.8322,3443.7222
403,1155.4389,3452.3444,4.1328,3043.8132,3452.3518,1155.4315,1155.4389,3452.3444
404,1155.3104,3429.0256,-15.5762,3021.9360,3429.1323,1155.2037,1155.3104,3429.0256
405,1177.7937,3429.7421,0.7099,3018.4105,3429.7423,1177.7934,1177.7937,3429.7421
406,1171.7729,3406.6865,1.7275,2997.7843,3406.6879,1171.7716,1171.7729,3406.6865
407,1180.5612,3428.2429,-0.4959,3016.5086,3428.2430,1180.5611,1180.5612,3428.2429
408,1178.3376,3424.9479,2.3444,3013.8047,3424.9503,1178.3351,1178.3376,3424.9479
409,1170.1854,3424.7743,5.3259,3015.1081,3424.7869,1170.1728,1170.1854,3424.7743
410,1164.5052,3416.6529,9.0546,3008.5088,3416.6893,1164.4688,1164.5052,3416.6529
411,1169.5261,3440.5761,1.7241,3030.1024,3440.5774,1169.5248,1169.5261,3440.5761
412,1169.2450,3439.9038,-4.7362,3029.5295,3439.9137,1169.2351,1169.2450,3439.9038
413,1161.6812,3448.8216,2.5749,3039.3194,3448.8245,1161.6783,1161.6812,3448.8216
414,1147.6112,3463.2852,-3.0817,3055.6307,3463.2893,1147.6071,1147.6112,3463.2852
415,1115.4607,3481.2946,-14.2628,3079.1277,3481.3806,1115.3747,1115.4607,3481.2946
416,1141.1869,3458.9361,-10.7043,3052.8016,3458.9856,1141.1374,1141.1869,3458.9361
417,1159.2929,3425.9390,-13.4960,3018.2607,3426.0193,1159.2126,1159.2929,3425.9390
418,1114.1335,3452.1672,-43.0264,3052.5614,3452.9588,1113.3420,1114.1335,3452.1672
419,1127.1074,3439.5691,-37.0923,3037.8233,3440.1639,1126.5126,1127.1074,3439.5691
420,1135.1667,3457.2242,18.5214,3052.4590,3457.3719,1135.0190,1135.1667,3457.2242
421,1123.3298,3455.4876,28.0312,3053.3539,3455.8245,1122.9929,1123.3298,3455.4876
422,1132.7341,3300.1268,6.2012,2904.4573,3300.1445,1132.7164,1132.7341,3300.1268
423,1127.8448,3283.8805,14.6031,2890.1276,3283.9794,1127.7459,1127.8448,3283.8805
424,1123.3986,3444.4222,31.4340,3042.9548,3444.8479,1122.9730,1123.3986,3444.4222
425,1128.7571,3480.2607,4.3703,3075.3854,3480.2688,1128.7490,1128.7571,3480.2607
426,1115.9394,3492.7977,5.1896,3089.8684,3492.8090,1115.9281,1115.9394,3492.7977
427,1140.3906,3470.9039,0.7359,3064.2258,3470.9041,1140.3904,1140.3906,3470.9039
428,1132.5689,3481.1685,-4.6441,3075.4915,3481.1777,1132.5597,1132.5689,3481.1685
429,1133.7112,3385.6956,-34.0798,2985.5183,3386.2112,1133.1955,1133.7112,3385.6956
430,1145.2093,3418.2403,-23.0416,3013.7789,3418.4738,1144.9757,1145.2093,3418.2403
431,1132.7761,3472.1798,-8.3838,3066.9566,3472.2098,1132.7460,1132.7761,3472.1798
432,1128.1973,3483.1271,2.9443,3078.2097,3483.1307,1128.1936,1128.1973,3483.1271
433,1125.4681,3306.5969,11.0742,2911.8997,3306.6531,1125.4119,1125.4681,3306.5969
434,1137.8190,3315.7666,19.6043,2918.4501,3315.9431,1137.6426,1137.8190,3315.7666
435,1127.4249,3397.7569,40.7591,2998.3507,3398.4884,1126.6934,1127.4249,3397.7569
436,1138.7123,3409.3082,32.2045,3006.8153,3409.7649,1138.2556,1138.7123,3409.3082
437,1134.0888,3305.3233,-14.5007,2909.1958,3305.4202,1133.9920,1134.0888,3305.3233
438,1138.1245,3355.4912,-27.2884,2955.9966,3355.8269,1137.7887,1138.1245,3355.4912
439,1133.7534,3331.9107,-27.1525,2934.5651,3332.2460,1133.4181,1133.7534,3331.9107
440,1178.9823,3428.2511,0.2333,3016.7959,3428.2511,1178.9823,1178.9823,3428.2511
441,1179.4353,3428.1148,-1.6499,3016.5887,3428.1160,1179.4341,1179.4353,3428.1148
442,1138.7049,3434.2841,30.1249,3030.3535,3434.6793,1138.3097,1138.7049,3434.2841
443,1150.3129,3437.5053,21.5199,3030.9809,3437.7078,1150.1105,1150.3129,3437.5053
444,1164.2064,3423.4512,11.4316,3014.9930,3423.5090,1164.1486,1164.2064,3423.4512
445,1156.3500,3434.0412,13.3240,3026.4440,3434.1191,1156.2721,1156.3500,3434.0412
446,1132.8381,3370.9667,40.5445,2972.0213,3371.7010,1132.1038,1132.8381,3370.9667
447,1122.9744,3349.3180,31.5806,2953.0994,3349.7659,1122.5265,1122.9744,3349.3180
448,1134.8988,3462.1648,-17.3314,3057.1677,3462.2938,1134.7697,1134.8988,3462.1648
449,1126.5347,3302.9858,0.9710,2908.2418,3302.9863,1126.5343,1126.5347,3302.9858
450,1132.6552,3322.4324,-22.8857,2925.7248,3322.6716,1132.4160,1132.6552,3322.4324
451,1108.6279,3448.3595,35.9193,3049.7807,3448.9108,1108.0766,1108.6279,3448.3595
452,1112.9234,3470.0160,37.0816,3069.5069,3470.5992,1112.3402,1112.9234,3470.0160
453,1145.2114,3462.9675,9.4594,3055.8292,3463.0061,1145.1728,1145.2114,3462.9675
454,1129.4403,3307.5706,30.7498,2912.5233,3308.0046,1129.0062,1129.4403,3307.5706
455,1153.5542,3353.2854,6.7260,2950.7880,3353.3060,1153.5337,1153.5542,3353.2854
456,1142.0682,3331.1647,-7.3788,2932.0170,3331.1895,1142.0433,1142.0682,3331.1647
457,1098.6254,3394.5233,57.8289,3001.7477,3395.9790,1097.1697,1098.6254,3394.5233
458,1116.3736,3408.2720,49.9306,3010.8442,3409.3593,1115.2863,1116.3736,3408.2720
459,1121.6751,3389.4959,37.0751,2991.4959,3390.1018,1121.0692,1121.6751,3389.4959
460,1112.2526,3368.0522,45.0065,2973.3539,3368.9498,1111.3551,1112.2526,3368.0522
461,1127.1217,3374.3502,40.8275,2976.2963,3375.0917,1126.3802,1127.1217,3374.3502
462,1114.2954,3359.4980,-44.6664,2964.8597,3360.3863,1113.4072,1114.2954,3359.4980
463,1106.5210,3484.4514,-26.4437,3084.1968,3484.7455,1106.2269,1106.5210,3484.4514
464,1104.3671,3500.6786,6.4296,3099.7527,3500.6958,1104.3499,1104.3671,3500.6786
465,1106.4504,3495.9205,-5.2159,3094.7878,3495.9319,1106.4390,1106.4504,3495.9205
466,1150.6812,3351.7367,-12.3505,2949.8954,3351.8060,1150.6119,1150.6812,3351.7367
467,1144.9881,3329.2818,-9.9276,2929.7479,3329.3269,1144.9429,1144.9881,3329.2818
468,1109.3632,3393.7964,44.8213,2998.2686,3394.6754,1108.4841,1109.3632,3393.7964
469,1111.5356,3418.3686,46.0086,3021.1699,3419.2859,1110.6183,1111.5356,3418.3686
470,1092.4989,3503.8837,28.3727,3105.6692,3504.2175,1092.1651,1092.4989,3503.8837
471,1111.8298,3484.8282,28.4710,3083.5190,3485.1698,1111.4882,1111.8298,3484.8282
472,1144.8373,3341.5728,19.8346,2941.4936,3341.7519,1144.6582,1144.8373,3341.5728
473,1135.4842,3324.7357,26.5461,2927.4769,3325.0575,1135.1623,1135.4842,3324.7357
474,1168.7048,3403.7842,-1.2135,2995.5973,3403.7849,1168.7041,1168.7048,3403.7842
475,1178.8892,3423.3819,-0.8198,3012.2313,3423.3822,1178.8889,1178.8892,3423.3819
476,1174.8343,3431.5648,1.7357,3020.6558,3431.5661,1174.8330,1174.8343,3431.5648
477,1164.7460,3413.5180,13.8391,3005.5667,3413.6031,1164.6608,1164.7460,3413.5180
478,1164.0776,3382.1184,-0.6108,2976.0299,3382.1185,1164.0774,1164.0776,3382.1184
479,1169.8942,3396.6811,-1.4521,2988.7027,3396.6821,1169.8933,1169.8942,3396.6811
480,1166.1138,3439.4615,-9.0351,3029.7125,3439.4974,1166.0779,1166.1138,3439.4615
481,1157.8691,3418.5484,-15.4995,3011.5815,3418.6547,1157.7628,1157.8691,3418.5484
482,1150.5476,3420.6407,-19.2428,3014.9699,3420.8038,1150.3845,1150.5476,3420.6407
483,1174.7216,3425.3924,2.2983,3014.8661,3425.3947,1174.7193,1174.7216,3425.3924
484,1179.8367,3425.8284,-1.1993,3014.3658,3425.8290,1179.8360,1179.8367,3425.8284
485,1150.0427,3396.5578,-19.1858,2992.3437,3396.7217,1149.8789,1150.0427,3396.5578
486,1168.6585,3415.7995,-11.5908,3006.9834,3415.8593,1168.5987,1168.6585,3415.7995
487,1167.8483,3422.0210,12.0373,3012.9936,3422.0852,1167.7841,1167.8483,3422.0210
488,1161.3006,3410.7131,16.4333,3003.5862,3410.8332,1161.1805,1161.3006,3410.7131
489,1142.6048,3446.9654,-17.6589,3041.3044,3447.1007,1142.4695,1142.6048,3446.9654
490,1141.3415,3429.6450,-21.7976,3025.2528,3429.8526,1141.1339,1141.3415,3429.6450
491,1173.9290,3437.4696,-0.2230,3026.3777,3437.4697,1173.9289,1173.9290,3437.4696
492,1179.8879,3430.4827,-0.1234,3018.7351,3430.4827,1179.8879,1179.8879,3430.4827
493,1137.0744,3346.3312,16.9309,2947.3214,3346.4610,1136.9447,1137.0744,3346.3312
494,1147.6132,3339.0273,13.9555,2938.5016,3339.1161,1147.5244,1147.6132,3339.0273
495,1150.9248,3460.5015,-0.5261,3052.3634,3460.5016,1150.9247,1150.9248,3460.5015
496,1163.4205,3448.5329,3.3994,3038.7278,3448.5379,1163.4155,1163.4205,3448.5329
497,1170.0208,3406.1674,-9.3462,2997.6491,3406.2064,1169.9817,1170.0208,3406.1674
498,1146.5176,3395.1276,23.0930,2991.7253,3395.3648,1146.2805,1146.5176,3395.1276
499,1148.3089,3418.3590,24.3248,3013.3427,3418.6196,1148.0483,1148.3089,3418.3590
500,1152.1113,3456.1204,3.3043,3048.0036,3456.1251,1152.1066,1152.1113,3456.1204
501,1152.3191,3457.0255,2.8054,3048.8181,3457.0289,1152.3156,1152.3191,3457.0255
502,1142.7029,3388.2888,-28.2498,2986.1108,3388.6441,1142.3476,1142.7029,3388.2888
503,1129.7903,3374.3003,-35.8065,2975.5543,3374.8714,1129.2192,1129.7903,3374.3003
504,1145.7493,3417.1244,22.3649,3012.6090,3417.3446,1145.5291,1145.7493,3417.1244
505,1143.9939,3396.9752,24.5247,2993.9686,3397.2422,1143.7270,1143.9939,3396.9752
506,1160.0424,3392.0082,8.9292,2986.0984,3392.0439,1160.0066,1160.0424,3392.0082
507,1145.3709,3385.0412,23.8745,2982.4421,3385.2957,1145.1164,1145.3709,3385.0412
508,1110.0679,3494.9961,20.6582,3093.3551,3495.1750,1109.8889,1110.0679,3494.9961
509,1153.6926,3397.1620,21.9386,2992.3034,3397.3766,1153.4781,1153.6926,3397.1620
510,1147.5787,3362.5522,24.3676,2960.8583,3362.8202,1147.3107,1147.5787,3362.5522
511,1173.2125,3437.3289,-1.1901,3026.3748,3437.3295,1173.2118,1173.2125,3437.3289
512,1173.5628,3434.4469,-1.8344,3023.5982,3434.4484,1173.5613,1173.5628,3434.4469
513,1156.1313,3376.7934,-16.3830,2972.5682,3376.9142,1156.0105,1156.1313,3376.7934
514,1148.8877,3356.9334,-7.4715,2955.0589,3356.9587,1148.8624,1148.8877,3356.9334
515,1135.0513,3430.0521,-26.7398,3026.9553,3430.3636,1134.7398,1135.0513,3430.0521
516,1121.6861,3459.2200,-27.6428,3057.2072,3459.5468,1121.3593,1121.6861,3459.2200
517,1133.5877,3340.9824,21.6040,2943.0067,3341.1938,1133.3762,1133.5877,3340.9824
518,1125.9385,3350.1608,-35.9371,2953.4919,3350.7413,1125.3580,1125.9385,3350.1608
519,1117.0578,3313.3259,-32.9663,2920.2792,3313.8206,1116.5630,1117.0578,3313.3259
520,1153.8063,3350.2676,-5.6665,2947.8973,3350.2822,1153.7917,1153.8063,3350.2676
521,1131.9825,3324.1969,-14.7561,2927.3521,3324.2962,1131.8831,1131.9825,3324.1969
522,1144.1041,3348.2107,0.0956,2947.6749,3348.2107,1144.1041,1144.1041,3348.2107
523,1139.2451,3309.8167,11.1640,2912.4642,3309.8742,1139.1877,1139.2451,3309.8167
524,1140.9816,3466.0801,-0.3852,3059.5452,3466.0801,1140.9816,1140.9816,3466.0801
525,1151.3991,3456.3588,-1.1720,3048.3589,3456.3594,1151.3985,1151.3991,3456.3588
526,1136.7290,3317.6002,-15.4007,2920.2950,3317.7090,1136.6203,1136.7290,3317.6002
527,1123.7881,3291.9927,-18.5067,2898.5585,3292.1507,1123.6301,1123.7881,3291.9927
528,1115.2793,3500.0552,1.7133,3096.8861,3500.0564,1115.2781,1115.2793,3500.0552
529,1092.0395,3519.6497,15.6134,3120.5159,3519.7501,1091.9391,1092.0395,3519.6497
530,1136.1109,3441.7900,23.7550,3037.7795,3442.0347,1135.8662,1136.1109,3441.7900
531,1137.9812,3455.6625,22.3907,3050.5130,3455.8788,1137.7649,1137.9812,3455.6625
532,1138.6025,3449.0751,26.5278,3044.2602,3449.3796,1138.2979,1138.6025,3449.0751
533,1125.3497,3460.5246,30.9717,3057.8129,3460.9353,1124.9390,1125.3497,3460.5246
534,1160.8114,3437.3768,-9.3406,3028.7222,3437.4151,1160.7731,1160.8114,3437.3768
535,1168.3609,3436.1380,-7.6453,3026.1589,3436.1638,1168.3351,1168.3609,3436.1380
536,1151.3881,3384.8973,-15.5577,2981.0434,3385.0056,1151.2798,1151.3881,3384.8973
537,1150.4385,3370.4568,-12.3711,2967.5652,3370.5257,1150.3695,1150.4385,3370.4568
538,1112.0872,3403.8304,-46.0256,3007.2908,3404.7543,1111.1632,1112.0872,3403.8304
539,1122.9051,3397.1691,-38.0442,2998.5526,3397.8053,1122.2689,1122.9051,3397.1691
540,1100.8566,3444.2219,-57.2414,3048.4069,3445.6193,1099.4592,1100.8566,3444.2219
541,1120.0252,3432.1245,-34.2497,3032.0601,3432.6318,1119.5180,1120.0252,3432.1245
542,1110.2529,3277.3062,-12.3715,2887.0777,3277.3768,1110.1823,1110.2529,3277.3062
543,1144.5230,3407.9330,-26.9219,3004.2731,3408.2532,1144.2029,1144.5230,3407.9330
544,1155.5542,3423.6041,-17.1649,3016.8020,3423.7340,1155.4243,1155.5542,3423.6041
545,1175.5186,3414.8404,-0.8562,3004.7916,3414.8408,1175.5183,1175.5186,3414.8404
546,1166.6020,3401.0593,3.3130,2993.4120,3401.0643,1166.5971,1166.6020,3401.0593
547,1160.3093,3395.1473,15.8695,2989.0931,3395.2600,1160.1966,1160.3093,3395.1473
548,1180.2805,3429.8380,-0.0774,3018.0589,3429.8380,1180.2805,1180.2805,3429.8380
549,1179.5782,3425.3286,-1.7909,3013.9421,3425.3300,1179.5768,1179.5782,3425.3286
550,1168.9995,3409.7627,-11.0772,3001.2329,3409.8175,1168.9448,1168.9995,3409.7627
551,1165.0012,3418.6733,-10.2737,3010.3344,3418.7202,1164.9543,1165.0012,3418.6733
552,1169.3441,3411.6320,8.2617,3002.9038,3411.6624,1169.3136,1169.3441,3411.6320
553,1175.6766,3417.2639,0.5716,3007.0437,3417.2640,1175.6764,1175.6766,3417.2639
554,1173.8849,3419.3998,-7.0933,3009.3969,3419.4222,1173.8625,1173.8849,3419.3998
555,1167.8518,3429.2801,10.8937,3019.8187,3429.3326,1167.7993,1167.8518,3429.2801
556,1172.2212,3432.2960,4.8330,3021.8237,3432.3064,1172.2109,1172.2212,3432.2960
557,1158.1819,3380.4013,16.0998,2975.5934,3380.5179,1158.0652,1158.1819,3380.4013
558,1163.4318,3399.1507,12.2645,2992.2517,3399.2180,1163.3646,1163.4318,3399.1507
559,1163.6487,3392.4307,2.3467,2985.8136,3392.4331,1163.6462,1163.6487,3392.4307
560,1169.4135,3405.8200,0.9479,2997.3870,3405.8204,1169.4131,1169.4135,3405.8200
561,1178.3585,3432.1716,0.1759,3020.5963,3432.1716,1178.3585,1178.3585,3432.1716
562,1175.2488,3434.1743,1.5633,3023.0384,3434.1754,1175.2478,1175.2488,3434.1743
563,1148.2804,3432.9214,21.3913,3027.0304,3433.1216,1148.0802,1148.2804,3432.9214
564,1146.2654,3413.2699,22.3035,3008.8727,3413.4893,1146.0460,1146.2654,3413.2699
565,1148.6493,3403.3818,-21.9469,2999.0925,3403.5954,1148.4357,1148.6493,3403.3818
566,1151.8732,3436.0169,-15.2570,3029.1693,3436.1188,1151.7712,1151.8732,3436.0169
567,1164.6170,3426.2831,-11.8032,3017.5916,3426.3447,1164.5554,1164.6170,3426.2831
568,1156.1362,3437.7339,-12.5389,3029.9584,3437.8028,1156.0673,1156.1362,3437.7339
569,1124.0996,3478.3390,-20.6014,3074.6896,3478.5193,1123.9193,1124.0996,3478.3390
570,1135.1600,3472.2296,-3.7835,3066.5084,3472.2358,1135.1539,1135.1600,3472.2296
571,1162.1466,3387.8652,-1.0108,2981.7818,3387.8657,1162.1461,1162.1466,3387.8652
572,1147.5644,3344.4404,0.1067,2943.5056,3344.4404,1147.5644,1147.5644,3344.4404
573,1114.8616,3300.9774,-28.3730,2908.8916,3301.3455,1114.4934,1114.8616,3300.9774
574,1121.1449,3322.6684,-37.0358,2928.4832,3323.2913,1120.5220,1121.1449,3322.6684
575,1151.7286,3355.3751,-6.2206,2953.0756,3355.3926,1151.7110,1151.7286,3355.3751
576,1152.0208,3367.8613,2.5724,2964.7623,3367.8643,1152.0178,1152.0208,3367.8613
577,1167.9553,3440.5458,-1.0442,3030.3588,3440.5463,1167.9548,1167.9553,3440.5458
578,1157.0993,3449.1906,-10.7820,3040.5735,3449.2413,1157.0486,1157.0993,3449.1906
579,1136.8472,3470.7204,7.7819,3064.7716,3470.7464,1136.8213,1136.8472,3470.7204
580,1133.6856,3449.9436,-22.2015,3045.9286,3450.1563,1133.4728,1133.6856,3449.9436
581,1155.0363,3413.6667,21.3879,3007.6057,3413.8692,1154.8338,1155.0363,3413.6667
582,1163.1838,3431.2802,8.4428,3022.5295,3431.3116,1163.1524,1163.1838,3431.2802
583,1156.7754,3378.3849,-6.1333,2973.8349,3378.4018,1156.7584,1156.7754,3378.3849
584,1163.8866,3393.9918,-13.3684,2987.3277,3394.0719,1163.8065,1163.8866,3393.9918
585,1166.5927,3443.6752,-1.6878,3033.5589,3443.6764,1166.5915,1166.5927,3443.6752
586,1155.7115,3452.9731,7.9835,3044.3789,3453.0008,1155.6837,1155.7115,3452.9731
587,1170.2290,3428.4923,5.5215,3018.6033,3428.5058,1170.2155,1170.2290,3428.4923
588,1157.6744,3437.0566,14.7993,3029.0647,3437.1527,1157.5783,1157.6744,3437.0566
589,1105.4571,3417.9495,-44.7849,3021.9256,3418.8165,1104.5901,1105.4571,3417.9495
590,1109.5379,3431.5203,-45.5823,3034.0134,3432.4147,1108.6435,1109.5379,3431.5203
591,1125.1180,3301.1940,-9.3686,2906.8544,3301.2343,1125.0776,1125.1180,3301.1940
592,1160.4545,3367.6160,-3.8600,2963.0343,3367.6228,1160.4477,1160.4545,3367.6160
593,1148.3511,3332.2988,5.0416,2931.9538,3332.3104,1148.3394,1148.3511,3332.2988
594,1165.1842,3443.2627,-2.1357,3033.4288,3443.2647,1165.1822,1165.1842,3443.2627
595,1172.1529,3428.8333,-7.6933,3018.5925,3428.8595,1172.1267,1172.1529,3428.8333
596,1141.1823,3469.1192,2.9754,3062.3870,3469.1230,1141.1785,1141.1823,3469.1192
597,1138.7061,3368.6475,-27.8015,2968.3088,3368.9941,1138.3595,1138.7061,3368.6475
598,1133.0143,3346.9109,-27.0083,2948.8344,3347.2403,1132.6849,1133.0143,3346.9109
599,1133.9882,3450.3237,-28.7078,3046.3928,3450.6795,1133.6325,1133.9882,3450.3237
600,1124.0510,3462.6787,-34.5233,3060.2259,3463.1882,1123.5414,1124.0510,3462.6787
601,1107.2600,3505.9504,13.1059,3104.2277,3506.0220,1107.1884,1107.2600,3505.9504
602,1120.1689,3489.9798,12.4468,3086.3951,3490.0451,1120.1036,1120.1689,3489.9798
603,1139.4294,3379.7580,-31.7375,2978.7732,3380.2075,1138.9799,1139.4294,3379.7580
604,1140.4368,3400.5136,-30.9708,2998.1486,3400.9379,1140.0125,1140.4368,3400.5136
605,1144.8265,3351.1370,11.4422,2950.3677,3351.1963,1144.7671,1144.8265,3351.1370
606,1134.7296,3331.8909,13.9207,2934.0917,3331.9791,1134.6414,1134.7296,3331.8909
607,1138.9845,3414.7080,34.7027,3011.9478,3415.2370,1138.4555,1138.9845,3414.7080
608,1132.1825,3375.2725,30.1370,2975.8363,3375.6773,1131.7776,1132.1825,3375.2725
609,1137.2568,3395.2160,33.9722,2993.8394,3395.7270,1136.7458,1137.2568,3395.2160
610,1177.4669,3432.7318,-0.8591,3021.2829,3432.7321,1177.4666,1177.4669,3432.7318
611,1176.7889,3431.3307,1.9455,3020.0864,3431.3324,1176.7872,1176.7889,3431.3307
612,1123.3000,3381.7015,-50.6707,2984.4171,3382.8378,1122.1637,1123.3000,3381.7015
613,1174.1347,3416.7153,0.1007,3006.8009,3416.7153,1174.1347,1174.1347,3416.7153
614,1170.8933,3400.5231,-5.6518,2992.1555,3400.5374,1170.8790,1170.8933,3400.5231
615,1163.8465,3403.2507,9.4992,2996.0079,3403.2910,1163.8062,1163.8465,3403.2507
616,1155.0875,3389.2311,12.0698,2984.4083,3389.2963,1155.0223,1155.0875,3389.2311
617,1151.5873,3386.9665,-21.1915,2983.0614,3387.1674,1151.3864,1151.5873,3386.9665
618,1154.5662,3400.1357,-22.2127,2994.9532,3400.3554,1154.3465,1154.5662,3400.1357
619,1176.3759,3425.4359,-1.6265,3014.6110,3425.4371,1176.3747,1176.3759,3425.4359
620,1179.0926,3427.2996,0.2361,3015.8811,3427.2997,1179.0925,1179.0926,3427.2996
621,1168.7939,3411.5178,-4.4082,3002.8703,3411.5265,1168.7852,1168.7939,3411.5178
622,1172.8519,3407.4808,-3.8612,2998.3465,3407.4875,1172.8452,1172.8519,3407.4808
623,1177.1889,3432.7952,0.5419,3021.3919,3432.7953,1177.1888,1177.1889,3432.7952
624,1175.5967,3426.8686,3.9681,3016.1048,3426.8756,1175.5897,1175.5967,3426.8686
625,1157.4026,3398.0455,19.1722,2992.4054,3398.2095,1157.2386,1157.4026,3398.0455
626,1154.2629,3408.9969,16.2772,3003.2480,3409.1144,1154.1454,1154.2629,3408.9969
627,1178.3998,3424.6647,0.0050,3013.5245,3424.6647,1178.3998,1178.3998,3424.6647
628,1179.3954,3429.2427,-0.2987,3017.6558,3429.2428,1179.3953,1179.3954,3429.2427
629,1162.1211,3387.0961,8.7729,2981.1005,3387.1307,1162.0865,1162.1211,3387.0961
630,1154.7116,3366.0342,-0.2633,2962.5575,3366.0343,1154.7116,1154.7116,3366.0342
631,1160.6457,3448.1653,-1.3812,3038.8895,3448.1661,1160.6449,1160.6457,3448.1653
632,1159.8863,3450.9241,-0.8319,3041.6337,3450.9244,1159.8860,1159.8863,3450.9241
633,1170.0634,3422.8792,8.2348,3013.3649,3422.9093,1170.0333,1170.0634,3422.8792
634,1167.4301,3405.9189,6.0527,2997.8516,3405.9352,1167.4137,1167.4301,3405.9189
635,1145.4484,3449.0616,-14.0944,3042.6883,3449.1479,1145.3621,1145.4484,3449.0616
636,1147.5858,3437.8550,-20.8518,3031.8099,3438.0449,1147.3960,1147.5858,3437.8550
637,1115.6872,3360.8090,-44.5066,2965.8264,3361.6910,1114.8053,1115.6872,3360.8090
638,1163.3198,3403.9477,-14.6197,2996.8207,3404.0431,1163.2244,1163.3198,3403.9477
639,1158.1692,3412.1337,-16.4981,3005.4951,3412.2545,1158.0484,1158.1692,3412.1337
640,1146.9563,3430.2545,19.9010,3024.7299,3430.4280,1146.7829,1146.9563,3430.2545
641,1146.5046,3445.0990,15.7023,3038.7659,3445.2063,1146.3973,1146.5046,3445.0990
642,1144.2921,3450.0329,-20.1385,3043.9288,3450.2088,1144.1162,1144.2921,3450.0329
643,1153.2609,3441.0611,-16.8284,3033.6975,3441.1848,1153.1371,1153.2609,3441.0611
644,1176.2288,3427.2282,-4.2325,3016.3316,3427.2361,1176.2208,1176.2288,3427.2282
645,1135.0959,3469.7440,-17.5066,3064.3096,3469.8752,1134.9646,1135.0959,3469.7440
646,1133.3150,3463.1620,-24.5131,3058.5688,3463.4199,1133.0572,1133.3150,3463.1620
647,1106.5451,3478.7588,16.6951,3078.5772,3478.8763,1106.4276,1106.5451,3478.7588
648,1167.1792,3438.7990,4.1684,3028.8618,3438.8067,1167.1715,1167.1792,3438.7990
649,1159.7972,3431.4852,15.5291,3023.4280,3431.5913,1159.6910,1159.7972,3431.4852
650,1111.3474,3314.7553,-42.7146,2923.0677,3315.5830,1110.5197,1111.3474,3314.7553
651,1119.3954,3343.0758,-45.8290,2948.4367,3344.0199,1118.4513,1119.3954,3343.0758
652,1176.0289,3423.9641,4.9261,3013.2983,3423.9749,1176.0181,1176.0289,3423.9641
653,1172.6847,3412.4143,1.9911,3003.0130,3412.4161,1172.6829,1172.6847,3412.4143
654,1147.0119,3451.8071,18.0371,3045.0486,3451.9483,1146.8707,1147.0119,3451.8071
655,1162.8609,3439.0719,-5.8876,3029.9180,3439.0872,1162.8457,1162.8609,3439.0719
656,1173.6299,3420.7839,2.9973,3010.7245,3420.7879,1173.6259,1173.6299,3420.7839
657,1170.2016,3412.1955,6.0739,3003.2656,3412.2120,1170.1851,1170.2016,3412.1955
658,1162.7762,3448.0319,3.1842,3038.3735,3448.0363,1162.7717,1162.7762,3448.0319
659,1172.8399,3435.8837,2.6695,3025.0835,3435.8868,1172.8368,1172.8399,3435.8837
660,1180.7697,3429.3391,0.2464,3017.5030,3429.3391,1180.7696,1180.7697,3429.3391
661,1180.3214,3429.5800,-0.5101,3017.8090,3429.5801,1180.3213,1180.3214,3429.5800
662,1142.8705,3398.8580,-25.3734,2995.9749,3399.1434,1142.5852,1142.8705,3398.8580
663,1146.1239,3424.1076,-23.6877,3019.1629,3424.3539,1145.8777,1146.1239,3424.1076
664,1176.8454,3421.8795,-3.7536,3011.1864,3421.8858,1176.8391,1176.8454,3421.8795
665,1177.0085,3418.0161,-2.8251,3007.5194,3418.0197,1177.0050,1177.0085,3418.0161
666,1169.4284,3411.4462,-3.4821,3002.6859,3411.4516,1169.4230,1169.4284,3411.4462
667,1174.8111,3413.2283,-4.9127,3003.4118,3413.2391,1174.8003,1174.8111,3413.2283
668,1146.3124,3459.7894,5.6430,3052.5843,3459.8032,1146.2986,1146.3124,3459.7894
669,1147.5189,3460.7149,5.6714,3053.2291,3460.7288,1147.5050,1147.5189,3460.7149
670,1119.1202,3265.7950,-31.0437,2875.0515,3266.2439,1118.6714,1119.1202,3265.7950
671,1145.6371,3356.9513,8.8866,2955.6717,3356.9870,1145.6013,1145.6371,3356.9513
672,1155.4469,3375.5765,19.4700,2971.6009,3375.7472,1155.2761,1155.4469,3375.5765
673,1152.3355,3405.9471,18.6767,3000.7675,3406.1019,1152.1807,1152.3355,3405.9471
674,1155.5425,3421.0973,20.6917,3014.5060,3421.2863,1155.3535,1155.5425,3421.0973
675,1175.1122,3423.6288,4.7157,3013.1448,3423.6387,1175.1023,1175.1122,3423.6288
676,1172.6794,3416.0097,3.6717,3006.4024,3416.0157,1172.6734,1172.6794,3416.0097
677,1155.5748,3352.2875,3.1352,2949.4737,3352.2920,1155.5703,1155.5748,3352.2875
678,1157.7761,3376.0903,4.3708,2971.4864,3376.0989,1157.7675,1157.7761,3376.0903
679,1149.3868,3411.1784,-22.3423,3006.3204,3411.3991,1149.1661,1149.3868,3411.1784
680,1151.6804,3427.8244,-20.0560,3021.5553,3428.0011,1151.5037,1151.6804,3427.8244
681,1107.0944,3494.5910,-3.2700,3093.3823,3494.5955,1107.0899,1107.0944,3494.5910
682,1145.7974,3384.6158,-22.2902,2981.9260,3384.8377,1145.5755,1145.7974,3384.6158
683,1144.3498,3366.3663,-20.1750,2964.9416,3366.5494,1144.1667,1144.3498,3366.3663
684,1162.7764,3383.7647,-9.8841,2977.8590,3383.8087,1162.7324,1162.7764,3383.7647
685,1154.4929,3364.2936,-12.3077,2961.0347,3364.3621,1154.4244,1154.4929,3364.2936
686,1113.1263,3302.6144,26.6749,2910.7077,3302.9393,1112.8013,1113.1263,3302.6144
687,1119.5991,3288.5447,19.0433,2896.0775,3288.7119,1119.4319,1119.5991,3288.5447
688,1156.4985,3398.4578,-12.5163,2992.8519,3398.5276,1156.4286,1156.4985,3398.4578
689,1156.4570,3374.8416,-12.8755,2970.6206,3374.9164,1156.3823,1156.4570,3374.8416
690,1167.0722,3421.5343,-12.0842,3012.6758,3421.5991,1167.0074,1167.0722,3421.5343
691,1159.8242,3431.5763,-13.5010,3023.4797,3431.6565,1159.7439,1159.8242,3431.5763
692,1137.6680,3448.5830,-26.3106,3043.9691,3448.8826,1137.3685,1137.6680,3448.5830
693,1172.8248,3422.5061,-3.6280,3012.4916,3422.5120,1172.8189,1172.8248,3422.5061
694,1173.0231,3428.0440,-3.6205,3017.6702,3428.0499,1173.0173,1173.0231,3428.0440
695,1089.3623,3502.5324,-16.0279,3104.7846,3502.6389,1089.2559,1089.3623,3502.5324
696,1152.2624,3414.2758,-16.7107,3008.6017,3414.3993,1152.1390,1152.2624,3414.2758
697,1168.1439,3438.9304,2.0428,3028.8033,3438.9322,1168.1421,1168.1439,3438.9304
698,1160.9649,3445.5610,7.2827,3036.3982,3445.5842,1160.9417,1160.9649,3445.5610
699,1177.5628,3419.1348,-1.8309,3008.4715,3419.1363,1177.5613,1177.5628,3419.1348
700,1179.6022,3427.0492,1.1970,3015.5558,3427.0498,1179.6016,1179.6022,3427.0492
701,1162.1471,3371.7618,5.5811,2966.6436,3371.7759,1162.1330,1162.1471,3371.7618
702,1173.4832,3421.9903,-2.8648,3011.8859,3421.9939,1173.4796,1173.4832,3421.9903
703,1115.9373,3345.5652,43.1347,2951.3156,3346.3994,1115.1031,1115.9373,3345.5652
704,1165.1271,3387.3443,-0.7063,2980.7612,3387.3445,1165.1268,1165.1271,3387.3443
705,1179.8208,3429.0714,1.3829,3017.4200,3429.0722,1179.8199,1179.8208,3429.0714
706,1178.1381,3432.1321,-0.5646,3020.5985,3432.1322,1178.1380,1178.1381,3432.1321
707,1171.2553,3427.5070,-8.4506,3017.5109,3427.5387,1171.2237,1171.2553,3427.5070
708,1177.2633,3431.0224,-1.2675,3019.7105,3431.0231,1177.2626,1177.2633,3431.0224
709,1169.1281,3441.8474,-3.3606,3031.3772,3441.8524,1169.1231,1169.1281,3441.8474
710,1095.9474,3480.0665,45.1122,3082.8719,3480.9198,1095.0940,1095.9474,3480.0665
711,1161.5767,3412.8688,-16.4616,3005.5678,3412.9891,1161.4564,1161.5767,3412.8688
712,1152.9660,3408.6534,-20.4634,3003.2388,3408.8390,1152.7804,1152.9660,3408.6534
713,1109.7535,3434.4767,38.8837,3036.4940,3435.1269,1109.1033,1109.7535,3434.4767
714,1109.5135,3496.5869,14.6668,3094.8789,3496.6771,1109.4234,1109.5135,3496.5869
715,1109.7289,3479.9280,31.3019,3079.3765,3480.3413,1109.3156,1109.7289,3479.9280
716,1111.5569,3476.8607,34.5602,3076.1947,3477.3656,1111.0521,1111.5569,3476.8607
717,1173.0647,3432.4553,-4.0055,3021.8183,3432.4624,1173.0576,1173.0647,3432.4553
718,1170.5749,3406.3765,6.4274,2997.7244,3406.3950,1170.5564,1170.5749,3406.3765
719,1091.3133,3513.5186,17.7544,3114.8634,3513.6487,1091.1832,1091.3133,3513.5186
720,1113.5077,3326.2350,49.3182,2933.8111,3327.3337,1112.4090,1113.5077,3326.2350
721,1170.5903,3402.9695,-0.9354,2994.4953,3402.9698,1170.5899,1170.5903,3402.9695
722,1165.9732,3390.6094,7.5689,2983.7121,3390.6352,1165.9474,1165.9732,3390.6094
723,1092.5079,3525.3214,12.2744,3125.7759,3525.3833,1092.4459,1092.5079,3525.3214
724,1126.0759,3348.2405,41.1267,2951.8575,3349.0014,1125.3150,1126.0759,3348.2405
725,1119.8167,3355.4383,50.6678,2960.2671,3356.5861,1118.6690,1119.8167,3355.4383
726,1145.0127,3344.9391,0.6335,2944.4312,3344.9393,1145.0125,1145.0127,3344.9391
727,1155.7350,3362.5894,13.3575,2959.2235,3362.6702,1155.6541,1155.7350,3362.5894
728,1159.3808,3382.7906,3.3068,2977.5034,3382.7955,1159.3759,1159.3808,3382.7906
729,1103.8323,3513.6719,-10.8267,3112.2634,3513.7206,1103.7836,1103.8323,3513.6719
730,1109.5734,3494.6424,-23.0095,3093.1706,3494.8643,1109.3514,1109.5734,3494.6424
731,1120.4238,3329.8948,35.2131,2935.3663,3330.4558,1119.8627,1120.4238,3329.8948
732,1110.8027,3340.9017,60.3359,2948.7871,3342.5329,1109.1714,1110.8027,3340.9017
733,1116.6231,3335.2256,-41.8950,2941.3691,3336.0164,1115.8323,1116.6231,3335.2256
734,1094.0478,3505.8142,-32.3126,3107.2943,3506.2470,1093.6149,1094.0478,3505.8142
