face,S11,S22,S12,von_mises,principal_1,principal_2,T_wale_Nm,T_course_Nm
0,2082.3964,1721.4927,31.8456,1928.2438,2085.1849,1718.7043,2082.3964,1721.4927
1,2083.2962,1829.9445,-28.1994,1969.4896,2086.3970,1826.8437,2083.2962,1829.9445
2,2178.5665,1906.5559,4.0765,2056.1124,2178.6276,1906.4948,2178.5665,1906.5559
3,2157.3245,1905.1496,6.6396,2042.9758,2157.4992,1904.9749,2157.3245,1905.1496
4,1894.0967,1563.6966,87.3262,1758.9299,1915.7573,1542.0359,1894.0967,1563.6966
5,1891.9990,1515.4894,133.7409,1750.0639,1934.6695,1472.8189,1891.9990,1515.4894
6,1877.1593,1590.0211,95.9626,1759.2037,1906.2775,1560.9029,1877.1593,1590.0211
7,1949.6336,1505.2494,52.5814,1772.1333,1955.7705,1499.1125,1949.6336,1505.2494
8,2027.9144,1525.3692,-58.3441,1831.9612,2034.5991,1518.6845,2027.9144,1525.3692
9,1999.8300,1538.0763,-84.3172,1819.4603,2014.7447,1523.1615,1999.8300,1538.0763
10,2010.1512,1537.4677,-11.3642,1820.5383,2010.4242,1537.1947,2010.1512,1537.4677
11,2040.1202,1629.6581,42.5926,1870.4598,2044.4933,1625.2849,2040.1202,1629.6581
12,2012.4003,1433.1507,6.5635,1794.3612,2012.4746,1433.0763,2012.4003,1433.1507
13,1953.7952,1674.1770,-78.6091,1835.1359,1974.3793,1653.5930,1953.7952,1674.1770
14,1800.3475,1653.6709,62.6514,1735.0711,1823.4649,1630.5535,1800.3475,1653.6709
15,1684.2094,1682.3158,-6.4214,1683.3001,1689.7534,1676.7718,1684.2094,1682.3158
16,1878.5081,1758.9179,-41.0308,1823.0453,1891.2319,1746.1942,1878.5081,1758.9179
17,2095.2013,1834.8436,17.6577,1978.1527,2096.3934,1833.6515,2095.2013,1834.8436
18,1730.1577,1641.9261,-99.9402,1696.6261,1795.2858,1576.7979,1730.1577,1641.9261
19,1958.5363,1667.2154,-94.9088,1837.7140,1986.7282,1639.0234,1958.5363,1667.2154
20,1888.3006,1729.8760,-63.5052,1817.6146,1910.6142,1707.5624,1888.3006,1729.8760
21,1797.2316,1593.9308,136.1569,1720.9329,1865.4974,1525.6650,1797.2316,1593.9308
22,1801.1512,1652.2039,-58.9227,1734.4942,1821.6418,1631.7133,1801.1512,1652.2039
23,1722.7963,1594.2407,96.3557,1670.6082,1774.3462,1542.6908,1722.7963,1594.2407
24,2023.1768,1751.4137,-48.9687,1903.8037,2031.7312,1742.8594,2023.1768,1751.4137
25,1790.0744,1725.0324,-26.8767,1759.0719,1799.7431,1715.3636,1790.0744,1725.0324
26,1786.0831,1716.8992,17.7745,1752.7860,1790.3825,1712.5998,1786.0831,1716.8992
27,1887.9312,1731.2381,45.8214,1816.4003,1900.3469,1718.8224,1887.9312,1731.2381
28,1712.8636,1660.3575,-81.7600,1693.1559,1772.4821,1600.7390,1712.8636,1660.3575
29,1935.8844,1739.3188,61.6004,1848.5513,1953.5935,1721.6097,1935.8844,1739.3188
30,1956.6593,1520.2175,-36.0649,1780.1492,1959.6194,1517.2574,1956.6593,1520.2175
31,2002.0039,1430.5723,3.0813,1786.2177,2002.0205,1430.5557,2002.0039,1430.5723
32,2082.2425,1642.0170,-7.6669,1900.8031,2082.3760,1641.8836,2082.2425,1642.0170
33,1920.4706,1551.3016,-74.8245,1769.8336,1935.0598,1536.7125,1920.4706,1551.3016
34,2066.7894,1603.1681,-31.4208,1879.1800,2068.9092,1601.0483,2066.7894,1603.1681
35,1885.8010,1522.1020,-137.0896,1749.0109,1931.6856,1476.2174,1885.8010,1522.1020
36,2043.3704,1711.6082,40.8634,1900.6644,2048.3295,1706.6492,2043.3704,1711.6082
37,1983.9794,1442.7560,61.1338,1779.4755,1990.7988,1435.9365,1983.9794,1442.7560
38,2008.9702,1548.6481,62.8232,1826.1776,2017.3901,1540.2282,2008.9702,1548.6481
39,1938.2770,1593.8288,107.6747,1800.7520,1969.1661,1562.9397,1938.2770,1593.8288
40,1775.8321,1616.3626,129.7291,1716.4813,1848.3710,1543.8237,1775.8321,1616.3626
41,1907.0641,1580.8616,-94.1652,1774.2079,1932.2953,1555.6304,1907.0641,1580.8616
42,2186.8379,1910.1820,0.8822,2062.4741,2186.8407,1910.1792,2186.8379,1910.1820
43,2156.1307,1887.8413,11.1523,2035.3832,2156.5935,1887.3785,2156.1307,1887.8413
44,2105.7134,1697.8371,-22.4669,1934.6927,2106.9472,1696.6033,2105.7134,1697.8371
45,1788.0563,1604.1071,-134.0286,1719.2912,1858.6332,1533.5302,1788.0563,1604.1071
46,1969.5200,1791.6355,14.5435,1887.0451,1970.7012,1790.4543,1969.5200,1791.6355
47,2182.8578,1916.9259,1.6113,2062.7904,2182.8675,1916.9161,2182.8578,1916.9259
48,2177.2242,1915.7163,2.8607,2058.9693,2177.2555,1915.6850,2177.2242,1915.7163
49,2115.1296,1881.2701,-15.4748,2008.6161,2116.1492,1880.2505,2115.1296,1881.2701
50,2128.2260,1861.9554,19.5934,2008.6597,2129.6601,1860.5214,2128.2260,1861.9554
51,1961.8078,1466.6684,99.9825,1775.5207,1981.2348,1447.2413,1961.8078,1466.6684
52,2111.3038,1801.8685,-39.1789,1976.0179,2116.1873,1796.9849,2111.3038,1801.8685
53,1871.0400,1750.7552,-32.0944,1814.7428,1879.0677,1742.7275,1871.0400,1750.7552
54,1892.3681,1712.5218,53.6548,1811.5471,1907.1589,1697.7310,1892.3681,1712.5218
55,1815.5059,1625.7891,-68.1422,1732.4988,1837.4442,1603.8507,1815.5059,1625.7891
56,1983.8184,1557.7835,65.5384,1812.3882,1993.6725,1547.9294,1983.8184,1557.7835
57,1983.1322,1573.3040,90.0050,1819.9812,2002.0276,1554.4087,1983.1322,1573.3040
58,1862.7261,1706.0513,-20.3635,1789.8875,1865.3296,1703.4478,1862.7261,1706.0513
59,2083.2426,1650.8015,-36.7420,1905.2757,2086.3422,1647.7020,2083.2426,1650.8015
60,1874.0361,1653.9154,110.5336,1784.5457,1919.9596,1607.9919,1874.0361,1653.9154
61,2065.7948,1703.7162,-63.7846,1913.8533,2076.7027,1692.8083,2065.7948,1703.7162
62,1924.9771,1723.3615,83.1834,1838.1618,1954.8663,1693.4723,1924.9771,1723.3615
63,1934.9512,1695.7358,-74.9991,1831.7381,1956.5202,1674.1668,1934.9512,1695.7358
64,1997.0419,1553.0285,-83.3198,1821.9323,2012.1621,1537.9083,1997.0419,1553.0285
65,1990.4371,1518.2888,0.6787,1801.3839,1990.4381,1518.2879,1990.4371,1518.2888
66,2153.8478,1841.1171,-16.0579,2015.9514,2154.6701,1840.2948,2153.8478,1841.1171
67,2122.5331,1871.4713,15.7817,2008.9896,2123.5213,1870.4831,2122.5331,1871.4713
68,2086.4596,1838.8075,10.4602,1974.4005,2086.9006,1838.3664,2086.4596,1838.8075
69,1920.9937,1746.6579,12.1404,1840.1505,1921.8351,1745.8166,1920.9937,1746.6579
70,1896.0715,1622.8521,-116.7388,1786.7782,1939.1564,1579.7672,1896.0715,1622.8521
71,2066.9150,1831.2188,-3.2237,1959.7340,2066.9591,1831.1747,2066.9150,1831.2188
72,1849.9771,1674.1686,-100.4642,1777.1779,1895.5652,1628.5805,1849.9771,1674.1686
73,2107.0162,1851.4359,-8.8125,1991.6224,2107.3197,1851.1324,2107.0162,1851.4359
74,2052.6318,1807.8305,-30.3296,1942.5493,2056.3335,1804.1288,2052.6318,1807.8305
75,1847.0332,1695.2908,29.3297,1776.7568,1852.5049,1689.8191,1847.0332,1695.2908
76,2027.8780,1600.5142,1.5968,1851.5655,2027.8839,1600.5082,2027.8780,1600.5142
77,2144.2235,1831.0679,-25.7583,2006.5581,2146.3280,1828.9633,2144.2235,1831.0679
78,2104.1579,1704.0166,23.7062,1935.7993,2105.5575,1702.6170,2104.1579,1704.0166
79,2150.5053,1793.5451,17.2032,1996.3308,2151.3324,1792.7179,2150.5053,1793.5451
80,1884.2519,1686.5018,51.1024,1795.7543,1896.6770,1674.0766,1884.2519,1686.5018
81,2012.2055,1654.2514,-87.0471,1865.3570,2032.2510,1634.2059,2012.2055,1654.2514
82,1986.7555,1446.7910,68.2708,1783.2455,1995.2536,1438.2929,1986.7555,1446.7910
83,2062.3818,1733.6356,-54.7264,1921.5820,2071.2528,1724.7647,2062.3818,1733.6356
84,1963.3021,1724.1658,-52.0394,1857.5168,1974.1358,1713.3321,1963.3021,1724.1658
85,1770.1593,1669.3484,0.0527,1721.9685,1770.1593,1669.3484,1770.1593,1669.3484
86,1749.7213,1635.2385,115.3785,1707.1188,1821.2773,1563.6825,1749.7213,1635.2385
87,1870.0801,1535.4769,139.9385,1744.1824,1920.8899,1484.6670,1870.0801,1535.4769
88,1872.0649,1693.5060,-48.6573,1791.4628,1884.4632,1681.1077,1872.0649,1693.5060
89,2156.3805,1854.9067,-12.5579,2022.6824,2156.9027,1854.3845,2156.3805,1854.9067
90,2072.4251,1792.1091,38.2805,1948.5854,2077.5587,1786.9755,2072.4251,1792.1091
91,1980.8684,1656.6697,94.0452,1847.5072,2006.1742,1631.3639,1980.8684,1656.6697
92,2132.8356,1838.6685,12.4655,2002.1434,2133.3629,1838.1412,2132.8356,1838.6685
93,2069.2007,1760.2939,-56.0780,1935.7838,2079.0659,1750.4287,2069.2007,1760.2939
94,2107.1100,1871.7939,5.7387,1999.8871,2107.2499,1871.6540,2107.1100,1871.7939
95,1980.4877,1817.5992,2.9269,1904.2823,1980.5402,1817.5466,1980.4877,1817.5992
96,2034.3894,1804.7093,27.8408,1930.4300,2037.7160,1801.3828,2034.3894,1804.7093
97,2106.0150,1784.2033,-40.1905,1966.2063,2110.9583,1779.2599,2106.0150,1784.2033
98,2034.5548,1789.4551,26.5438,1924.3004,2037.3965,1786.6134,2034.5548,1789.4551
99,1817.2510,1693.1269,80.7841,1764.0356,1857.0603,1653.3176,1817.2510,1693.1269
100,1987.9117,1510.8588,-2.7863,1797.5140,1987.9279,1510.8426,1987.9117,1510.8588
101,1939.9879,1515.4897,-49.0097,1768.4559,1945.5728,1509.9048,1939.9879,1515.4897
102,2017.8411,1537.2832,-67.1660,1829.3340,2027.0521,1528.0722,2017.8411,1537.2832
103,1972.5066,1463.2672,-94.2984,1781.0967,1989.4074,1446.3664,1972.5066,1463.2672
104,1922.2592,1614.6008,108.4835,1798.2327,1956.6642,1580.1958,1922.2592,1614.6008
105,2001.8499,1547.3331,62.9457,1820.9889,2010.4062,1538.7769,2001.8499,1547.3331
106,1920.4432,1700.5063,-64.7429,1823.9169,1938.0863,1682.8632,1920.4432,1700.5063
107,1761.6029,1647.3370,57.7893,1710.2717,1785.7336,1623.2064,1761.6029,1647.3370
108,1933.5693,1553.0682,89.8388,1780.9995,1953.7143,1532.9232,1933.5693,1553.0682
109,1856.4666,1760.1327,17.0313,1810.4635,1859.3890,1757.2104,1856.4666,1760.1327
110,1967.7939,1718.6261,-71.6824,1859.9467,1986.9442,1699.4758,1967.7939,1718.6261
111,1971.0695,1454.1780,82.5198,1775.9198,1983.9238,1441.3237,1971.0695,1454.1780
112,1812.0465,1574.7988,137.5863,1722.4068,1875.0861,1511.7593,1812.0465,1574.7988
113,2070.9141,1766.7061,31.1166,1937.5613,2074.0643,1763.5558,2070.9141,1766.7061
114,2112.1951,1795.5281,39.4765,1974.1983,2117.0422,1790.6811,2112.1951,1795.5281
115,1841.9378,1546.7222,138.3659,1730.1889,1896.6495,1492.0105,1841.9378,1546.7222
116,2046.4493,1614.9229,-51.2194,1870.5462,2052.4454,1608.9268,2046.4493,1614.9229
117,1946.5552,1521.7310,-77.9502,1777.8745,1960.4065,1507.8797,1946.5552,1521.7310
118,1987.8695,1642.0179,-72.8577,1843.8154,2002.5911,1627.2963,1987.8695,1642.0179
119,2014.0738,1686.8913,50.3052,1874.0768,2021.6336,1679.3314,2014.0738,1686.8913
120,2113.0755,1790.6445,16.2007,1971.9321,2113.8875,1789.8326,2113.0755,1790.6445
121,2192.8902,1917.1465,0.7308,2068.8470,2192.8921,1917.1446,2192.8902,1917.1465
122,2162.7149,1887.3920,-4.4565,2039.0569,2162.7870,1887.3199,2162.7149,1887.3920
123,1943.9655,1764.7538,42.7249,1862.3141,1953.6301,1755.0892,1943.9655,1764.7538
124,1969.2257,1776.8237,-54.1727,1882.7611,1983.4299,1762.6195,1969.2257,1776.8237
125,1948.3853,1775.1794,-44.9598,1869.4379,1959.3603,1764.2045,1948.3853,1775.1794
126,1876.5212,1669.2910,-56.9302,1784.6925,1891.1310,1654.6811,1876.5212,1669.2910
127,1996.0453,1676.6742,56.0992,1859.6120,2005.6128,1667.1067,1996.0453,1676.6742
128,1958.4907,1461.3536,93.2074,1770.6653,1975.3914,1444.4529,1958.4907,1461.3536
129,2126.6211,1868.6809,8.5245,2010.1560,2126.9025,1868.3994,2126.6211,1868.6809
130,2075.0152,1854.5083,-26.0678,1974.5366,2078.0549,1851.4685,2075.0152,1854.5083
131,1999.3519,1787.7746,-41.3297,1903.7542,2007.1387,1779.9878,1999.3519,1787.7746
132,2058.5707,1796.0507,26.9956,1941.2368,2061.3180,1793.3034,2058.5707,1796.0507
133,1867.5254,1672.3563,62.2608,1781.2603,1885.6956,1654.1862,1867.5254,1672.3563
134,2048.2488,1531.8749,-10.1024,1845.1583,2048.4464,1531.6773,2048.2488,1531.8749
135,1935.3757,1531.7992,87.9432,1775.0163,1953.7067,1513.4681,1935.3757,1531.7992
136,1956.0809,1503.5315,75.1322,1778.4164,1968.2283,1491.3841,1956.0809,1503.5315
137,1998.4020,1440.5442,-51.0030,1788.2381,2003.0267,1435.9195,1998.4020,1440.5442
138,2108.2424,1752.7577,-43.1043,1956.3183,2113.3943,1747.6058,2108.2424,1752.7577
139,2010.0196,1588.3132,-19.7759,1836.1781,2010.9449,1587.3878,2010.0196,1588.3132
140,2046.7914,1809.7471,43.4677,1940.6270,2054.5109,1802.0277,2046.7914,1809.7471
141,2193.9891,1911.4758,-5.0718,2067.2804,2194.0801,1911.3848,2193.9891,1911.4758
142,2103.3659,1823.2748,-26.0706,1978.7633,2105.7719,1820.8688,2103.3659,1823.2748
143,2096.7260,1818.7265,22.9093,1972.8734,2098.6012,1816.8513,2096.7260,1818.7265
144,1987.4733,1727.8032,72.8678,1875.4521,2006.5236,1708.7529,1987.4733,1727.8032
145,2106.5590,1870.5570,-8.6110,1999.0893,2106.8727,1870.2432,2106.5590,1870.5570
146,2144.8394,1838.9682,-23.7396,2009.8605,2146.6709,1837.1367,2144.8394,1838.9682
147,2042.5880,1825.3144,5.2945,1943.1050,2042.7169,1825.1855,2042.5880,1825.3144
148,2025.6570,1819.1841,-38.5685,1931.8739,2032.6263,1812.2148,2025.6570,1819.1841
149,1866.8159,1762.4739,-15.1882,1817.0838,1868.9817,1760.3080,1866.8159,1762.4739
150,1767.6478,1624.6649,29.1414,1701.4191,1773.3590,1618.9537,1767.6478,1624.6649
151,1999.2367,1684.4013,-69.2344,1865.7488,2013.7892,1669.8489,1999.2367,1684.4013
152,2092.5127,1678.2082,-35.0332,1920.1568,2095.4542,1675.2667,2092.5127,1678.2082
153,2117.2914,1786.2101,13.7163,1972.8422,2117.8587,1785.6428,2117.2914,1786.2101
154,1905.9035,1513.0126,-134.2229,1758.4273,1947.3795,1471.5367,1905.9035,1513.0126
155,1987.6116,1606.1354,-54.0645,1829.3896,1995.1259,1598.6211,1987.6116,1606.1354
156,1781.7197,1720.8496,9.5364,1752.1557,1783.1788,1719.3906,1781.7197,1720.8496
157,2022.6214,1586.5871,17.9025,1843.9502,2023.3552,1585.8533,2022.6214,1586.5871
158,1703.5939,1654.2238,-70.9406,1683.9420,1754.0216,1603.7961,1703.5939,1654.2238
159,1915.2525,1743.5076,-1.4458,1835.4181,1915.2646,1743.4954,1915.2525,1743.5076
160,1832.0455,1560.0192,-139.8966,1729.3749,1891.1493,1500.9154,1832.0455,1560.0192
161,1954.9834,1595.0575,-111.2439,1812.4523,1986.5905,1563.4504,1954.9834,1595.0575
162,2012.5069,1600.2080,52.2211,1843.5295,2019.0183,1593.6966,2012.5069,1600.2080
163,1925.0128,1782.2672,13.7238,1857.9097,1926.3203,1780.9598,1925.0128,1782.2672
164,1785.7151,1598.4357,132.3606,1715.2208,1854.2103,1529.9406,1785.7151,1598.4357
165,1866.1028,1665.1929,107.6389,1783.9687,1912.8801,1618.4156,1866.1028,1665.1929
166,1949.0150,1467.9086,-100.8165,1767.1817,1969.2871,1447.6366,1949.0150,1467.9086
167,2056.1877,1597.8550,-52.5671,1871.8569,2062.1394,1591.9032,2056.1877,1597.8550
168,1876.1370,1535.9992,141.8924,1748.6678,1927.5560,1484.5802,1876.1370,1535.9992
169,2049.5494,1574.4663,-40.0593,1859.4259,2052.9036,1571.1122,2049.5494,1574.4663
170,1983.3433,1451.7664,-76.7558,1783.1431,1994.2043,1440.9054,1983.3433,1451.7664
171,1931.2011,1486.1521,117.4499,1763.3805,1960.2947,1457.0586,1931.2011,1486.1521
172,2139.8667,1896.0745,5.1182,2029.0047,2139.9741,1895.9671,2139.8667,1896.0745
173,2169.3597,1887.7431,5.3495,2043.1807,2169.4612,1887.6416,2169.3597,1887.7431
174,2147.1353,1899.5240,-8.1133,2034.7098,2147.4008,1899.2584,2147.1353,1899.5240
175,2086.7395,1776.2977,-26.7435,1950.6897,2089.0265,1774.0107,2086.7395,1776.2977
176,2123.2779,1777.7198,-0.3228,1973.3230,2123.2782,1777.7195,2123.2779,1777.7198
177,2140.3535,1827.9146,5.1709,2002.5188,2140.4390,1827.8291,2140.3535,1827.9146
178,2141.0842,1801.1443,-29.0977,1993.6150,2143.5569,1798.6716,2141.0842,1801.1443
179,2058.1228,1844.9076,-18.0918,1960.4818,2059.6471,1843.3833,2058.1228,1844.9076
180,1904.5926,1629.8793,114.7232,1794.2150,1946.2003,1588.2715,1904.5926,1629.8793
181,2116.7604,1872.6572,-20.7787,2006.2024,2118.5165,1870.9011,2116.7604,1872.6572
182,2186.7971,1892.0539,-10.1610,2055.4127,2187.1470,1891.7040,2186.7971,1892.0539
183,1975.2233,1684.3986,75.5158,1851.6885,1993.6627,1665.9592,1975.2233,1684.3986
184,1982.1020,1665.2661,69.2728,1848.1094,1996.5856,1650.7825,1982.1020,1665.2661
185,1689.2502,1666.8259,-41.4611,1679.6863,1720.9884,1635.0877,1689.2502,1666.8259
186,1908.1230,1727.9344,-74.3870,1829.2566,1934.8637,1701.1937,1908.1230,1727.9344
187,1954.9614,1797.7493,-32.2502,1882.1175,1961.3200,1791.3908,1954.9614,1797.7493
188,1867.5043,1582.5981,86.6067,1749.0519,1891.7653,1558.3371,1867.5043,1582.5981
189,1984.8576,1738.4580,74.7800,1878.3185,2005.7767,1717.5389,1984.8576,1738.4580
190,1886.7639,1740.9814,59.5082,1821.1802,1907.9703,1719.7751,1886.7639,1740.9814
191,1690.2888,1653.6947,51.1747,1674.6394,1726.3391,1617.6444,1690.2888,1653.6947
192,1941.7562,1638.9669,-71.3834,1813.6820,1957.7412,1622.9819,1941.7562,1638.9669
193,1968.3107,1628.9191,-65.7658,1826.0287,1980.6089,1616.6209,1968.3107,1628.9191
194,1686.8443,1680.0353,-26.7079,1684.0856,1710.3639,1656.5158,1686.8443,1680.0353
195,1909.8345,1761.4371,30.0941,1840.8672,1915.7051,1755.5664,1909.8345,1761.4371
196,1910.9744,1734.7304,33.2629,1830.1384,1917.0432,1728.6616,1910.9744,1734.7304
197,1965.1946,1529.8687,-57.0314,1790.4625,1972.5422,1522.5211,1965.1946,1529.8687
198,2016.7843,1645.3631,-78.9758,1864.1372,2032.8795,1629.2678,2016.7843,1645.3631
199,2058.7751,1590.0372,20.4346,1869.3573,2059.6643,1589.1480,2058.7751,1590.0372
200,2042.1039,1688.4184,53.6023,1892.5218,2050.0490,1680.4732,2042.1039,1688.4184
201,2030.5872,1587.0973,34.2863,1850.1215,2033.2222,1584.4622,2030.5872,1587.0973
202,2010.0767,1581.5339,-75.4856,1838.4090,2022.9844,1568.6262,2010.0767,1581.5339
203,1913.6179,1657.4625,-97.1444,1807.1183,1946.2914,1624.7891,1913.6179,1657.4625
204,1989.7391,1754.3929,40.1939,1884.4146,1996.4143,1747.7177,1989.7391,1754.3929
205,1817.2435,1619.2738,82.5487,1732.7001,1847.1473,1589.3700,1817.2435,1619.2738
206,1993.2651,1445.2379,63.6855,1786.9649,2000.5686,1437.9344,1993.2651,1445.2379
207,1907.4127,1566.2227,91.4333,1768.8764,1930.3705,1543.2648,1907.4127,1566.2227
208,2042.1156,1523.6957,9.2078,1838.6344,2042.2791,1523.5322,2042.1156,1523.6957
209,1685.0350,1669.8795,27.0628,1678.1634,1705.5609,1649.3536,1685.0350,1669.8795
210,1791.8660,1655.3342,-50.6945,1729.8809,1808.6305,1638.5697,1791.8660,1655.3342
211,2139.1938,1824.8291,2.4985,2000.6266,2139.2136,1824.8092,2139.1938,1824.8291
212,2066.4523,1677.3593,-3.1356,1902.0005,2066.4776,1677.3340,2066.4523,1677.3593
213,2139.7182,1817.6641,-7.0940,1998.2890,2139.8744,1817.5079,2139.7182,1817.6641
214,2008.1509,1793.6386,56.4523,1912.4521,2022.1001,1779.6894,2008.1509,1793.6386
215,1999.7481,1789.2155,52.4299,1905.4005,2012.0824,1776.8813,1999.7481,1789.2155
216,2198.8859,1919.5005,-0.4287,2073.3594,2198.8865,1919.4998,2198.8859,1919.5005
217,2172.4324,1878.2224,-9.0508,2041.3517,2172.7106,1877.9443,2172.4324,1878.2224
218,2195.6200,1922.8553,0.7523,2072.7426,2195.6221,1922.8532,2195.6200,1922.8553
219,2181.1453,1863.0366,3.5652,2040.7804,2181.1852,1862.9967,2181.1453,1863.0366
220,2093.7989,1759.3719,-50.9161,1950.2281,2101.3790,1751.7918,2093.7989,1759.3719
221,2049.7008,1823.8967,-29.1642,1947.3011,2053.4067,1820.1907,2049.7008,1823.8967
222,2145.1975,1870.9853,-9.6947,2022.1541,2145.5398,1870.6429,2145.1975,1870.9853
223,2021.0414,1828.8267,-30.2676,1932.8294,2025.6949,1824.1732,2021.0414,1828.8267
224,1910.2421,1734.7125,73.3925,1833.2187,1936.8850,1708.0697,1910.2421,1734.7125
225,2005.8330,1774.0904,27.9803,1901.2055,2009.1634,1770.7600,2005.8330,1774.0904
226,2013.3801,1676.7377,-69.4159,1871.8157,2027.1319,1662.9859,2013.3801,1676.7377
227,2059.6626,1778.7786,-39.8449,1935.8054,2065.2054,1773.2357,2059.6626,1778.7786
228,2098.3345,1845.4626,-22.8178,1984.4152,2100.3769,1843.4201,2098.3345,1845.4626
229,2056.3156,1825.1084,-19.0866,1951.2941,2057.8806,1823.5434,2056.3156,1825.1084
230,2051.8734,1680.0428,38.2109,1894.6961,2055.7595,1676.1567,2051.8734,1680.0428
231,1972.4093,1555.7057,73.9615,1805.1430,1985.1474,1542.9675,1972.4093,1555.7057
232,1877.6066,1762.8422,-32.1971,1823.7886,1886.0224,1754.4265,1877.6066,1762.8422
233,1900.5676,1666.3581,-68.6888,1798.8982,1919.2262,1647.6996,1900.5676,1666.3581
234,1852.0473,1593.6933,-103.2490,1746.5174,1888.2397,1557.5009,1852.0473,1593.6933
235,2062.5309,1694.5439,57.2510,1907.9561,2071.2322,1685.8426,2062.5309,1694.5439
236,1966.0987,1634.5105,81.6543,1828.5409,1985.1156,1615.4936,1966.0987,1634.5105
237,1857.6575,1754.7571,6.3227,1808.4375,1858.0445,1754.3700,1857.6575,1754.7571
238,1925.7490,1751.5345,-8.1843,1844.8760,1926.1326,1751.1509,1925.7490,1751.5345
239,2071.4598,1600.7988,-0.1878,1880.8275,2071.4598,1600.7988,2071.4598,1600.7988
240,2032.8209,1573.9326,39.2743,1847.8985,2036.1580,1570.5956,2032.8209,1573.9326
241,2005.3181,1596.4794,61.6649,1838.4792,2014.4165,1587.3810,2005.3181,1596.4794
242,1895.7829,1573.4065,94.4223,1764.5142,1921.4026,1547.7868,1895.7829,1573.4065
243,1967.4024,1674.8869,95.4629,1846.0989,1995.8000,1646.4893,1967.4024,1674.8869
244,1878.7792,1687.4658,-62.5497,1794.0774,1897.4145,1668.8304,1878.7792,1687.4658
245,1910.8106,1568.9367,-89.5107,1771.6814,1932.8286,1546.9187,1910.8106,1568.9367
246,1934.3344,1478.2352,-111.2213,1761.9699,1960.0106,1452.5590,1934.3344,1478.2352
247,1803.4875,1618.3092,76.1758,1723.4557,1830.7962,1591.0004,1803.4875,1618.3092
248,2066.8032,1589.4030,-15.3006,1874.4590,2067.2931,1588.9131,2066.8032,1589.4030
249,2016.8393,1434.2730,-10.2386,1797.8866,2017.0192,1434.0931,2016.8393,1434.2730
250,1737.9473,1616.0976,108.2860,1690.7742,1801.2710,1552.7739,1737.9473,1616.0976
251,1696.6528,1675.0736,54.6296,1688.6199,1741.5481,1630.1782,1696.6528,1675.0736
252,1796.5826,1715.3786,57.0149,1760.1607,1825.9751,1685.9862,1796.5826,1715.3786
253,2006.5327,1602.7011,-40.5508,1839.5340,2010.5644,1598.6694,2006.5327,1602.7011
254,1944.8544,1532.3163,-64.4890,1778.4252,1954.7005,1522.4702,1944.8544,1532.3163
255,1995.8346,1430.7160,20.6861,1782.1659,1996.5908,1429.9598,1995.8346,1430.7160
256,2200.6046,1921.5497,0.8034,2075.1975,2200.6069,1921.5474,2200.6046,1921.5497
257,2180.5337,1901.9243,4.2535,2055.4531,2180.5986,1901.8594,2180.5337,1901.9243
258,2153.6243,1894.1631,9.0710,2036.3896,2153.9410,1893.8464,2153.6243,1894.1631
259,2105.7785,1778.1899,45.7937,1964.1995,2112.0596,1771.9088,2105.7785,1778.1899
260,2105.6273,1863.4108,27.0454,1996.1242,2108.6104,1860.4277,2105.6273,1863.4108
261,2159.9572,1836.3249,18.9502,2017.9689,2161.0631,1835.2191,2159.9572,1836.3249
262,2155.1475,1829.0815,-2.2848,2012.0326,2155.1635,1829.0655,2155.1475,1829.0815
263,2107.6659,1718.7025,-35.1591,1943.5667,2110.8184,1715.5500,2107.6659,1718.7025
264,2161.0829,1857.3631,-3.5758,2026.3760,2161.1249,1857.3211,2161.0829,1857.3631
265,2192.0186,1895.8371,5.7676,2059.9838,2192.1308,1895.7248,2192.0186,1895.8371
266,2020.9369,1717.5015,-60.2332,1890.4813,2032.4562,1705.9823,2020.9369,1717.5015
267,2089.0230,1741.0433,-50.9079,1940.6041,2096.3177,1733.7486,2089.0230,1741.0433
268,2062.5596,1846.7937,-12.7048,1963.7111,2063.3051,1846.0482,2062.5596,1846.7937
269,1943.7702,1798.6744,-18.3316,1875.7053,1946.0504,1796.3942,1943.7702,1798.6744
270,2095.1264,1792.8493,-25.6774,1962.0385,2097.2921,1790.6836,2095.1264,1792.8493
271,2050.4140,1745.3673,-37.9187,1917.3139,2055.0568,1740.7245,2050.4140,1745.3673
272,2050.5026,1644.5313,-4.7349,1880.6902,2050.5578,1644.4761,2050.5026,1644.5313
273,2030.3139,1536.2768,-46.2385,1835.6499,2034.6042,1531.9865,2030.3139,1536.2768
274,1927.5235,1593.9249,98.1821,1792.3545,1954.2745,1567.1739,1927.5235,1593.9249
275,2001.8184,1821.3905,-16.4184,1918.1908,2003.3003,1819.9087,2001.8184,1821.3905
276,2074.5343,1867.2990,0.6150,1979.0714,2074.5362,1867.2972,2074.5343,1867.2990
277,2083.3594,1749.4050,27.5864,1938.6717,2085.6228,1747.1416,2083.3594,1749.4050
278,2000.1882,1766.7803,-38.6884,1895.4849,2006.4339,1760.5347,2000.1882,1766.7803
279,1994.9199,1742.2205,-56.9348,1883.9246,2007.1552,1729.9851,1994.9199,1742.2205
280,2069.2149,1835.4736,36.5719,1963.8321,2074.8034,1829.8850,2069.2149,1835.4736
281,1975.1300,1702.7791,57.6272,1856.7035,1986.8215,1691.0876,1975.1300,1702.7791
282,2058.3054,1657.1482,12.5737,1890.0578,2058.6991,1656.7545,2058.3054,1657.1482
283,2114.2846,1716.7105,5.1466,1946.2166,2114.3512,1716.6439,2114.2846,1716.7105
284,1944.3517,1490.8187,-121.7366,1774.4935,1974.9620,1460.2083,1944.3517,1490.8187
285,1931.0698,1526.6845,-80.5084,1769.4933,1946.5086,1511.2456,1931.0698,1526.6845
286,1836.1048,1605.3573,-85.8705,1738.6690,1864.5533,1576.9087,1836.1048,1605.3573
287,1898.9301,1745.9561,-61.8824,1830.3929,1920.8286,1724.0577,1898.9301,1745.9561
288,2186.5931,1904.0854,1.1137,2059.9210,2186.5975,1904.0810,2186.5931,1904.0854
289,2149.4779,1897.0482,-11.5888,2035.1380,2150.0088,1896.5173,2149.4779,1897.0482
290,1871.9338,1681.0972,67.7523,1788.0415,1893.5413,1659.4897,1871.9338,1681.0972
291,1833.6072,1682.3490,45.7720,1764.6336,1846.3797,1669.5766,1833.6072,1682.3490
292,1694.9003,1669.8995,53.1219,1685.0531,1736.9728,1627.8271,1694.9003,1669.8995
293,2112.4655,1838.8609,-20.1308,1990.1270,2113.9387,1837.3877,2112.4655,1838.8609
294,2067.6230,1816.7573,-21.5098,1954.6587,2069.4539,1814.9264,2067.6230,1816.7573
295,2021.7270,1717.8452,77.9337,1893.0344,2040.5482,1699.0240,2021.7270,1717.8452
296,1923.5480,1612.5889,117.3831,1799.9789,1962.8829,1573.2539,1923.5480,1612.5889
297,1686.4292,1686.0961,-19.1653,1686.5894,1705.4287,1667.0966,1686.4292,1686.0961
298,1853.1260,1711.5943,-1.3673,1786.5712,1853.1392,1711.5811,1853.1260,1711.5943
299,1922.5433,1644.7481,76.9033,1804.7194,1942.4118,1624.8796,1922.5433,1644.7481
300,2060.2696,1688.1099,51.2721,1903.7728,2067.2041,1681.1754,2060.2696,1688.1099
301,1955.7356,1518.2259,28.7423,1778.5223,1957.6158,1516.3458,1955.7356,1518.2259
302,2071.0947,1643.1942,28.7960,1894.4122,2073.0239,1641.2651,2071.0947,1643.1942
303,2000.3375,1576.7411,38.0168,1826.9603,2003.7223,1573.3562,2000.3375,1576.7411
304,1845.7396,1707.4861,-8.3559,1780.7016,1846.2428,1706.9829,1845.7396,1707.4861
305,1843.9839,1705.7330,-10.8367,1778.9913,1844.8282,1704.8888,1843.9839,1705.7330
306,1834.0712,1548.1968,-136.4172,1725.4148,1888.7212,1493.5468,1834.0712,1548.1968
307,1959.3131,1580.2751,90.5140,1806.7932,1979.8185,1559.7697,1959.3131,1580.2751
308,1833.7675,1599.2499,79.5521,1733.9656,1858.2062,1574.8113,1833.7675,1599.2499
309,1840.7137,1668.3568,103.8391,1770.0344,1889.4771,1619.5934,1840.7137,1668.3568
310,1990.6537,1661.5761,-91.6741,1855.0275,2014.4686,1637.7611,1990.6537,1661.5761
311,1928.5232,1609.8728,-112.5856,1801.1779,1964.2878,1574.1082,1928.5232,1609.8728
312,1972.0481,1581.5933,-100.0797,1816.9978,1996.2055,1557.4359,1972.0481,1581.5933
313,2018.1441,1650.0497,79.6119,1866.6938,2034.6248,1633.5690,2018.1441,1650.0497
314,2085.8530,1693.2992,37.8561,1921.0338,2089.4703,1689.6818,2085.8530,1693.2992
315,1938.2648,1740.6040,31.7954,1848.2029,1943.2535,1735.6154,1938.2648,1740.6040
316,1826.1405,1694.0603,84.3816,1769.8582,1867.2523,1652.9484,1826.1405,1694.0603
317,1852.6866,1603.3691,-100.7546,1750.1869,1888.3129,1567.7429,1852.6866,1603.3691
318,1997.0818,1429.8331,-6.3867,1782.5227,1997.1537,1429.7612,1997.0818,1429.8331
319,2042.1500,1761.5307,47.2315,1919.0491,2049.8863,1753.7944,2042.1500,1761.5307
320,2134.8423,1819.1348,34.1200,1996.6797,2138.4877,1815.4894,2134.8423,1819.1348
321,2129.5232,1755.4824,22.5752,1969.7147,2130.8808,1754.1248,2129.5232,1755.4824
322,2178.2395,1867.4215,10.8393,2040.7478,2178.6171,1867.0440,2178.2395,1867.4215
323,2161.9523,1903.2094,7.1343,2044.9324,2162.1488,1903.0128,2161.9523,1903.2094
324,2147.0211,1901.5109,-4.4812,2035.4163,2147.1029,1901.4291,2147.0211,1901.5109
325,2106.0273,1880.3519,-8.3754,2002.8011,2106.3377,1880.0415,2106.0273,1880.3519
326,2122.5828,1842.5692,24.9817,1997.8202,2124.7941,1840.3579,2122.5828,1842.5692
327,2140.5349,1826.8783,-24.1510,2002.6550,2142.3836,1825.0296,2140.5349,1826.8783
328,2164.6346,1869.6223,-17.9071,2033.4806,2165.7176,1868.5393,2164.6346,1869.6223
329,2177.6722,1904.9478,-3.9024,2054.9395,2177.7281,1904.8920,2177.6722,1904.9478
330,2081.2934,1728.1905,-18.3937,1929.3958,2082.2490,1727.2349,2081.2934,1728.1905
331,2092.1515,1661.6835,-21.6351,1913.9490,2093.2362,1660.5988,2092.1515,1661.6835
332,2176.5428,1910.6890,4.6987,2056.5604,2176.6258,1910.6060,2176.5428,1910.6890
333,2173.3949,1913.2961,-4.3466,2055.7373,2173.4675,1913.2235,2173.3949,1913.2961
334,2125.2703,1788.1061,-37.4754,1979.4195,2129.3854,1783.9910,2125.2703,1788.1061
335,2056.7793,1690.3922,-66.8986,1903.7935,2068.6122,1678.5594,2056.7793,1690.3922
336,2180.1025,1893.3276,-11.5881,2051.8994,2180.5700,1892.8601,2180.1025,1893.3276
337,2157.7655,1867.9117,-16.3260,2028.6277,2158.6822,1866.9950,2157.7655,1867.9117
338,1966.3201,1656.1640,-76.8484,1835.8819,1984.3168,1638.1673,1966.3201,1656.1640
339,1869.2789,1602.2734,-122.4248,1763.9022,1916.9136,1554.6386,1869.2789,1602.2734
340,1910.1686,1735.6044,19.4443,1829.4546,1912.3083,1733.4648,1910.1686,1735.6044
341,2010.0666,1792.2733,30.3413,1911.2259,2014.2145,1788.1253,2010.0666,1792.2733
342,2001.3004,1781.5177,-20.4089,1901.2906,2003.1795,1779.6386,2001.3004,1781.5177
343,1942.2482,1722.9057,-51.1396,1844.5236,1953.5854,1711.5685,1942.2482,1722.9057
344,1888.3881,1757.0296,-48.3013,1828.1706,1904.2366,1741.1811,1888.3881,1757.0296
345,2019.3756,1774.1814,-36.1634,1909.6550,2024.5981,1768.9589,2019.3756,1774.1814
346,1942.8766,1744.2137,-54.2639,1853.9397,1956.7321,1730.3581,1942.8766,1744.2137
347,1964.8929,1701.3819,-60.1446,1850.2225,1977.9714,1688.3034,1964.8929,1701.3819
348,1930.2069,1752.2076,-5.7544,1847.6759,1930.3927,1752.0217,1930.2069,1752.2076
349,1991.2419,1822.1170,9.2828,1912.3644,1991.7499,1821.6090,1991.2419,1822.1170
350,2089.5443,1714.8456,22.4068,1930.0651,2090.8795,1713.5104,2089.5443,1714.8456
351,2024.5088,1653.9959,71.7685,1871.1657,2037.9246,1640.5801,2024.5088,1653.9959
352,1887.1585,1665.0951,66.3536,1790.2008,1905.4745,1646.7790,1887.1585,1665.0951
353,2046.9385,1712.7217,-70.3517,1905.8817,2061.1436,1698.5166,2046.9385,1712.7217
354,1907.7158,1668.7669,66.3808,1803.8428,1924.9182,1651.5645,1907.7158,1668.7669
355,1939.3792,1740.8928,-31.9699,1848.9766,1944.4015,1735.8705,1939.3792,1740.8928
356,1805.7184,1709.6489,-61.3284,1762.8549,1835.5843,1679.7829,1805.7184,1709.6489
357,1775.6531,1663.2407,-16.0869,1722.4260,1777.9099,1660.9838,1775.6531,1663.2407
358,1804.8055,1717.7532,-50.8246,1765.0887,1828.1947,1694.3640,1804.8055,1717.7532
359,1919.8812,1485.1992,117.1897,1755.4357,1949.4623,1455.6180,1919.8812,1485.1992
360,1858.9335,1547.1272,142.9451,1741.9901,1914.5465,1491.5141,1858.9335,1547.1272
361,1972.8445,1591.0675,-61.1273,1815.4592,1982.3929,1581.5190,1972.8445,1591.0675
362,2064.1567,1668.6116,25.0133,1898.0539,2065.7322,1667.0361,2064.1567,1668.6116
363,2034.8252,1572.6571,-12.6503,1847.7451,2035.1712,1572.3111,2034.8252,1572.6571
364,1933.4693,1702.1595,88.5894,1835.2443,1963.4994,1672.1293,1933.4693,1702.1595
365,2043.8089,1644.2544,29.4408,1876.9086,2045.9666,1642.0967,2043.8089,1644.2544
366,2024.9466,1633.0931,49.5486,1862.2139,2031.1148,1626.9249,2024.9466,1633.0931
367,1961.4755,1767.2770,31.5081,1872.7418,1966.4597,1762.2929,1961.4755,1767.2770
368,1966.7536,1765.6494,42.9051,1875.7832,1975.5247,1756.8783,1966.7536,1765.6494
369,1786.8506,1720.0738,36.9698,1755.5837,1803.2774,1703.6470,1786.8506,1720.0738
370,2171.4208,1876.9174,15.3093,2040.3463,2172.2145,1876.1237,2171.4208,1876.9174
371,2187.7928,1903.9657,-4.6909,2060.6082,2187.8703,1903.8882,2187.7928,1903.9657
372,1887.5360,1689.9837,-53.2056,1799.2845,1900.9542,1676.5656,1887.5360,1689.9837
373,1724.3095,1651.4224,-94.3611,1696.9349,1789.0201,1586.7119,1724.3095,1651.4224
374,1857.5437,1579.9700,86.4521,1741.9335,1882.2676,1555.2462,1857.5437,1579.9700
375,2111.9155,1816.3023,-29.9829,1981.4038,2114.9259,1813.2919,2111.9155,1816.3023
376,1970.1602,1753.0744,-62.9789,1874.2632,1987.1079,1736.1266,1970.1602,1753.0744
377,1993.9791,1433.1981,-31.9314,1781.9375,1995.7914,1431.3858,1993.9791,1433.1981
378,2039.6496,1522.1022,-18.7467,1836.6994,2040.3277,1521.4240,2039.6496,1522.1022
379,1846.0206,1695.5704,18.3937,1775.8683,1848.2367,1693.3542,1846.0206,1695.5704
380,1977.7928,1700.7838,55.3022,1857.3387,1988.4252,1690.1513,1977.7928,1700.7838
381,1880.0827,1533.0652,-70.4017,1737.1182,1893.8216,1519.3263,1880.0827,1533.0652
382,1959.9949,1617.8860,-88.6552,1819.7984,1981.6044,1596.2766,1959.9949,1617.8860
383,1737.6594,1634.1563,106.0836,1698.2583,1803.9416,1567.8741,1737.6594,1634.1563
384,2078.2443,1622.8666,-20.4214,1892.4411,2079.1583,1621.9527,2078.2443,1622.8666
385,2113.7670,1752.6577,18.9724,1958.6194,2114.7611,1751.6636,2113.7670,1752.6577
386,1898.8171,1649.7125,-75.9219,1792.1629,1920.1326,1628.3970,1898.8171,1649.7125
387,1798.2195,1719.4457,-39.7656,1761.5022,1814.8025,1702.8626,1798.2195,1719.4457
388,1779.5406,1721.8620,-15.9722,1751.6322,1783.6682,1717.7344,1779.5406,1721.8620
389,1976.7705,1623.1241,80.5093,1831.1348,1994.2362,1605.6584,1976.7705,1623.1241
390,2157.7653,1857.9319,-0.4884,2024.5695,2157.7661,1857.9311,2157.7653,1857.9319
391,2189.0789,1888.5922,-6.4767,2055.4064,2189.2185,1888.4527,2189.0789,1888.5922
392,2084.5162,1802.4176,32.2605,1959.5588,2088.1584,1798.7754,2084.5162,1802.4176
393,2048.1099,1853.4394,11.9218,1958.1549,2048.8373,1852.7120,2048.1099,1853.4394
394,2062.4089,1824.4054,14.3881,1954.4658,2063.2755,1823.5388,2062.4089,1824.4054
395,1978.6893,1775.7860,63.6638,1888.6656,1997.0104,1757.4649,1978.6893,1775.7860
396,2130.0082,1829.8497,15.0062,1997.0893,2130.7566,1829.1013,2130.0082,1829.8497
397,2145.2203,1834.2158,24.8449,2008.3258,2147.1925,1832.2436,2145.2203,1834.2158
398,2103.6570,1805.7366,21.7997,1972.0123,2105.2437,1804.1499,2103.6570,1805.7366
399,2141.2127,1807.9868,30.0168,1996.2532,2143.8950,1805.3045,2141.2127,1807.9868
400,2032.4823,1626.6904,-14.9393,1863.2112,2033.0316,1626.1411,2032.4823,1626.6904
401,2022.6173,1650.9698,-36.1181,1865.8283,2026.0948,1647.4922,2022.6173,1650.9698
402,2154.0281,1882.5760,-20.9906,2032.2720,2155.6416,1880.9625,2154.0281,1882.5760
403,2089.7142,1823.7435,-33.0263,1971.0696,2093.7538,1819.7039,2089.7142,1823.7435
404,2134.5290,1790.4334,-21.7797,1985.3354,2135.9021,1789.0603,2134.5290,1790.4334
405,2188.1236,1910.5001,-2.1762,2063.3708,2188.1406,1910.4830,2188.1236,1910.5001
406,2153.0124,1871.5273,16.6832,2027.1878,2153.9977,1870.5420,2153.0124,1871.5273
407,2200.5221,1919.4982,1.1144,2074.3375,2200.5265,1919.4938,2200.5221,1919.4982
408,2182.8714,1916.6811,2.8846,2062.7047,2182.9026,1916.6498,2182.8714,1916.6811
409,2140.5667,1877.3910,0.8879,2021.8666,2140.5697,1877.3880,2140.5667,1877.3910
410,2105.2840,1853.9288,5.4926,1991.5613,2105.4039,1853.8088,2105.2840,1853.9288
411,2147.3875,1883.3057,-14.5543,2028.4383,2148.1872,1882.5060,2147.3875,1883.3057
412,2166.5099,1863.8653,-16.1958,2032.3541,2167.3741,1863.0010,2166.5099,1863.8653
413,2112.3319,1853.5121,-25.2739,1996.0303,2114.7769,1851.0672,2112.3319,1853.5121
414,2070.4418,1770.9845,-44.5899,1939.6803,2076.9403,1764.4860,2070.4418,1770.9845
415,1946.6087,1619.9214,-80.6057,1810.9582,1965.4145,1601.1156,1946.6087,1619.9214
416,2045.8326,1731.0307,-42.1711,1909.4068,2051.3839,1725.4793,2045.8326,1731.0307
417,2126.9763,1791.8426,-4.3200,1980.8022,2127.0320,1791.7869,2126.9763,1791.8426
418,2020.5083,1543.1353,-66.6962,1832.7978,2029.6517,1533.9920,2020.5083,1543.1353
419,2061.4389,1613.2214,-46.7577,1879.6316,2066.2647,1608.3956,2061.4389,1613.2214
420,1954.0841,1742.2627,-37.8020,1858.4088,1960.6282,1735.7187,1954.0841,1742.2627
421,1876.3792,1701.8342,-40.0664,1796.8217,1885.1370,1693.0764,1876.3792,1701.8342
422,1931.7863,1664.9537,92.0088,1820.1459,1960.4364,1636.3036,1931.7863,1664.9537
423,1878.2453,1642.9994,106.5330,1781.9496,1919.3184,1601.9263,1878.2453,1642.9994
424,1863.0490,1702.9288,-28.1959,1789.0398,1867.8690,1698.1088,1863.0490,1702.9288
425,1968.1064,1697.7532,-65.6835,1851.3219,1983.2196,1682.6400,1968.1064,1697.7532
426,1908.0379,1640.8059,-82.9444,1795.2081,1931.6892,1617.1546,1908.0379,1640.8059
427,2036.4602,1755.3190,-58.5371,1914.1466,2048.1613,1743.6179,2036.4602,1755.3190
428,2018.3176,1714.6114,-74.4145,1889.3069,2035.5706,1697.3584,2018.3176,1714.6114
429,2048.0240,1619.5107,14.3466,1871.1061,2048.5038,1619.0309,2048.0240,1619.5107
430,2083.9025,1709.2482,-5.0658,1924.1490,2083.9709,1709.1797,2083.9025,1709.2482
431,2000.5857,1695.0062,-53.9320,1868.9863,2009.8248,1685.7671,2000.5857,1695.0062
432,1980.6538,1709.4924,-76.0440,1864.6151,2000.5235,1689.6227,1980.6538,1709.4924
433,1910.2956,1652.1549,68.3411,1799.0977,1927.2720,1635.1785,1910.2956,1652.1549
434,1920.4155,1702.0055,89.9335,1827.7102,1952.6805,1669.7405,1920.4155,1702.0055
435,1860.5556,1756.1233,4.2016,1810.6143,1860.7244,1755.9546,1860.5556,1756.1233
436,1933.8424,1794.4292,-2.2588,1868.0457,1933.8790,1794.3926,1933.8424,1794.4292
437,1981.6595,1623.4799,89.8306,1835.6703,2002.9261,1602.2133,1981.6595,1623.4799
438,2043.5609,1639.9638,46.4547,1876.3610,2048.8389,1634.6858,2043.5609,1639.9638
439,2017.0443,1609.3281,64.7305,1850.6455,2027.0744,1599.2980,2017.0443,1609.3281
440,2193.6930,1914.6510,-0.5327,2068.3379,2193.6940,1914.6500,2193.6930,1914.6510
441,2196.3752,1910.2348,1.8747,2068.2067,2196.3875,1910.2225,2196.3752,1910.2348
442,1943.1704,1799.8380,-24.3649,1876.0909,1947.1990,1795.8094,1943.1704,1799.8380
443,2008.7646,1829.1311,-16.3454,1925.4515,2010.2398,1827.6560,2008.7646,1829.1311
444,2092.7968,1854.5416,4.6432,1984.4418,2092.8873,1854.4512,2092.7968,1854.5416
445,2057.6137,1825.3379,-8.2424,1951.9211,2057.9058,1825.0457,2057.6137,1825.3379
446,1861.3687,1751.5113,40.2477,1810.2864,1874.5359,1738.3442,1861.3687,1751.5113
447,1861.2913,1687.4413,36.9729,1781.8935,1868.8277,1679.9049,1861.2913,1687.4413
448,2028.7095,1678.5359,-43.4202,1879.7711,2034.0131,1673.2323,2028.7095,1678.5359
449,1939.7459,1635.9435,73.1366,1811.5345,1956.4357,1619.2536,1939.7459,1635.9435
450,1998.5421,1613.6193,71.9065,1840.8051,2011.5361,1600.6253,1998.5421,1613.6193
451,1787.5259,1644.7337,-38.3822,1721.8633,1797.1890,1635.0706,1787.5259,1644.7337
452,1815.3027,1710.8060,-70.1386,1769.5504,1850.5146,1675.5940,1815.3027,1710.8060
453,2025.6778,1799.5365,-45.7002,1924.2366,2034.5640,1790.6503,2025.6778,1799.5365
454,1852.6258,1682.3959,94.9172,1781.2513,1895.0014,1640.0203,1852.6258,1682.3959
455,2036.1154,1781.4637,56.9505,1924.0174,2048.2715,1769.3075,2036.1154,1781.4637
456,2029.1342,1688.2684,62.3035,1885.0883,2040.1651,1677.2375,2029.1342,1688.2684
457,1680.9860,1668.4519,-10.8724,1674.8600,1687.2683,1662.1697,1680.9860,1668.4519
458,1782.6551,1724.5172,-11.0064,1754.4123,1784.6690,1722.5033,1782.6551,1724.5172
459,1844.0222,1698.6471,11.2267,1775.9096,1844.8841,1697.7852,1844.0222,1698.6471
460,1771.8241,1651.8282,28.4414,1715.6849,1778.2239,1645.4283,1771.8241,1651.8282
461,1848.5702,1742.8573,25.7219,1798.5978,1854.4966,1736.9309,1848.5702,1742.8573
462,1984.2708,1511.8621,21.1418,1795.6767,1985.2151,1510.9178,1984.2708,1511.8621
463,1948.8531,1570.2553,-99.5025,1798.1199,1973.4112,1545.6971,1948.8531,1570.2553
464,1839.7259,1592.7252,-89.6969,1736.4688,1868.8620,1563.5892,1839.7259,1592.7252
465,1870.5007,1574.5306,-83.3265,1747.4521,1892.3476,1552.6837,1870.5007,1574.5306
466,2066.4770,1723.4235,56.5830,1920.6003,2075.5688,1714.3317,2066.4770,1723.4235
467,2028.1358,1691.1749,74.3349,1886.8101,2043.8057,1675.5051,2028.1358,1691.1749
468,1768.0595,1653.5149,3.1216,1713.6693,1768.1445,1653.4299,1768.0595,1653.5149
469,1768.0819,1665.2988,-12.0949,1719.1241,1769.4859,1663.8947,1768.0819,1665.2988
470,1756.1102,1617.9922,-118.1839,1703.6289,1823.9328,1550.1696,1756.1102,1617.9922
471,1833.1206,1693.9027,-83.9282,1773.5956,1872.5500,1654.4733,1833.1206,1693.9027
472,1960.4786,1746.5694,69.6221,1866.6576,1981.1427,1725.9053,1960.4786,1746.5694
473,1895.2163,1705.6994,83.0305,1813.6340,1926.4469,1674.4688,1895.2163,1705.6994
474,2144.9538,1862.9576,13.4393,2018.9160,2145.5928,1862.3186,2144.9538,1862.9576
475,2193.1395,1908.3556,4.7056,2065.5407,2193.2172,1908.2778,2193.1395,1908.3556
476,2169.8525,1894.7061,-2.6407,2046.2060,2169.8779,1894.6807,2169.8525,1894.7061
477,2093.6767,1876.0859,7.0967,1993.8441,2093.9079,1875.8547,2093.6767,1876.0859
478,2117.6497,1818.4830,34.1534,1985.9280,2121.4992,1814.6335,2117.6497,1818.4830
479,2147.9267,1851.0382,24.8850,2016.4064,2149.9980,1848.9668,2147.9267,1851.0382
480,2162.2749,1839.7203,-17.3266,2020.6244,2163.2030,1838.7922,2162.2749,1839.7203
481,2142.9384,1795.4374,-11.1257,1992.1446,2143.2943,1795.0816,2142.9384,1795.4374
482,2099.4931,1740.5320,-4.1466,1945.0295,2099.5410,1740.4841,2099.4931,1740.5320
483,2172.2072,1900.0634,-1.5846,2049.7320,2172.2164,1900.0542,2172.2072,1900.0634
484,2198.2376,1912.8731,3.1218,2070.3651,2198.2718,1912.8389,2198.2376,1912.8731
485,2094.6919,1735.6657,12.4891,1940.3744,2095.1258,1735.2318,2094.6919,1735.6657
486,2165.1616,1831.6398,8.5563,2019.2208,2165.3810,1831.4204,2165.1616,1831.6398
487,2112.6435,1887.9487,0.9413,2009.7395,2112.6474,1887.9448,2112.6435,1887.9487
488,2071.1718,1863.1672,8.3058,1975.4524,2071.5030,1862.8361,2071.1718,1863.1672
489,2062.0646,1713.1087,-28.7468,1912.2736,2064.4169,1710.7564,2062.0646,1713.1087
490,2065.3593,1697.9298,-16.3920,1908.5716,2066.0892,1697.2000,2065.3593,1697.9298
491,2177.0577,1898.9307,-13.0101,2052.3021,2177.6649,1898.3235,2177.0577,1898.9307
492,2198.8344,1920.4608,-2.2060,2073.7121,2198.8519,1920.4434,2198.8344,1920.4608
493,1959.0880,1725.5414,45.8851,1855.0870,1967.7796,1716.8498,1959.0880,1725.5414
494,1986.4870,1757.2508,69.4523,1886.2067,2005.8873,1737.8505,1986.4870,1757.2508
495,2083.1242,1796.4699,-43.4201,1957.0633,2089.5568,1790.0374,2083.1242,1796.4699
496,2121.0980,1864.3349,-24.8567,2005.5468,2123.4821,1861.9508,2121.0980,1864.3349
497,2166.1589,1839.9688,16.5522,2023.0884,2166.9967,1839.1311,2166.1589,1839.9688
498,1981.6337,1779.4208,22.1830,1889.0544,1984.0386,1777.0159,1981.6337,1779.4208
499,1998.2587,1826.1416,-5.9425,1918.0286,1998.4637,1825.9367,1998.2587,1826.1416
500,2071.7310,1798.7869,-33.6018,1950.5097,2075.8068,1794.7111,2071.7310,1798.7869
501,2070.1444,1814.8692,-36.4760,1956.0670,2075.2541,1809.7595,2070.1444,1814.8692
502,2099.1993,1685.6490,4.8517,1926.0342,2099.2562,1685.5921,2099.1993,1685.6490
503,2060.3572,1612.8475,6.3080,1877.0792,2060.4461,1612.7586,2060.3572,1612.8475
504,1980.9106,1783.0049,3.4670,1889.7556,1980.9714,1782.9442,1980.9106,1783.0049
505,1968.4193,1773.3509,18.5317,1878.7709,1970.1642,1771.6060,1968.4193,1773.3509
506,2083.5900,1824.8900,23.5381,1967.4629,2085.7142,1822.7658,2083.5900,1824.8900
507,1984.2601,1803.0767,18.1259,1900.4174,1986.0557,1801.2812,1984.2601,1803.0767
508,1852.4598,1675.4106,-97.4429,1778.6125,1895.5852,1632.2852,1852.4598,1675.4106
509,2021.2633,1835.9870,16.6364,1935.5027,2022.7453,1834.5051,2021.2633,1835.9870
510,1966.6653,1777.4632,54.5342,1881.5936,1981.2583,1762.8702,1966.6653,1777.4632
511,2173.0672,1884.9045,-9.6713,2044.3441,2173.3914,1884.5803,2173.0672,1884.9045
512,2168.1233,1885.9423,-4.7056,2041.7267,2168.2018,1885.8639,2168.1233,1885.9423
513,2120.2447,1752.6767,30.7729,1963.1736,2122.8032,1750.1182,2120.2447,1752.6767
514,2056.5663,1744.8640,44.1877,1921.3132,2062.7094,1738.7209,2056.5663,1744.8640
515,2048.9183,1663.5252,-21.8622,1886.3692,2050.1545,1662.2890,2048.9183,1663.5252
516,1995.9151,1608.3874,-55.6921,1835.6708,2003.7599,1600.5426,1995.9151,1608.3874
517,1928.1730,1723.0428,49.1523,1836.2055,1939.3424,1711.8733,1928.1730,1723.0428
518,2036.2318,1583.1125,25.5626,1852.2585,2037.6693,1581.6750,2036.2318,1583.1125
519,1959.7507,1533.9799,60.7578,1788.4556,1968.2512,1525.4795,1959.7507,1533.9799
520,2064.9940,1747.7271,60.3550,1928.8941,2076.0877,1736.6334,2064.9940,1747.7271
521,2008.1611,1641.5887,52.8214,1854.5404,2015.6206,1634.1292,2008.1611,1641.5887
522,2031.6057,1735.8776,42.4145,1902.4907,2037.5687,1729.9145,2031.6057,1735.8776
523,1946.9134,1691.2753,93.6618,1839.6834,1977.5565,1660.6322,1946.9134,1691.2753
524,2021.7819,1750.2101,-45.4941,1902.2364,2029.2005,1742.7915,2021.7819,1750.2101
525,2070.1611,1795.2739,-33.2058,1948.1727,2074.1154,1791.3196,2070.1611,1795.2739
526,2019.3788,1640.1982,71.7869,1863.1746,2032.5145,1627.0624,2019.3788,1640.1982
527,1965.7459,1573.4586,82.1676,1807.5297,1982.2612,1556.9433,1965.7459,1573.4586
528,1913.0846,1662.8869,-93.9233,1808.3990,1944.4189,1631.5526,1913.0846,1662.8869
529,1781.9153,1590.7091,-128.7171,1709.0269,1846.6495,1525.9750,1781.9153,1590.7091
530,1942.5356,1750.8542,-22.3553,1854.5451,1945.1083,1748.2815,1942.5356,1750.8542
531,1963.5590,1791.1704,-44.0207,1884.8342,1974.1494,1780.5800,1963.5590,1791.1704
532,1948.9896,1793.8782,-34.1633,1877.1816,1956.1806,1786.6872,1948.9896,1793.8782
533,1882.2520,1748.5457,-52.7520,1821.3811,1900.5581,1730.2395,1882.2520,1748.5457
534,2125.7991,1810.4133,-11.3657,1987.0659,2126.2082,1810.0042,2125.7991,1810.4133
535,2159.4340,1845.6698,-8.2359,2020.9537,2159.6501,1845.4538,2159.4340,1845.6698
536,2093.1462,1748.4966,21.6670,1944.2353,2094.5030,1747.1398,2093.1462,1748.4966
537,2078.4784,1746.3185,33.3582,1934.7749,2081.7954,1743.0015,2078.4784,1746.3185
538,1980.5646,1509.8652,-14.1350,1792.3568,1980.9887,1509.4411,1980.5646,1509.8652
539,2016.2337,1576.7111,-5.4019,1836.3784,2016.3000,1576.6448,2016.2337,1576.7111
540,1988.2904,1444.7873,-64.3232,1783.3857,1995.7992,1437.2784,1988.2904,1444.7873
541,2000.4982,1576.1599,-32.5871,1826.5688,2002.9861,1573.6719,2000.4982,1576.1599
542,1895.1935,1542.2285,75.8367,1750.6169,1910.7977,1526.6244,1895.1935,1542.2285
543,2108.5252,1705.4869,-10.0667,1938.7640,2108.7765,1705.2356,2108.5252,1705.4869
544,2117.5808,1766.4267,-2.9753,1965.6773,2117.6061,1766.4015,2117.5808,1766.4267
545,2177.2345,1888.9881,10.5711,2048.4607,2177.6216,1888.6009,2177.2345,1888.9881
546,2129.9486,1854.1185,15.3836,2006.4818,2130.8039,1853.2632,2129.9486,1854.1185
547,2062.7438,1849.8061,22.5838,1965.3368,2065.1126,1847.4372,2062.7438,1849.8061
548,2199.4227,1921.8957,-1.4868,2074.6298,2199.4307,1921.8877,2199.4227,1921.8957
549,2196.4988,1909.4087,4.4091,2067.9683,2196.5665,1909.3410,2196.4988,1909.4087
550,2168.0685,1834.1316,11.3054,2021.9842,2168.4508,1833.7493,2168.0685,1834.1316
551,2144.7654,1824.5001,3.7771,2003.9305,2144.8100,1824.4556,2144.7654,1824.5001
552,2127.6226,1886.5331,9.2658,2017.9723,2127.9782,1886.1776,2127.6226,1886.5331
553,2175.3813,1893.4818,8.1579,2049.0758,2175.6172,1893.2459,2175.3813,1893.4818
554,2181.0311,1868.0499,7.0834,2042.6411,2181.1913,1867.8897,2181.0311,1868.0499
555,2113.3661,1885.8919,-3.0469,2009.3164,2113.4069,1885.8511,2113.3661,1885.8919
556,2146.2409,1889.8423,-1.8318,2030.2234,2146.2540,1889.8292,2146.2409,1889.8423
557,2045.2451,1831.8594,36.1486,1948.3468,2051.2026,1825.9019,2045.2451,1831.8594
558,2087.7849,1862.7662,18.1663,1985.1143,2089.2421,1861.3091,2087.7849,1862.7662
559,2114.5520,1846.0650,19.2894,1994.1920,2115.9307,1844.6863,2114.5520,1846.0650
560,2145.4925,1872.8919,11.3032,2023.1090,2145.9604,1872.4240,2145.4925,1872.8919
561,2192.4969,1916.4242,-5.2454,2068.3454,2192.5966,1916.3246,2192.4969,1916.4242
562,2173.1177,1906.0179,-6.7065,2052.6759,2173.2860,1905.8496,2173.1177,1906.0179
563,2012.4860,1829.1254,-20.3901,1927.6819,2014.7260,1826.8854,2012.4860,1829.1254
564,1986.9549,1786.6967,5.7062,1894.8052,1987.1173,1786.5342,1986.9549,1786.6967
565,2093.2554,1720.9316,9.0453,1934.2233,2093.4750,1720.7119,2093.2554,1720.9316
566,2098.8477,1758.4786,-15.8138,1951.2509,2099.5808,1757.7455,2098.8477,1758.4786
567,2146.1622,1817.0264,-0.4381,2001.9901,2146.1628,1817.0258,2146.1622,1817.0264
568,2112.1052,1785.5086,-14.6813,1969.3892,2112.7638,1784.8499,2112.1052,1785.5086
569,2004.9774,1626.2334,-71.2984,1849.1238,2017.9547,1613.2561,2004.9774,1626.2334
570,2010.6590,1729.2657,-58.7815,1888.5210,2022.4445,1717.4801,2010.6590,1729.2657
571,2112.1475,1829.5986,23.1454,1986.4096,2114.0309,1827.7152,2112.1475,1829.5986
572,2025.9683,1745.0521,55.9626,1903.6096,2036.7063,1734.3140,2025.9683,1745.0521
573,1947.6129,1533.7214,63.2370,1780.5613,1957.0591,1524.2753,1947.6129,1533.7214
574,2009.1090,1543.0479,46.8084,1823.1669,2013.7637,1538.3933,2009.1090,1543.0479
575,2075.2990,1744.3651,46.2885,1932.8798,2081.6515,1738.0126,2075.2990,1744.3651
576,2065.9363,1779.5794,32.0250,1939.4780,2069.4741,1776.0416,2065.9363,1779.5794
577,2143.3045,1866.3107,-12.7637,2019.2292,2143.8914,1865.7238,2143.3045,1866.3107
578,2132.7132,1802.6359,-33.8656,1989.1950,2136.1519,1799.1971,2132.7132,1802.6359
579,1985.1341,1749.9827,-50.4699,1880.6616,1995.5086,1739.6082,1985.1341,1749.9827
580,2038.7181,1677.3640,-41.5014,1885.5812,2043.4233,1672.6588,2038.7181,1677.3640
581,2030.6679,1845.2200,3.7945,1944.5984,2030.7455,1845.1424,2030.6679,1845.2200
582,2107.0982,1855.9102,-9.2896,1993.4742,2107.4413,1855.5671,2107.0982,1855.9102
583,2096.7293,1791.7409,28.5006,1962.7150,2099.3697,1789.1004,2096.7293,1791.7409
584,2147.3053,1799.1999,22.6333,1996.5334,2148.7707,1797.7345,2147.3053,1799.1999
585,2145.9108,1854.3008,-18.2630,2016.2344,2147.0501,1853.1615,2145.9108,1854.3008
586,2075.0580,1840.0792,-32.0506,1968.9002,2079.3512,1835.7860,2075.0580,1840.0792
587,2137.9294,1876.3917,0.3362,2019.8998,2137.9298,1876.3913,2137.9294,1876.3917
588,2069.7568,1858.8589,-19.6303,1973.0737,2071.5684,1857.0473,2069.7568,1858.8589
589,1973.2821,1514.7200,-41.1001,1790.0605,1976.9367,1511.0654,1973.2821,1514.7200
590,1976.0985,1505.3013,-39.1397,1789.0974,1979.3302,1502.0696,1976.0985,1505.3013
591,1954.9804,1611.1924,70.4940,1811.8907,1968.8738,1597.2990,1954.9804,1611.1924
592,2100.3126,1787.9025,47.5481,1964.5704,2107.3890,1780.8261,2100.3126,1787.9025
593,2010.8112,1730.9931,76.4375,1891.1707,2030.3300,1711.4743,2010.8112,1730.9931
594,2139.2749,1860.5175,-20.5550,2014.7287,2140.7824,1859.0100,2139.2749,1860.5175
595,2177.3787,1862.0155,-2.4726,2038.0837,2177.3981,1861.9961,2177.3787,1862.0155
596,2021.2596,1769.4489,-52.3415,1910.0113,2031.7060,1759.0026,2021.2596,1769.4489
597,2078.8135,1663.8880,18.7337,1905.8145,2079.6576,1663.0439,2078.8135,1663.8880
598,2048.1961,1632.0541,32.8969,1875.9498,2050.7806,1629.4696,2048.1961,1632.0541
599,2077.2145,1668.4300,-51.5163,1908.0759,2083.6068,1662.0378,2077.2145,1668.4300
600,2043.4252,1603.4341,-62.6724,1865.9778,2052.1782,1594.6811,2043.4252,1603.4341
601,1852.2428,1646.9411,-104.9129,1767.9660,1896.3704,1602.8135,1852.2428,1646.9411
602,1910.3863,1701.4753,-83.3944,1820.7094,1939.5930,1672.2686,1910.3863,1701.4753
603,2089.8916,1656.6152,11.6122,1910.5704,2090.2026,1656.3042,2089.8916,1656.6152
604,2099.2222,1674.3187,-6.7265,1922.3542,2099.3287,1674.2122,2099.2222,1674.3187
605,2002.8012,1763.1628,43.9428,1895.9125,2010.6049,1755.3591,2002.8012,1763.1628
606,1950.9253,1712.2828,54.3562,1845.6299,1962.7229,1700.4852,1950.9253,1712.2828
607,1926.4433,1799.4765,-3.5921,1866.2124,1926.5449,1799.3749,1926.4433,1799.4765
608,1911.0106,1741.9358,20.3650,1832.6724,1913.4290,1739.5174,1911.0106,1741.9358
609,1920.8911,1784.9812,10.4177,1856.7584,1921.6850,1784.1873,1920.8911,1784.9812
610,2191.9435,1911.4432,-6.5200,2066.0550,2192.0950,1911.2917,2191.9435,1911.4432
611,2175.0919,1905.9172,-0.4271,2053.7771,2175.0926,1905.9165,2175.0919,1905.9172
612,2045.4677,1524.7401,8.2659,1841.2411,2045.5989,1524.6089,2045.4677,1524.7401
613,2169.9773,1894.5557,5.3628,2046.2371,2170.0817,1894.4513,2169.9773,1894.5557
614,2161.1421,1848.8633,21.9419,2023.5164,2162.6763,1847.3291,2161.1421,1848.8633
615,2097.9900,1845.7693,18.0593,1984.1873,2099.2765,1844.4828,2097.9900,1845.7693
616,2055.4221,1809.0144,22.7920,1944.3671,2057.5125,1806.9239,2055.4221,1809.0144
617,2121.5356,1737.1448,12.7319,1957.9727,2121.9568,1736.7236,2121.5356,1737.1448
618,2132.5463,1743.1559,9.4568,1967.0419,2132.7759,1742.9264,2132.5463,1743.1559
619,2187.1823,1903.7683,-1.1602,2060.1495,2187.1871,1903.7636,2187.1823,1903.7683
620,2193.2666,1917.9579,-0.0757,2069.3931,2193.2666,1917.9579,2193.2666,1917.9579
621,2154.8968,1861.1243,5.7605,2024.0881,2155.0097,1861.0114,2154.8968,1861.1243
622,2169.9988,1866.9798,15.4405,2035.6521,2170.7835,1866.1950,2169.9988,1866.9798
623,2187.8414,1911.7962,-6.3170,2063.7412,2187.9859,1911.6518,2187.8414,1911.7962
624,2162.7501,1900.8044,3.4265,2044.4108,2162.7949,1900.7596,2162.7501,1900.8044
625,2043.1381,1847.6260,17.5822,1952.9740,2044.7067,1846.0574,2043.1381,1847.6260
626,2040.1558,1814.7340,9.1780,1937.3714,2040.5289,1814.3610,2040.1558,1814.7340
627,2190.8324,1908.7661,2.5946,2064.3081,2190.8562,1908.7423,2190.8324,1908.7661
628,2196.5966,1918.9337,-1.7940,2071.7697,2196.6082,1918.9221,2196.5966,1918.9337
629,2086.3383,1844.5297,26.8969,1977.1076,2089.2939,1841.5740,2086.3383,1844.5297
630,2078.8496,1775.5917,38.1290,1946.1539,2083.5701,1770.8712,2078.8496,1775.5917
631,2111.5541,1835.9688,-22.9894,1988.5372,2113.4587,1834.0641,2111.5541,1835.9688
632,2119.8874,1831.8029,-29.0666,1992.1704,2122.7908,1828.8995,2119.8874,1831.8029
633,2135.2331,1894.3009,-0.8150,2025.5430,2135.2359,1894.2982,2135.2331,1894.3009
634,2124.1853,1858.3978,15.7670,2004.7369,2125.1174,1857.4658,2124.1853,1858.3978
635,2068.7331,1737.5205,-29.3463,1925.2926,2071.3132,1734.9404,2068.7331,1737.5205
636,2115.8584,1744.7045,-33.7889,1957.7354,2118.9094,1741.6535,2115.8584,1744.7045
637,2021.4608,1535.2140,11.0251,1827.6147,2021.7106,1534.9642,2021.4608,1535.2140
638,2144.7958,1796.8005,16.6444,1993.9163,2145.5901,1796.0063,2144.7958,1796.8005
639,2125.3673,1776.0032,7.5304,1974.0528,2125.5295,1775.8410,2125.3673,1776.0032
640,1999.1164,1791.5278,-7.8870,1903.8782,1999.4156,1791.2286,1999.1164,1791.5278
641,2010.7868,1787.4305,-22.3535,1909.3268,2013.0020,1785.2153,2010.7868,1787.4305
642,2100.9492,1732.0471,-45.3845,1944.5336,2106.4506,1726.5457,2100.9492,1732.0471
643,2130.0902,1777.5794,-32.0124,1978.3181,2132.9737,1774.6959,2130.0902,1777.5794
644,2186.8645,1888.2861,1.8019,2053.9193,2186.8754,1888.2753,2186.8645,1888.2861
645,2050.5165,1688.4732,-60.3777,1898.4873,2060.3202,1678.6695,2050.5165,1688.4732
646,2044.3738,1655.7588,-49.2586,1882.3631,2050.5204,1649.6123,2044.3738,1655.7588
647,1816.4356,1601.6897,-65.7206,1722.9160,1834.9521,1583.1732,1816.4356,1601.6897
648,2138.6478,1874.2482,-16.3147,2019.6689,2139.6507,1873.2453,2138.6478,1874.2482
649,2065.4794,1858.1397,-6.9404,1970.0466,2065.7114,1857.9076,2065.4794,1858.1397
650,1982.1049,1489.3165,42.7755,1788.9413,1985.7903,1485.6311,1982.1049,1489.3165
651,2025.7549,1521.3313,34.0618,1827.5033,2028.0446,1519.0417,2025.7549,1521.3313
652,2165.3264,1910.1660,3.5948,2049.7020,2165.3770,1910.1154,2165.3264,1910.1660
653,2158.6953,1879.8068,11.2953,2033.7384,2159.1520,1879.3501,2158.6953,1879.8068
654,2005.7595,1813.4556,-30.2604,1917.5723,2010.4088,1808.8063,2005.7595,1813.4556
655,2130.4881,1833.9048,-14.6894,1998.9301,2131.2139,1833.1791,2130.4881,1833.9048
656,2161.4110,1889.8059,4.9942,2039.2379,2161.5028,1889.7141,2161.4110,1889.8059
657,2134.0277,1871.2094,12.7740,2015.6328,2134.6471,1870.5900,2134.0277,1871.2094
658,2124.9805,1858.6286,-27.3856,2005.6776,2127.7671,1855.8421,2124.9805,1858.6286
659,2166.0691,1898.9576,-11.5827,2045.7332,2166.5705,1898.4563,2166.0691,1898.9576
660,2199.8143,1923.5044,0.1788,2075.4999,2199.8144,1923.5043,2199.8143,1923.5044
661,2197.7609,1917.4417,0.8588,2071.8734,2197.7635,1917.4391,2197.7609,1917.4417
662,2075.9820,1687.4387,8.3417,1911.6137,2076.1610,1687.2597,2075.9820,1687.4387
663,2113.5802,1729.5977,-23.4601,1950.5735,2115.0082,1728.1697,2113.5802,1729.5977
664,2186.3842,1891.1557,6.9556,2054.7744,2186.5480,1890.9919,2186.3842,1891.1557
665,2187.1381,1892.4910,9.1939,2055.7747,2187.4247,1892.2044,2187.1381,1892.4910
666,2158.3452,1867.2111,5.4405,2028.5300,2158.4469,1867.1095,2158.3452,1867.2111
667,2180.2119,1874.9653,12.4125,2044.8617,2180.7159,1874.4614,2180.2119,1874.9653
668,2046.4629,1785.1346,-43.5268,1930.5927,2053.5220,1778.0755,2046.4629,1785.1346
669,2038.2801,1792.8241,-38.0466,1928.4369,2044.0422,1787.0620,2038.2801,1792.8241
670,1939.1952,1485.6440,117.4066,1768.6196,1967.7850,1457.0542,1939.1952,1485.6440
671,2018.8047,1754.5029,39.9501,1901.7471,2024.7113,1748.5963,2018.8047,1754.5029
672,2021.0690,1819.1391,41.5926,1929.3966,2029.3005,1810.9076,2021.0690,1819.1391
673,2021.0283,1806.7940,13.2216,1923.0191,2021.8412,1805.9811,2021.0283,1806.7940
674,2026.2678,1835.7698,3.5603,1938.0631,2026.3343,1835.7033,2026.2678,1835.7698
675,2157.8763,1896.6186,7.0134,2039.8704,2158.0644,1896.4304,2157.8763,1896.6186
676,2154.0525,1883.7480,9.1406,2032.4879,2154.3612,1883.4393,2154.0525,1883.7480
677,2051.6815,1774.1704,60.2387,1930.7851,2064.1933,1761.6586,2051.6815,1774.1704
678,2079.1719,1815.7365,31.5731,1961.5344,2082.9031,1812.0053,2079.1719,1815.7365
679,2120.6848,1740.4022,-10.1604,1958.5120,2120.9561,1740.1309,2120.6848,1740.4022
680,2128.4688,1760.6294,-22.3465,1970.8497,2129.8214,1759.2768,2128.4688,1760.6294
681,1885.6530,1611.8208,-94.4384,1772.3077,1915.0638,1582.4101,1885.6530,1611.8208
682,2078.3215,1703.7641,21.5948,1919.0263,2079.5625,1702.5232,2078.3215,1703.7641
683,2062.1861,1696.6867,35.6152,1906.9030,2065.6242,1693.2486,2062.1861,1696.6867
684,2133.7440,1797.7402,30.1889,1987.8506,2136.4349,1795.0494,2133.7440,1797.7402
685,2101.5630,1747.6522,41.3368,1950.1744,2106.3270,1742.8882,2101.5630,1747.6522
686,1824.6432,1615.4836,69.5445,1733.7642,1845.6555,1594.4713,1824.6432,1615.4836
687,1850.4182,1613.8573,91.2936,1751.3639,1881.5526,1582.7230,1850.4182,1613.8573
688,2114.1148,1785.1185,11.4578,1970.4258,2114.5133,1784.7199,2114.1148,1785.1185
689,2099.8456,1760.5723,38.8978,1953.6058,2104.2482,1756.1698,2099.8456,1760.5723
690,2169.5121,1830.9869,-1.9840,2021.6229,2169.5237,1830.9753,2169.5121,1830.9869
691,2148.2537,1810.0353,-20.0536,2001.0030,2149.4386,1808.8504,2148.2537,1810.0353
692,2085.7077,1687.0022,-47.4827,1919.4591,2091.2845,1681.4254,2085.7077,1687.0022
693,2174.9612,1883.8175,-0.9308,2044.9932,2174.9641,1883.8146,2174.9612,1883.8175
694,2171.9894,1884.4183,-3.4503,2043.4455,2172.0308,1884.3770,2171.9894,1884.4183
695,1854.7875,1496.8807,-122.8396,1717.4870,1892.8915,1458.7767,1854.7875,1496.8807
696,2118.9656,1770.6060,-9.8971,1968.1213,2119.2466,1770.3250,2118.9656,1770.6060
697,2136.3134,1864.6191,-8.9395,2014.3158,2136.6072,1864.3253,2136.3134,1864.6191
698,2093.5128,1852.0783,-18.8140,1984.1124,2094.9701,1850.6210,2093.5128,1852.0783
699,2188.3006,1897.6299,7.9748,2058.4618,2188.5192,1897.4112,2188.3006,1897.6299
700,2191.8450,1920.7134,1.3770,2069.6435,2191.8520,1920.7065,2191.8450,1920.7134
701,2081.8288,1816.1561,46.9474,1964.2098,2089.8809,1808.1040,2081.8288,1816.1561
702,2176.2391,1888.7911,-0.8005,2047.7034,2176.2413,1888.7889,2176.2391,1888.7911
703,1784.1547,1655.1125,49.7364,1725.4129,1801.0995,1638.1678,1784.1547,1655.1125
704,2125.1465,1829.7964,28.4060,1994.5520,2127.8537,1827.0892,2125.1465,1829.7964
705,2191.1451,1920.3034,1.2265,2069.0633,2191.1506,1920.2978,2191.1451,1920.3034
706,2189.3306,1906.6657,-1.9612,2062.5791,2189.3442,1906.6521,2189.3306,1906.6657
707,2172.8143,1854.9157,-0.4835,2032.5962,2172.8150,1854.9149,2172.8143,1854.9157
708,2184.7636,1901.2678,-0.4565,2057.7151,2184.7644,1901.2671,2184.7636,1901.2678
709,2165.8883,1873.8839,-20.2229,2035.9560,2167.2822,1872.4900,2165.8883,1873.8839
710,1718.6502,1656.3763,-88.4451,1695.3103,1781.2792,1593.7473,1718.6502,1656.3763
711,2143.1312,1788.5681,8.2234,1989.7372,2143.3218,1788.3775,2143.1312,1788.5681
712,2111.8697,1742.2840,7.9326,1953.5248,2112.0399,1742.1138,2111.8697,1742.2840
713,1778.5040,1645.5689,-23.5510,1716.3877,1782.5530,1641.5199,1778.5040,1645.5689
714,1848.9154,1653.1588,-90.2157,1766.1506,1884.1500,1617.9243,1848.9154,1653.1588
715,1801.5562,1644.9766,-64.2126,1732.1676,1824.5212,1622.0115,1801.5562,1644.9766
716,1815.6207,1699.3628,-76.1902,1765.3127,1853.3245,1661.6590,1815.6207,1699.3628
717,2172.3527,1876.0645,-2.9542,2040.4134,2172.3822,1876.0350,2172.3527,1876.0645
718,2134.2301,1883.4312,16.0597,2020.7299,2135.2543,1882.4070,2134.2301,1883.4312
719,1785.6651,1597.9092,-132.1731,1714.9321,1853.9068,1529.6675,1785.6651,1597.9092
720,1752.5270,1674.0875,61.0206,1717.9077,1785.8449,1640.7696,1752.5270,1674.0875
721,2154.5069,1861.4453,17.6553,2024.1830,2155.5667,1860.3855,2154.5069,1861.4453
722,2104.7036,1856.0041,28.7308,1992.6531,2107.9796,1852.7281,2104.7036,1856.0041
723,1804.9759,1594.2145,-139.7990,1726.4328,1874.6633,1524.5271,1804.9759,1594.2145
724,1832.7890,1720.9867,48.5281,1781.5079,1850.9143,1702.8614,1832.7890,1720.9867
725,1772.4525,1709.1100,43.6592,1743.2863,1794.7182,1686.8444,1772.4525,1709.1100
726,2030.3227,1727.4885,50.0055,1899.0970,2038.3662,1719.4450,2030.3227,1727.4885
727,2032.5516,1803.1550,53.4368,1930.3355,2044.3887,1791.3180,2032.5516,1803.1550
728,2093.1305,1825.7029,23.8950,1973.4905,2095.2488,1823.5846,2093.1305,1825.7029
729,1898.7142,1564.7599,-110.3192,1766.0884,1931.8662,1531.6079,1898.7142,1564.7599
730,1953.0414,1560.3386,-95.9322,1797.0059,1975.2234,1538.1566,1953.0414,1560.3386
731,1816.0352,1649.5318,65.1269,1742.4281,1838.4829,1627.0841,1816.0352,1649.5318
732,1699.4785,1680.1720,59.2658,1693.0228,1749.8721,1629.7784,1699.4785,1680.1720
733,1985.3877,1517.6279,39.0217,1799.0128,1988.6207,1514.3949,1985.3877,1517.6279
734,1916.8643,1495.5121,-124.2579,1757.9964,1950.7785,1461.5978,1916.8643,1495.5121
