face,S11,S22,S12,von_mises,principal_1,principal_2,T_wale_Nm,T_course_Nm
0,658.3323,413.8317,32.5727,579.1392,662.5972,409.5667,658.3323,413.8317
1,635.9105,844.9904,67.3205,771.1348,864.7913,616.1096,635.9105,844.9904
2,399.2224,337.9466,226.5413,540.9561,597.1882,139.9809,399.2224,337.9466
3,372.1090,231.1777,323.6701,648.2066,632.8951,-29.6084,372.1090,231.1777
4,543.6444,72.0237,-45.8322,517.5743,548.0571,67.6110,543.6444,72.0237
5,560.1784,-127.3462,-21.2473,634.5926,560.8344,-128.0022,560.1784,-127.3462
6,543.6128,101.2644,-104.7038,532.5499,567.1444,77.7328,543.6128,101.2644
7,549.0883,78.1235,-90.0904,537.6368,565.7333,61.4785,549.0883,78.1235
8,527.1316,270.2987,-201.6572,574.8417,637.7892,159.6411,527.1316,270.2987
9,481.4170,329.6514,-201.0389,550.4384,620.4175,190.6509,481.4170,329.6514
10,539.8630,229.6391,-151.6212,537.7541,601.6582,167.8439,539.8630,229.6391
11,604.6785,276.2580,-118.5902,563.1147,643.0235,237.9130,604.6785,276.2580
12,556.5306,50.8153,-182.1355,619.3127,615.2982,-7.9524,556.5306,50.8153
13,458.6787,504.4064,-113.8978,521.8905,597.7125,365.3726,458.6787,504.4064
14,2.4947,-200.4566,29.7931,208.2115,6.7779,-204.7398,2.4947,-200.4566
15,288.2976,650.3297,118.2435,600.4168,685.5273,253.1000,288.2976,650.3297
16,322.4975,-91.6558,-113.2009,424.7440,351.4191,-120.5774,322.4975,-91.6558
17,200.5547,152.1805,201.1719,392.7734,378.9883,-26.2530,200.5547,152.1805
18,293.6753,807.8385,-11.6238,708.5276,808.1012,293.4126,293.6753,807.8385
19,381.5253,-264.9440,-105.6380,591.8766,398.3495,-281.7682,381.5253,-264.9440
20,326.5271,211.7280,15.5290,288.1618,328.5907,209.6645,326.5271,211.7280
21,344.7188,-586.0836,-164.8494,863.6463,373.0519,-614.4167,344.7188,-586.0836
22,342.0272,505.6592,-29.4607,449.8093,510.8017,336.8847,342.0272,505.6592
23,271.3882,315.5400,162.2019,408.0584,457.1614,129.7668,271.3882,315.5400
24,533.3193,573.3843,-72.0329,568.3030,628.1184,478.5852,533.3193,573.3843
25,349.7968,563.1297,32.7645,495.6939,568.0484,344.8781,349.7968,563.1297
26,360.4974,519.2470,75.8478,479.2153,549.6595,330.0849,360.4974,519.2470
27,401.5034,126.5594,242.3766,550.1340,542.6798,-14.6171,401.5034,126.5594
28,250.0348,535.1079,-9.8969,464.0648,535.4511,249.6916,250.0348,535.1079
29,317.7529,118.6099,237.1812,496.0961,475.4156,-39.0527,317.7529,118.6099
30,488.0693,105.2837,-57.4627,455.8689,496.5093,96.8436,488.0693,105.2837
31,572.8080,-28.8455,-94.7458,610.2412,587.3754,-43.4129,572.8080,-28.8455
32,630.5676,311.0393,-18.7586,547.0697,631.6651,309.9418,630.5676,311.0393
33,334.0818,-171.8169,32.8039,449.1781,336.2001,-173.9351,334.0818,-171.8169
34,588.6658,251.8967,-25.9281,513.5301,590.6503,249.9122,588.6658,251.8967
35,252.6617,-94.2454,-90.3559,347.8863,274.7850,-116.3687,252.6617,-94.2454
36,655.3135,395.5750,25.0151,573.2076,657.7007,393.1878,655.3135,395.5750
37,603.6887,-51.2527,-26.9542,632.6034,604.7961,-52.3601,603.6887,-51.2527
38,630.5617,109.6728,11.0135,583.8190,630.7944,109.4400,630.5617,109.6728
39,628.8071,141.5891,75.8597,586.2403,640.3452,130.0511,628.8071,141.5891
40,378.2246,107.9321,170.5531,448.4927,460.6856,25.4712,378.2246,107.9321
41,400.9433,411.8052,-143.0578,476.0516,549.5351,263.2135,400.9433,411.8052
42,426.9191,454.4326,222.9989,586.4712,664.0987,217.2530,426.9191,454.4326
43,452.3066,378.1325,106.7543,459.0458,528.2325,302.2066,452.3066,378.1325
44,606.1836,462.4287,-134.7071,596.1712,686.9900,381.6222,606.1836,462.4287
45,279.9819,496.1984,-120.9524,479.1290,550.3149,225.8654,279.9819,496.1984
46,423.2769,-58.8834,-116.8744,498.5313,450.1132,-85.7198,423.2769,-58.8834
47,413.5059,532.8557,152.1443,551.3864,636.6096,309.7520,413.5059,532.8557
48,391.1056,405.2758,202.6746,530.9778,600.9891,195.3923,391.1056,405.2758
49,630.1904,646.5844,-28.8524,640.4978,668.3816,608.3932,630.1904,646.5844
50,489.0750,411.5601,83.4697,477.6964,542.3465,358.2886,489.0750,411.5601
51,600.3544,-72.2798,-78.9907,654.0350,609.5061,-81.4316,600.3544,-72.2798
52,627.7748,840.8363,63.6457,765.1166,858.4006,610.2105,627.7748,840.8363
53,370.4447,272.7616,-83.9918,362.9724,418.7634,224.4429,370.4447,272.7616
54,485.4629,472.2788,44.4737,485.1612,523.8305,433.9112,485.4629,472.2788
55,347.6161,471.5966,-55.8855,434.3677,493.0688,326.1439,347.6161,471.5966
56,582.1560,131.9360,-79.7233,546.4182,595.8562,118.2358,582.1560,131.9360
57,638.7677,127.4888,46.3393,591.0024,642.9336,123.3228,638.7677,127.4888
58,420.3670,534.4015,-1.1697,487.4964,534.4135,420.3550,420.3670,534.4015
59,581.4913,416.4409,-152.6600,582.5064,672.5043,325.4280,581.4913,416.4409
60,403.7670,-5.9835,265.5347,614.0078,534.2759,-136.4925,403.7670,-5.9835
61,550.9845,496.4651,-17.0349,526.6759,555.8695,491.5801,550.9845,496.4651
62,226.1237,-422.6499,125.3332,610.2960,249.4943,-446.0204,226.1237,-422.6499
63,396.9500,118.8383,-110.8403,401.7159,435.7202,80.0681,396.9500,118.8383
64,400.4891,-199.9008,54.6702,537.9372,405.4266,-204.8384,400.4891,-199.9008
65,542.9337,178.8748,-143.8708,540.1411,592.9248,128.8837,542.9337,178.8748
66,648.5915,686.2615,51.8362,674.2280,722.5786,612.2744,648.5915,686.2615
67,279.5053,91.0772,421.5542,770.7694,617.2452,-246.6627,279.5053,91.0772
68,592.3902,447.0033,64.0895,546.1320,616.6081,422.7854,592.3902,447.0033
69,488.2250,564.9822,12.2700,531.2078,566.8959,486.3113,488.2250,564.9822
70,285.0472,-97.7788,-77.9281,370.0034,300.3024,-113.0339,285.0472,-97.7788
71,498.8452,511.6265,-33.5841,508.6939,539.4226,471.0491,498.8452,511.6265
72,362.6930,541.9302,-85.3105,500.5137,576.0427,328.5805,362.6930,541.9302
73,629.9500,646.8995,-32.2583,641.0331,671.7777,605.0718,629.9500,646.8995
74,465.6041,200.3035,-84.2537,430.0495,490.0995,175.8081,465.6041,200.3035
75,384.0375,-70.0824,-90.4603,451.5083,401.3937,-87.4387,384.0375,-70.0824
76,565.0138,297.6663,-125.4170,535.5824,614.6379,248.0422,565.0138,297.6663
77,628.8154,649.8046,-83.5142,655.7221,723.4810,555.1390,628.8154,649.8046
78,627.2364,420.3808,-116.4632,589.2015,679.5680,368.0492,627.2364,420.3808
79,666.2498,550.6916,33.7958,619.4178,675.4079,541.5336,666.2498,550.6916
80,274.7183,-452.7291,84.6262,652.9101,284.4334,-462.4442,274.7183,-452.7291
81,382.8639,-191.9235,-81.3938,526.0940,394.1675,-203.2272,382.8639,-191.9235
82,616.5413,-45.3052,-21.3082,641.4595,617.2266,-45.9905,616.5413,-45.3052
83,552.6429,551.4442,-103.5372,580.4421,655.5826,448.5046,552.6429,551.4442
84,486.0843,554.5171,-63.1103,534.9522,592.0898,448.5115,486.0843,554.5171
85,339.9845,494.4894,56.3535,448.9072,512.8595,321.6145,339.9845,494.4894
86,186.5537,271.4207,143.3544,345.6709,378.4900,79.4844,186.5537,271.4207
87,602.3512,-5.9878,120.0021,640.0556,625.1674,-28.8039,602.3512,-5.9878
88,471.2643,777.3659,54.6479,684.8373,786.8295,461.8006,471.2643,777.3659
89,648.0264,680.0598,-77.3511,677.9914,743.0350,585.0511,648.0264,680.0598
90,625.5662,587.6195,-73.0242,620.5099,682.0417,531.1440,625.5662,587.6195
91,643.2230,281.6621,68.4385,570.9197,655.7439,269.1412,643.2230,281.6621
92,689.3893,652.7120,17.6441,672.4967,696.4991,645.6022,689.3893,652.7120
93,546.1906,243.0032,19.4491,475.1668,547.4331,241.7606,546.1906,243.0032
94,444.7207,473.4711,48.8255,467.4834,509.9936,408.1982,444.7207,473.4711
95,379.2893,-94.5107,-129.1004,488.5083,412.1828,-127.4042,379.2893,-94.5107
96,466.2279,400.0153,160.1182,517.4900,596.6265,269.6166,466.2279,400.0153
97,591.8936,596.0168,-85.2800,612.0569,679.2602,508.6502,591.8936,596.0168
98,284.6902,177.4969,316.8506,602.6649,552.4453,-90.2581,284.6902,177.4969
99,380.0399,88.2740,141.3909,422.6690,437.3150,30.9988,380.0399,88.2740
100,565.4375,98.2093,-60.5461,533.6955,573.1559,90.4908,565.4375,98.2093
101,458.4929,252.9898,-160.7885,485.5763,546.5575,164.9251,458.4929,252.9898
102,508.7482,305.7572,-195.4331,557.9795,627.4695,187.0359,508.7482,305.7572
103,384.4201,-108.2382,-98.6281,479.8810,403.4314,-127.2495,384.4201,-108.2382
104,562.5588,122.8107,-46.1473,518.5126,567.3493,118.0202,562.5588,122.8107
105,595.5959,117.6236,-108.7394,577.9156,619.1715,94.0481,595.5959,117.6236
106,350.3561,-277.1858,-124.2697,585.6824,374.0687,-300.8984,350.3561,-277.1858
107,350.9494,442.1063,102.1180,441.3057,508.3557,284.7000,350.9494,442.1063
108,620.2660,101.2157,52.9632,583.6173,625.6152,95.8666,620.2660,101.2157
109,393.3361,-203.8157,15.0083,526.4009,393.7130,-204.1927,393.3361,-203.8157
110,477.6841,552.5693,-91.3506,542.7672,613.8531,416.4004,477.6841,552.5693
111,587.1456,-40.4673,-92.3325,629.0577,600.4474,-53.7690,587.1456,-40.4673
112,551.3280,-44.8533,125.9589,615.0611,576.8477,-70.3730,551.3280,-44.8533
113,680.9879,514.8536,7.2222,615.1148,681.3013,514.5402,680.9879,514.8536
114,677.3205,601.6582,-59.7479,651.1142,710.2071,568.7716,677.3205,601.6582
115,486.7105,-300.9728,-71.5602,699.5148,493.1589,-307.4212,486.7105,-300.9728
116,530.7839,521.2833,-18.1572,527.0371,544.8019,507.2653,530.7839,521.2833
117,442.6482,308.6311,-182.2202,504.1708,569.7900,181.4893,442.6482,308.6311
118,488.5581,447.0252,-142.5833,530.2007,611.8792,323.7041,488.5581,447.0252
119,587.9003,368.5141,-91.7567,538.5515,621.2172,335.1972,587.9003,368.5141
120,633.1298,573.2245,-86.7957,623.7906,694.9958,511.3586,633.1298,573.2245
121,422.6581,590.3034,120.3971,566.6461,653.1835,359.7780,422.6581,590.3034
122,650.1396,798.3266,-1.7135,735.5216,798.3464,650.1198,650.1396,798.3266
123,411.6250,-180.3532,-5.8351,525.6448,411.6825,-180.4107,411.6250,-180.3532
124,494.5811,604.8250,-48.0495,564.1055,622.8275,476.5786,494.5811,604.8250
125,338.5478,-573.0558,-21.2198,798.9775,339.0414,-573.5495,338.5478,-573.0558
126,413.5536,800.9885,-1.5907,693.8048,800.9950,413.5471,413.5536,800.9885
127,614.6370,335.8614,43.8519,538.4400,621.3722,329.1261,614.6370,335.8614
128,616.2666,-45.3170,17.9993,640.8880,616.7559,-45.8064,616.2666,-45.3170
129,537.3300,609.7618,49.0950,583.1987,634.5534,512.5384,537.3300,609.7618
130,596.4534,650.8111,-28.9825,627.4179,663.3649,583.8997,596.4534,650.8111
131,566.0756,-265.4111,13.8092,736.0023,566.3048,-265.6404,566.0756,-265.4111
132,334.5443,187.5251,156.6347,397.4335,434.0610,88.0084,334.5443,187.5251
133,322.9564,65.4878,227.0678,492.0560,455.2437,-66.7995,322.9564,65.4878
134,572.7644,216.5090,-171.2349,582.1432,641.7214,147.5520,572.7644,216.5090
135,565.2531,48.3983,-51.9396,550.0812,570.4209,43.2304,565.2531,48.3983
136,577.0716,16.7404,-100.1490,594.7444,594.4334,-0.6214,577.0716,16.7404
137,502.3327,143.1939,-221.6818,590.2034,608.0491,37.4775,502.3327,143.1939
138,605.3459,567.6964,23.2467,588.8051,616.4340,556.6083,605.3459,567.6964
139,567.5546,218.8758,-6.5484,495.9128,567.6775,218.7529,567.5546,218.8758
140,338.3620,219.4624,291.1124,585.3496,576.0329,-18.2085,338.3620,219.4624
141,533.4279,548.8072,92.6517,564.5694,634.0879,448.1473,533.4279,548.8072
142,603.1969,635.5371,-62.3361,629.3308,683.7663,554.9677,603.1969,635.5371
143,312.5652,118.7709,266.0568,535.7597,498.8204,-67.4843,312.5652,118.7709
144,550.6403,569.2103,-70.0235,573.1360,630.5617,489.2889,550.6403,569.2103
145,629.3363,795.5400,-17.4027,727.4575,797.3426,627.5336,629.3363,795.5400
146,635.4590,836.6087,40.7626,759.6555,844.5552,627.5124,635.4590,836.6087
147,614.9710,610.3850,-9.1199,612.8945,622.0818,603.2743,614.9710,610.3850
148,550.5205,632.0402,-37.2986,598.9742,646.5302,536.0304,550.5205,632.0402
149,422.8535,594.9835,18.8410,531.3046,597.0217,420.8153,422.8535,594.9835
150,348.0846,409.7403,69.4688,401.1278,454.9143,302.9107,348.0846,409.7403
151,500.8667,501.8180,-121.4175,543.6649,622.7608,379.9239,500.8667,501.8180
152,600.3542,410.9907,-0.2786,531.6002,600.3546,410.9903,600.3542,410.9907
153,678.4881,551.7914,10.2456,625.1007,679.3113,550.9682,678.4881,551.7914
154,252.4006,-215.0616,-60.7935,418.7204,260.1774,-222.8384,252.4006,-215.0616
155,393.1205,-199.2076,57.0311,531.3169,398.5616,-204.6488,393.1205,-199.2076
156,390.0419,560.9174,60.1626,508.7616,579.9744,370.9849,390.0419,560.9174
157,576.1398,253.0946,-118.7459,540.8122,615.0920,214.1424,576.1398,253.0946
158,284.1931,720.8596,42.1989,633.1534,724.9003,280.1524,284.1931,720.8596
159,377.7990,-197.7279,75.4811,523.0889,387.5338,-207.4627,377.7990,-197.7279
160,244.8673,358.5559,-98.4942,360.3152,415.4323,187.9910,244.8673,358.5559
161,356.9401,-200.7970,-82.9983,509.9650,369.0292,-212.8861,356.9401,-200.7970
162,639.0061,209.5467,8.5995,564.4102,639.1782,209.3745,639.0061,209.5467
163,474.9471,639.1334,25.6317,576.6131,643.0418,471.0387,474.9471,639.1334
164,288.2336,-495.2286,-93.3914,705.1506,299.2123,-506.2073,288.2336,-495.2286
165,236.7973,-424.4112,-31.8321,582.8698,238.3262,-425.9402,236.7973,-424.4112
166,427.5373,247.2553,-230.8172,545.9325,585.1906,89.6021,427.5373,247.2553
167,550.2448,365.7215,-173.9063,570.9775,654.8475,261.1187,550.2448,365.7215
168,538.4594,-181.8665,-29.0292,650.7456,539.6274,-183.0345,538.4594,-181.8665
169,556.0941,312.6934,-175.9367,570.9571,648.3206,220.4669,556.0941,312.6934
170,461.1354,-31.6192,-131.7526,529.4361,494.1512,-64.6350,461.1354,-31.6192
171,585.2429,-78.4613,-39.9338,631.9560,587.6370,-80.8554,585.2429,-78.4613
172,421.4101,529.8009,135.6638,538.7263,621.6938,329.5171,421.4101,529.8009
173,643.3275,546.6054,-4.4036,600.8824,643.5276,546.4054,643.3275,546.6054
174,681.6083,607.9351,-13.1589,648.3215,683.8881,605.6553,681.6083,607.9351
175,589.5992,575.1636,-83.1707,600.0637,665.8647,498.8981,589.5992,575.1636
176,631.2678,553.2596,-99.6358,620.5821,699.2619,485.2655,631.2678,553.2596
177,672.8734,638.8859,23.5449,657.8051,684.9167,626.8426,672.8734,638.8859
178,634.9296,646.6322,43.3549,645.2455,684.5289,597.0329,634.9296,646.6322
179,561.8308,773.9135,-16.5160,693.2574,775.1920,560.5523,561.8308,773.9135
180,639.6021,187.0247,91.1780,591.0906,657.2807,169.3462,639.6021,187.0247
181,625.0392,662.8553,-27.4274,646.5272,677.2606,610.6340,625.0392,662.8553
182,663.7875,714.0994,-42.3541,694.2069,738.2049,639.6820,663.7875,714.0994
183,567.6784,371.0206,-79.1882,517.7905,595.6006,343.0984,567.6784,371.0206
184,521.9738,343.8635,-133.5701,514.5230,593.4546,272.3827,521.9738,343.8635
185,249.7884,511.5965,44.6657,449.7993,519.0069,242.3780,249.7884,511.5965
186,430.6712,573.7415,-62.3251,528.4092,597.0837,407.3291,430.6712,573.7415
187,500.1310,612.6943,-16.9392,565.6489,615.1882,497.6371,500.1310,612.6943
188,587.2810,141.3922,57.5027,540.1606,594.5773,134.0960,587.2810,141.3922
189,445.1555,40.4755,270.7553,633.8053,580.8243,-95.1933,445.1555,40.4755
190,255.1530,-372.7948,157.5595,611.2886,292.4690,-410.1109,255.1530,-372.7948
191,28.7889,112.2849,-38.0527,120.6157,127.0249,14.0489,28.7889,112.2849
192,384.6976,-196.6573,-92.9099,536.8582,399.1851,-211.1448,384.6976,-196.6573
193,377.9704,-331.1459,-54.8970,621.8710,382.1951,-335.3706,377.9704,-331.1459
194,293.9870,718.2199,97.7766,647.9210,739.6707,272.5362,293.9870,718.2199
195,489.0913,471.5819,53.8359,489.5387,534.8797,425.7935,489.0913,471.5819
196,474.7754,513.4515,54.8447,504.2755,552.2676,435.9594,474.7754,513.4515
197,429.1811,98.8083,-48.6530,398.3142,436.1971,91.7923,429.1811,98.8083
198,485.7028,410.2604,-65.0566,466.5333,523.1830,372.7802,485.7028,410.2604
199,604.4930,252.5855,-138.9915,578.3433,652.7676,204.3109,604.4930,252.5855
200,614.5976,360.8997,-81.3710,553.2038,638.4533,337.0440,614.5976,360.8997
201,624.8159,188.1168,1.3113,555.2024,624.8199,188.1129,624.8159,188.1168
202,496.1605,380.6747,-174.7553,542.0618,622.4656,254.3697,496.1605,380.6747
203,301.2877,212.9270,-252.2065,512.6249,513.1543,1.0605,301.2877,212.9270
204,331.3707,-72.3164,349.0663,710.3109,532.7493,-273.6950,331.3707,-72.3164
205,114.8396,25.2077,227.8197,408.2085,302.2095,-162.1622,114.8396,25.2077
206,594.5594,-23.6858,-123.9144,643.5906,618.4707,-47.5971,594.5594,-23.6858
207,562.5132,67.3538,-71.0241,546.0801,572.4993,57.3677,562.5132,67.3538
208,584.8153,174.1055,-160.5019,589.7327,640.0971,118.8237,584.8153,174.1055
209,293.1040,671.9251,151.4981,639.7690,725.0594,239.9697,293.1040,671.9251
210,383.5540,730.1418,44.3873,637.2461,735.7361,377.9597,383.5540,730.1418
211,642.1492,613.0759,-76.1043,641.7999,705.0928,550.1324,642.1492,613.0759
212,589.5548,411.5608,-112.6053,558.8912,644.0863,357.0294,589.5548,411.5608
213,656.5342,632.4591,35.2762,647.7221,681.7702,607.2232,656.5342,632.4591
214,212.5730,128.9426,372.9012,671.9894,545.9962,-204.4806,212.5730,128.9426
215,280.2072,161.7538,325.4417,614.0787,551.7676,-109.8066,280.2072,161.7538
216,392.4197,423.8823,175.7608,509.9071,584.6144,231.6876,392.4197,423.8823
217,651.1897,720.6344,55.5712,695.2386,751.4391,620.3849,651.1897,720.6344
218,493.7167,485.0708,137.4270,544.2617,626.8887,351.8988,493.7167,485.0708
219,674.3111,667.5834,-74.6150,683.3055,745.6380,596.2565,674.3111,667.5834
220,601.8577,617.8752,29.0304,612.0929,639.9813,579.7515,601.8577,617.8752
221,586.9959,393.0874,-18.7578,519.0345,588.7938,391.2895,586.9959,393.0874
222,652.5138,649.3253,-25.8059,652.4582,676.7746,625.0645,652.5138,649.3253
223,556.0785,641.2667,-22.9857,604.5136,647.0730,550.2722,556.0785,641.2667
224,226.3670,-420.6509,78.2960,584.6379,235.7068,-429.9907,226.3670,-420.6509
225,208.0463,156.8692,126.5974,288.6794,311.6152,53.3002,208.0463,156.8692
226,506.2637,500.5628,-122.2628,546.1628,625.7093,381.1172,506.2637,500.5628
227,564.6307,591.1113,-76.2484,593.2135,655.2604,500.4816,564.6307,591.1113
228,607.2046,762.9552,-39.7841,701.6242,772.5290,597.6309,607.2046,762.9552
229,490.9163,-38.4787,-146.2282,570.5412,528.6216,-76.1840,490.9163,-38.4787
230,658.4336,346.1023,11.9727,570.8470,658.8919,345.6440,658.4336,346.1023
231,630.2020,123.9919,20.6569,579.3693,631.0436,123.1504,630.2020,123.9919
232,429.0251,593.2440,-0.4817,530.5517,593.2454,429.0237,429.0251,593.2440
233,421.1517,506.4252,-76.8118,488.1123,551.6403,375.9366,421.1517,506.4252
234,352.8296,456.3645,-121.6738,464.9214,536.8255,272.3685,352.8296,456.3645
235,619.1804,374.2323,-98.3382,566.3287,653.7742,339.6385,619.1804,374.2323
236,580.7749,224.7802,-66.8806,520.2864,592.9250,212.6301,580.7749,224.7802
237,352.5460,147.4822,68.6294,328.9003,373.3947,126.6334,352.5460,147.4822
238,304.3083,72.5361,-198.5181,440.4770,418.2896,-41.4452,304.3083,72.5361
239,597.3326,297.7965,-149.5304,578.5183,659.2005,235.9286,597.3326,297.7965
240,602.3306,198.7965,-125.7543,574.4767,638.3116,162.8156,602.3306,198.7965
241,592.4442,193.2924,-108.0152,555.7328,619.7996,165.9370,592.4442,193.2924
242,623.2402,127.4634,62.7642,580.5626,631.0625,119.6411,623.2402,127.4634
243,621.8624,367.6649,61.1023,551.7734,635.7870,353.7403,621.8624,367.6649
244,353.7068,238.5228,-104.1569,360.8053,415.1337,177.0959,353.7068,238.5228
245,303.3020,-198.6925,-48.2322,445.7732,307.8942,-203.2847,303.3020,-198.6925
246,273.7469,-243.2986,-40.2435,453.4231,276.8605,-246.4122,273.7469,-243.2986
247,302.3730,309.2827,102.2457,353.4530,408.1319,203.5238,302.3730,309.2827
248,608.6126,219.6076,-36.9662,537.6619,612.0942,216.1259,608.6126,219.6076
249,567.8857,-29.1251,-106.4968,611.4793,586.3141,-47.5535,567.8857,-29.1251
250,44.9908,20.9022,-6.0680,40.3873,46.4330,19.4600,44.9908,20.9022
251,218.1645,509.6228,112.9368,484.1422,548.2620,179.5253,218.1645,509.6228
252,285.3594,-92.6389,5.9636,341.4000,285.4534,-92.7329,285.3594,-92.6389
253,543.2261,256.2696,24.5518,472.6148,545.3116,254.1841,543.2261,256.2696
254,333.2744,-4.3849,18.6014,337.0319,334.2961,-5.4066,333.2744,-4.3849
255,557.7652,19.9533,-166.9166,619.6405,605.3581,-27.6397,557.7652,19.9533
256,373.3143,426.6768,205.5975,537.5342,607.3170,192.6740,373.3143,426.6768
257,420.9275,335.7140,232.4290,557.3530,614.6227,142.0189,420.9275,335.7140
258,306.6073,251.2164,325.6143,631.0048,605.7019,-47.8782,306.6073,251.2164
259,685.9148,507.3860,38.6646,619.9846,693.9287,499.3720,685.9148,507.3860
260,271.6262,179.0545,241.7838,482.2693,471.5147,-20.8340,271.6262,179.0545
261,638.3338,635.7935,-53.5850,643.7926,690.6636,583.4636,638.3338,635.7935
262,644.5737,624.3294,-72.8625,647.1190,708.0138,560.8894,644.5737,624.3294
263,599.0478,505.8973,-130.5223,602.3636,691.0558,413.8893,599.0478,505.8973
264,661.0333,695.5607,40.0805,682.4956,721.9374,634.6567,661.0333,695.5607
265,627.8333,714.7436,39.2368,678.9049,729.8365,612.7404,627.8333,714.7436
266,520.5322,541.3886,-96.7409,557.0651,628.2617,433.6590,520.5322,541.3886
267,574.6559,553.9487,-112.3432,597.1781,677.1216,451.4831,574.6559,553.9487
268,610.1152,594.2345,10.8894,602.6271,615.6518,588.6979,610.1152,594.2345
269,498.1703,611.3679,-6.7741,563.4862,611.7719,497.7663,498.1703,611.3679
270,629.7833,623.2845,78.7571,641.2367,705.3580,547.7098,629.7833,623.2845
271,579.8937,546.3306,56.1592,572.1903,621.7251,504.4992,579.8937,546.3306
272,601.0956,305.3643,13.8976,521.1425,601.7472,304.7127,601.0956,305.3643
273,545.8201,85.6024,-62.0814,519.6982,554.0475,77.3749,545.8201,85.6024
274,478.2224,78.5443,-144.6967,510.0154,525.1075,31.6592,478.2224,78.5443
275,531.5967,-158.3544,-130.1860,665.3548,555.3440,-182.1017,531.5967,-158.3544
276,581.5602,783.0778,50.5937,709.7150,795.0667,569.5712,581.5602,783.0778
277,676.6966,475.7280,10.3433,602.1901,677.2276,475.1970,676.6966,475.7280
278,478.9840,-539.7527,-89.5617,896.3010,486.7978,-547.5666,478.9840,-539.7527
279,515.7813,-546.6677,-21.9660,921.0235,516.2352,-547.1216,515.7813,-546.6677
280,363.7499,199.9786,172.9886,435.1304,473.2547,90.4737,363.7499,199.9786
281,324.1138,308.0714,105.2315,365.1418,421.6294,210.5559,324.1138,308.0714
282,595.2902,362.6566,-109.5928,553.2053,638.7864,319.1604,595.2902,362.6566
283,624.8913,458.4733,-119.6213,597.5941,687.3978,395.9668,624.8913,458.4733
284,411.6228,309.1197,-236.1568,552.3203,602.0255,118.7170,411.6228,309.1197
285,430.0631,307.6585,-179.7175,494.1565,558.7136,179.0080,430.0631,307.6585
286,351.9948,456.7518,-92.7574,444.4773,510.8976,297.8489,351.9948,456.7518
287,431.2441,586.6027,-39.2850,530.7873,595.9716,421.8752,431.2441,586.6027
288,678.4937,758.7798,-23.9407,723.1823,765.3767,671.8969,678.4937,758.7798
289,656.8384,662.2445,-8.3486,659.7166,668.3167,650.7662,656.8384,662.2445
290,361.3552,87.9460,164.0242,432.7172,438.1736,11.1276,361.3552,87.9460
291,424.3049,460.4646,63.4040,456.8863,508.3161,376.4534,424.3049,460.4646
292,275.6096,439.8897,147.7672,462.3107,526.8121,188.6872,275.6096,439.8897
293,618.9272,634.2352,-39.7870,630.4989,667.0977,586.0648,618.9272,634.2352
294,590.6362,620.1165,-38.4113,609.5561,646.5188,564.2339,590.6362,620.1165
295,661.6627,371.2764,70.2537,587.1888,677.7663,355.1729,661.6627,371.2764
296,625.5486,151.5980,80.8311,582.2904,638.9550,138.1916,625.5486,151.5980
297,257.3552,522.5436,78.0835,472.3296,543.8268,236.0720,257.3552,522.5436
298,418.0006,535.2453,24.6662,489.1875,540.2233,413.0226,418.0006,535.2453
299,373.3930,345.5620,-124.0939,419.5269,484.3491,234.6058,373.3930,345.5620
300,660.5498,340.3849,32.7962,574.9552,663.8747,337.0599,660.5498,340.3849
301,567.0100,89.7676,-16.5941,528.6639,567.5863,89.1913,567.0100,89.7676
302,614.5007,318.8752,-126.6633,575.7380,661.3472,272.0287,614.5007,318.8752
303,575.6576,206.6007,-101.5352,534.8481,601.7477,180.5106,575.6576,206.6007
304,437.7417,735.7582,14.7748,641.5144,736.4889,437.0110,437.7417,735.7582
305,422.9673,575.7666,141.3857,571.7061,660.0742,338.6596,422.9673,575.7666
306,312.9880,407.7269,-174.1612,477.0591,540.8456,179.8693,312.9880,407.7269
307,580.6061,117.8756,-56.6804,540.5523,587.4478,111.0339,580.6061,117.8756
308,339.5817,-121.5199,195.1522,534.4174,411.0873,-193.0255,339.5817,-121.5199
309,339.4689,16.0749,277.5224,584.0348,498.9644,-143.4206,339.4689,16.0749
310,373.6058,-255.7721,-77.0537,564.2432,382.9020,-265.0683,373.6058,-255.7721
311,306.4274,-323.8994,-175.0440,624.4849,351.7752,-369.2473,306.4274,-323.8994
312,365.4691,-292.8801,29.0086,573.5063,366.7448,-294.1558,365.4691,-292.8801
313,609.5156,256.0238,-74.4600,545.5638,624.5598,240.9797,609.5156,256.0238
314,623.8723,387.8846,-115.8536,581.3319,671.2405,340.5164,623.8723,387.8846
315,256.3202,-476.2561,132.2148,683.4005,279.4519,-499.3877,256.3202,-476.2561
316,285.4885,-356.9747,87.4641,577.7514,297.1829,-368.6691,285.4885,-356.9747
317,377.7492,713.6730,-159.6145,677.3954,777.4177,314.0044,377.7492,713.6730
318,529.7824,67.1997,-185.9377,594.3925,595.2545,1.7276,529.7824,67.1997
319,293.8102,300.8668,267.4458,550.4809,564.8075,29.8694,293.8102,300.8668
320,710.1124,600.3206,37.9433,665.3333,721.9492,588.4838,710.1124,600.3206
321,640.0956,501.2551,-95.4449,606.1824,688.6961,452.6546,640.0956,501.2551
322,710.3886,654.4187,-69.3175,694.5782,757.1570,607.6503,710.3886,654.4187
323,190.2314,281.0407,294.5186,567.3911,533.6339,-62.3619,190.2314,281.0407
324,640.6746,789.8154,-22.2788,727.8370,793.0723,637.4176,640.6746,789.8154
325,604.4794,738.0599,-18.4411,681.9135,740.5590,601.9803,604.4794,738.0599
326,221.9996,120.1432,378.9972,684.0782,553.4750,-211.3322,221.9996,120.1432
327,621.8063,632.6344,-65.2543,637.3913,692.6989,561.7418,621.8063,632.6344
328,647.0098,703.3441,-66.8840,686.7784,747.7501,602.6039,647.0098,703.3441
329,449.8151,473.7955,168.6849,546.8631,630.9158,292.6948,449.8151,473.7955
330,597.0422,473.0250,48.3254,552.0889,613.6492,456.4180,597.0422,473.0250
331,618.5095,355.0261,-10.2890,537.8923,618.9107,354.6250,618.5095,355.0261
332,281.6049,390.8099,275.6265,591.5146,617.1903,55.2245,281.6049,390.8099
333,645.7291,639.5377,-4.9898,642.7139,648.5055,636.7614,645.7291,639.5377
334,607.1588,599.2701,-96.9304,626.1795,700.2250,506.2038,607.1588,599.2701
335,543.8341,503.6188,-139.1934,577.6043,664.3646,383.0882,543.8341,503.6188
336,651.4128,719.0578,53.7645,694.0109,748.7536,621.7169,651.4128,719.0578
337,643.0116,723.0999,60.5385,694.5290,755.6398,610.4717,643.0116,723.0999
338,465.5878,487.1491,-116.9153,517.9605,593.7797,358.9572,465.5878,487.1491
339,358.9524,469.0064,-150.3282,498.2555,574.0623,253.8965,358.9524,469.0064
340,385.8112,-146.6580,14.1428,477.0128,386.1866,-147.0334,385.8112,-146.6580
341,303.1570,-38.8046,-120.0156,385.2078,341.0737,-76.7213,303.1570,-38.8046
342,486.2191,-185.6491,-172.7661,671.3309,528.0413,-227.4713,486.2191,-185.6491
343,444.1372,195.5933,-16.0917,386.5503,445.1747,194.5558,444.1372,195.5933
344,430.5335,591.7041,-19.5285,530.9129,594.0365,428.2011,430.5335,591.7041
345,542.9118,591.1265,-50.6940,575.2946,623.1533,510.8850,542.9118,591.1265
346,422.8711,-395.5379,-5.9369,708.9693,422.9142,-395.5810,422.8711,-395.5379
347,444.2088,-220.0452,-23.5509,587.4958,445.0427,-220.8792,444.2088,-220.0452
348,492.8565,573.1462,-6.4718,537.6346,573.6645,492.3382,492.8565,573.1462
349,617.3631,664.1667,24.0316,643.3935,674.3084,607.2215,617.3631,664.1667
350,669.0327,415.3675,3.1655,585.0389,669.0722,415.3280,669.0327,415.3675
351,654.5002,270.9524,44.9962,574.9098,659.7082,265.7444,654.5002,270.9524
352,352.8512,44.7729,230.4236,519.6109,475.9818,-78.3578,352.8512,44.7729
353,451.6710,-158.2131,-46.7329,554.1211,455.2312,-161.7732,451.6710,-158.2131
354,218.2165,-532.7791,87.4334,686.0517,228.2614,-542.8240,218.2165,-532.7791
355,412.5858,67.2082,14.8954,384.2921,413.2270,66.5670,412.5858,67.2082
356,386.6703,757.6699,38.1233,659.5220,761.5468,382.7933,386.6703,757.6699
357,341.7906,494.8163,32.8014,442.4570,501.5510,335.0559,341.7906,494.8163
358,353.8299,566.0642,-0.4417,495.3124,566.0651,353.8290,353.8299,566.0642
359,616.6101,-37.0250,61.2207,644.7114,622.2947,-42.7096,616.6101,-37.0250
360,611.0223,-15.1513,124.0776,654.9972,634.7122,-38.8412,611.0223,-15.1513
361,480.5262,367.8361,-151.5828,508.3168,585.8973,262.4649,480.5262,367.8361
362,640.4741,328.2856,21.0660,555.9240,641.8892,326.8705,640.4741,328.2856
363,598.1176,202.7047,-45.9060,532.8364,603.3771,197.4451,598.1176,202.7047
364,489.8527,446.7770,-49.8356,477.6622,522.6055,414.0242,489.8527,446.7770
365,598.7858,320.6890,-101.5354,547.9874,631.9114,287.5634,598.7858,320.6890
366,600.8503,274.8939,-88.2183,542.9227,623.1944,252.5498,600.8503,274.8939
367,330.4343,140.3164,318.6662,622.2175,567.9176,-97.1670,330.4343,140.3164
368,423.9765,501.2052,94.7148,495.3547,564.8746,360.3071,423.9765,501.2052
369,318.7507,-38.0804,-30.1270,343.3849,321.2765,-40.6061,318.7507,-38.0804
370,516.2347,411.6275,164.7677,552.1633,636.8012,291.0611,516.2347,411.6275
371,643.9393,710.1803,51.1121,685.2286,737.9648,616.1549,643.9393,710.1803
372,422.1162,528.5089,-46.7349,490.8808,546.1221,404.5029,422.1162,528.5089
373,253.0142,527.5805,-32.7240,460.5264,531.4268,249.1679,253.0142,527.5805
374,451.9224,50.4406,-226.7814,581.6118,554.0456,-51.6827,451.9224,50.4406
375,604.5103,620.8728,-58.8339,621.2697,672.0916,553.2915,604.5103,620.8728
376,487.0907,584.8670,-67.0779,554.9251,618.9819,452.9758,487.0907,584.8670
377,520.5284,-42.1656,-112.0076,576.4662,542.0045,-63.6417,520.5284,-42.1656
378,580.8849,90.8468,-62.0778,551.7879,588.6266,83.1051,580.8849,90.8468
379,414.7131,497.3492,45.9019,468.4089,517.7901,394.2722,414.7131,497.3492
380,565.0796,382.2595,66.5364,512.5539,586.7310,360.6080,565.0796,382.2595
381,392.8882,318.9998,-136.0553,431.6525,496.9260,214.9620,392.8882,318.9998
382,450.5973,451.3437,-144.5833,515.8370,595.5543,306.3867,450.5973,451.3437
383,126.4880,-158.0253,-5.1348,247.0600,126.5807,-158.1179,126.4880,-158.0253
384,588.2271,356.3795,-154.1318,578.4939,665.1632,279.4434,588.2271,356.3795
385,635.0518,497.7000,-89.2769,599.0341,679.0113,453.7405,635.0518,497.7000
386,291.2871,-295.8287,-44.8774,514.3694,294.6976,-299.2392,291.2871,-295.8287
387,387.7699,711.7541,36.2657,620.4097,715.7639,383.7600,387.7699,711.7541
388,388.2812,830.2049,110.1861,744.3604,856.1542,362.3319,388.2812,830.2049
389,549.3703,194.2933,-124.0055,528.1579,588.3896,155.2740,549.3703,194.2933
390,659.3745,663.8759,-72.5562,673.4659,734.2163,589.0341,659.3745,663.8759
391,673.8491,727.3634,-58.0329,709.2957,764.5105,636.7020,673.8491,727.3634
392,359.4281,224.1341,278.2192,575.3976,578.1062,5.4560,359.4281,224.1341
393,652.8124,606.3896,4.3615,630.9285,653.2186,605.9834,652.8124,606.3896
394,524.9500,513.6131,-147.5295,578.8303,666.9198,371.6432,524.9500,513.6131
395,353.8145,119.3616,203.7262,470.8643,471.6336,1.5424,353.8145,119.3616
396,638.8017,640.0589,-70.8168,651.0893,710.2498,568.6107,638.8017,640.0589
397,630.4476,662.3888,-57.0699,654.5171,705.6807,587.1558,630.4476,662.3888
398,682.2820,582.8397,20.0092,639.3363,686.1571,578.9645,682.2820,582.8397
399,682.2411,570.5866,34.9355,636.7149,692.2711,560.5566,682.2411,570.5866
400,555.5731,356.1613,-125.3684,533.6576,616.0499,295.6845,555.5731,356.1613
401,536.0910,417.1379,-125.5668,533.9240,615.5550,337.6739,536.0910,417.1379
402,632.7479,813.0104,-14.4571,739.9677,814.1625,631.5958,632.7479,813.0104
403,575.0415,750.6097,-79.7422,693.9253,781.4210,544.2302,575.0415,750.6097
404,640.4741,601.8405,34.9545,624.9970,661.0942,581.2204,640.4741,601.8405
405,380.1677,395.7176,171.3514,488.6356,559.4704,216.4150,380.1677,395.7176
406,341.5202,78.9637,345.3128,673.5180,579.6671,-159.1831,341.5202,78.9637
407,380.1898,290.5317,242.3775,542.8963,581.8491,88.8724,380.1898,290.5317
408,348.8042,492.2978,164.4309,522.8943,599.9531,241.1489,348.8042,492.2978
409,645.3125,820.9626,-21.4790,749.6762,823.5510,642.7241,645.3125,820.9626
410,620.8745,974.9945,-4.8776,854.8810,975.0617,620.8073,620.8745,974.9945
411,640.0919,698.0973,-25.7950,672.4635,707.9088,630.2804,640.0919,698.0973
412,638.1346,671.1469,-45.8532,660.0601,703.3744,605.9071,638.1346,671.1469
413,613.6054,667.9633,-43.2395,646.8614,691.8563,589.7124,613.6054,667.9633
414,567.4127,585.6505,-78.0615,592.3841,655.1239,497.9393,567.4127,585.6505
415,448.5473,434.9201,-137.1601,501.7037,579.0629,304.4045,448.5473,434.9201
416,550.9100,532.1543,-96.8771,567.1652,638.8620,444.2022,550.9100,532.1543
417,628.7221,573.8009,-84.0042,620.4416,689.6402,512.8828,628.7221,573.8009
418,502.9265,41.6995,-42.9855,489.1272,506.8985,37.7275,502.9265,41.6995
419,561.4763,327.1282,-8.6075,488.6881,561.7921,326.8125,561.4763,327.1282
420,490.2040,568.6721,-40.3556,538.3385,585.7221,473.1541,490.2040,568.6721
421,421.5435,538.7245,-26.5217,492.8868,544.4477,415.8203,421.5435,538.7245
422,531.3218,316.3278,-78.6099,482.5275,556.9981,290.6515,531.3218,316.3278
423,478.7108,357.7669,-117.4003,476.6999,550.2983,286.1794,478.7108,357.7669
424,477.7134,719.7799,43.3608,638.8154,727.3126,470.1807,477.7134,719.7799
425,477.8611,531.9425,-88.4229,529.6936,597.3670,412.4366,477.8611,531.9425
426,415.0248,485.5998,-104.9201,489.4298,561.0076,339.6171,415.0248,485.5998
427,463.8380,-319.0814,-42.1283,685.7734,466.0984,-321.3418,463.8380,-319.0814
428,415.7028,-360.1473,18.0783,673.2084,416.1238,-360.5683,415.7028,-360.1473
429,618.5441,250.7611,5.1521,538.9349,618.6163,250.6889,618.5441,250.7611
430,614.3813,417.5246,38.8213,547.5337,621.7605,410.1455,614.3813,417.5246
431,418.3325,-164.6670,-27.8833,522.8148,419.6630,-165.9975,418.3325,-164.6670
432,465.7062,-459.0661,-146.5178,840.1287,488.3648,-481.7247,465.7062,-459.0661
433,406.4692,24.2637,214.0719,541.6861,502.3282,-71.5953,406.4692,24.2637
434,405.3974,60.3734,247.4182,571.9825,534.5079,-68.7371,405.3974,60.3734
435,423.5952,590.2989,43.7399,532.5199,601.0784,412.8157,423.5952,590.2989
436,491.1989,623.1388,4.2222,568.8117,623.2738,491.0639,491.1989,623.1388
437,641.5780,214.1543,59.3370,575.0220,649.6625,206.0698,641.5780,214.1543
438,643.9943,265.6152,23.7974,562.0715,645.4851,264.1244,643.9943,265.6152
439,642.1509,204.2815,29.2510,570.5051,644.0963,202.3361,642.1509,204.2815
440,457.7595,519.2561,111.8008,528.1804,604.4598,372.5558,457.7595,519.2561
441,587.1470,695.7028,20.4510,649.2449,699.4278,583.4220,587.1470,695.7028
442,264.4765,-199.8794,-169.7276,499.1848,319.8991,-255.3020,264.4765,-199.8794
443,517.4195,163.1866,-196.7995,571.0579,605.0677,75.5384,517.4195,163.1866
444,588.3758,626.2571,19.2687,609.1169,634.3356,580.2974,588.3758,626.2571
445,589.3715,616.3392,-13.9955,603.7943,622.2895,583.4211,589.3715,616.3392
446,430.4222,-141.0365,-64.4243,527.5521,437.5951,-148.2094,430.4222,-141.0365
447,180.7522,-397.5593,120.6428,553.3973,204.9106,-421.7177,180.7522,-397.5593
448,490.9271,418.3277,30.8303,462.0505,502.2528,407.0021,490.9271,418.3277
449,649.6762,283.6647,6.9312,564.2683,649.8074,283.5334,649.6762,283.6647
450,598.5269,206.1806,-72.3248,541.3251,611.4345,193.2730,598.5269,206.1806
451,340.6315,484.6690,-5.5165,431.1979,484.8800,340.4206,340.6315,484.6690
452,351.8043,567.2984,-25.7164,497.9957,570.3249,348.7779,351.8043,567.2984
453,542.3387,618.0130,-52.8023,590.9849,645.1353,515.2164,542.3387,618.0130
454,164.2340,-567.5028,191.1087,742.8345,211.1395,-614.4082,164.2340,-567.5028
455,583.8634,489.7555,19.0769,543.9654,587.5834,486.0354,583.8634,489.7555
456,549.8352,375.7097,-96.1588,514.4294,592.4892,333.0557,549.8352,375.7097
457,248.6867,496.3295,84.9634,454.3279,522.6764,222.3398,248.6867,496.3295
458,344.8891,560.1583,53.4326,498.0948,572.6913,332.3561,344.8891,560.1583
459,459.6296,9.0728,84.2290,477.9698,474.8608,-6.1585,459.6296,9.0728
460,424.4050,557.9426,96.3175,531.4670,608.3708,373.9768,424.4050,557.9426
461,425.8164,510.2770,57.4637,484.0704,539.3592,396.7342,425.8164,510.2770
462,554.4778,137.5971,-128.9129,547.6675,591.1209,100.9539,554.4778,137.5971
463,436.4204,384.9302,-181.3589,518.9564,593.8524,227.4981,436.4204,384.9302
464,307.6736,379.4731,-123.7076,409.6581,472.3847,214.7620,307.6736,379.4731
465,247.6539,-104.4259,-152.4719,409.6849,304.5039,-161.2759,247.6539,-104.4259
466,671.3738,393.2323,41.5596,588.6851,677.4508,387.1552,671.3738,393.2323
467,662.8650,330.3715,55.5894,582.0774,671.9127,321.3238,662.8650,330.3715
468,391.6630,690.1808,53.3615,606.6082,699.4327,382.4111,391.6630,690.1808
469,358.0418,651.4034,91.9885,587.0915,677.8617,331.5835,358.0418,651.4034
470,263.2372,503.1829,-84.6392,459.9149,530.0340,236.3861,263.2372,503.1829
471,360.0174,554.2837,-52.5010,495.5404,567.5643,346.7368,360.0174,554.2837
472,366.3283,141.7930,311.2890,626.9460,584.9758,-76.8545,366.3283,141.7930
473,340.8092,127.7975,257.1639,536.0301,512.6498,-44.0431,340.8092,127.7975
474,636.0414,671.4648,-51.8912,660.6151,708.5837,598.9224,636.0414,671.4648
475,259.5877,302.4616,248.6387,515.5746,530.5858,31.4635,259.5877,302.4616
476,647.4803,637.0310,5.3909,642.3873,649.7630,634.7484,647.4803,637.0310
477,567.5763,591.1196,21.7475,580.9291,604.0770,554.6189,567.5763,591.1196
478,542.6302,247.4226,225.8325,611.8885,664.8175,125.2354,542.6302,247.4226
479,558.7128,369.0538,210.6904,612.6475,694.9311,232.8355,558.7128,369.0538
480,649.9141,741.5569,45.5549,704.6790,760.3486,631.1224,649.9141,741.5569
481,639.4415,585.3672,-101.4556,638.8363,717.4007,507.4079,639.4415,585.3672
482,611.2189,501.6218,-98.1266,589.4902,668.8112,444.0295,611.2189,501.6218
483,447.1601,255.9345,211.2993,533.8100,583.4723,119.6223,447.1601,255.9345
484,399.0579,443.2078,188.7975,534.5543,611.2165,231.0492,399.0579,443.2078
485,647.6726,456.5103,32.2662,579.0817,652.9719,451.2110,647.6726,456.5103
486,654.4878,629.5626,51.5303,648.5587,695.0411,589.0092,654.4878,629.5626
487,594.2970,814.3520,-22.5623,730.6972,816.6415,592.0075,594.2970,814.3520
488,564.7270,879.0924,-150.1835,814.2101,939.3068,504.5126,564.7270,879.0924
489,568.9424,494.5660,-105.2525,565.8142,643.3833,420.1251,568.9424,494.5660
490,579.0202,457.3537,-108.9165,561.4340,642.9406,393.4332,579.0202,457.3537
491,666.4690,813.0682,-16.9275,751.1563,814.9974,664.5398,666.4690,813.0682
492,349.9817,451.4405,190.2170,526.1533,597.5765,203.8457,349.9817,451.4405
493,255.6353,-339.3129,34.4226,520.3631,257.6203,-341.2979,255.6353,-339.3129
494,363.9745,290.8186,115.5486,388.9175,448.5965,206.1966,363.9745,290.8186
495,546.6613,391.9060,-8.4971,488.2680,547.1265,391.4408,546.6613,391.9060
496,601.9533,820.0049,27.1230,737.1283,823.3280,598.6301,601.9533,820.0049
497,664.3929,638.1947,40.0984,655.3793,693.4775,609.1100,664.3929,638.1947
498,585.0051,614.1449,-19.2109,601.0276,623.6860,575.4640,585.0051,614.1449
499,576.0342,615.5394,-4.3098,596.8150,616.0041,575.5695,576.0342,615.5394
500,580.3369,607.6821,-55.8657,602.3048,651.5240,536.4950,580.3369,607.6821
501,577.5349,629.5575,-56.7428,613.1533,665.9668,541.1256,577.5349,629.5575
502,648.7326,377.0210,-3.0364,564.3055,648.7665,376.9871,648.7326,377.0210
503,628.8106,256.1602,-24.7741,549.3504,630.4504,254.5204,628.8106,256.1602
504,504.0580,-340.9653,-177.7985,798.1448,539.9440,-376.8513,504.0580,-340.9653
505,426.4546,-243.1026,-5.4988,587.1331,426.4998,-243.1477,426.4546,-243.1026
506,365.0845,162.4734,280.3064,579.7265,561.8301,-34.2722,365.0845,162.4734
507,436.4675,406.3217,171.7170,516.4448,593.7719,249.0173,436.4675,406.3217
508,356.2214,833.7544,-19.7603,725.4035,834.5707,355.4051,356.2214,833.7544
509,424.8054,581.4319,-19.1197,522.1341,583.7322,422.5052,424.8054,581.4319
510,133.5838,-394.2921,118.1580,517.5576,158.8249,-419.5333,133.5838,-394.2921
511,633.4347,664.1336,-7.1969,649.4483,665.7370,631.8312,633.4347,664.1336
512,647.8358,715.1816,-36.6947,686.9463,731.3120,631.7055,647.8358,715.1816
513,635.6092,495.1829,-97.0752,602.2733,685.2021,445.5901,635.6092,495.1829
514,616.6667,478.8224,-82.7087,578.6165,655.4060,440.0831,616.6667,478.8224
515,570.6490,354.2668,29.1285,501.5263,574.5015,350.4142,570.6490,354.2668
516,488.0694,297.5556,111.8547,468.0360,539.7320,245.8930,488.0694,297.5556
517,329.2801,54.6889,262.8238,548.3041,488.5084,-104.5394,329.2801,54.6889
518,629.6911,199.0157,-20.0907,558.5792,630.6263,198.0805,629.6911,199.0157
519,606.0025,95.7528,13.9504,564.7699,606.3836,95.3717,606.0025,95.7528
520,679.2325,426.3972,47.5322,600.2720,687.8731,417.7566,679.2325,426.3972
521,635.6864,277.2100,22.3512,553.3739,637.0746,275.8217,635.6864,277.2100
522,625.2729,427.4741,45.8136,559.2038,635.3688,417.3782,625.2729,427.4741
523,525.4823,27.6058,228.1359,646.9353,614.2069,-61.1188,525.4823,27.6058
524,500.1212,-67.9414,110.1686,570.1996,520.7387,-88.5589,500.1212,-67.9414
525,638.7441,679.5599,103.7607,684.1269,764.9006,553.4033,638.7441,679.5599
526,584.1054,246.7916,-106.4114,540.2806,614.8690,216.0280,584.1054,246.7916
527,575.6141,102.7618,-97.2730,557.7872,594.8427,83.5332,575.6141,102.7618
528,417.5950,511.3063,-114.0633,511.2065,587.7628,341.1385,417.5950,511.3063
529,277.6862,472.4342,-122.7055,462.9095,531.7074,218.4131,277.6862,472.4342
530,493.2707,572.9435,-22.2053,538.9278,578.7142,487.4999,493.2707,572.9435
531,498.0974,614.8329,-30.9641,568.1110,622.5376,490.3927,498.0974,614.8329
532,323.6818,-493.8520,-19.1660,713.8716,324.1308,-494.3011,323.6818,-493.8520
533,365.6311,183.6275,-22.3240,318.9989,368.3293,180.9293,365.6311,183.6275
534,621.9165,605.7775,-73.3703,627.0192,687.6598,540.0343,621.9165,605.7775
535,640.0908,650.1192,-60.5408,653.6294,705.8530,584.3570,640.0908,650.1192
536,625.4189,495.7003,-90.9931,593.0316,672.3025,448.8166,625.4189,495.7003
537,624.3786,488.5542,-88.9908,589.2785,668.4103,444.5225,624.3786,488.5542
538,540.0538,91.0910,-59.8858,511.3909,547.9045,83.2403,540.0538,91.0910
539,585.6271,197.6988,-21.5700,517.3605,586.8227,196.5032,585.6271,197.6988
540,483.9070,171.1082,-226.2586,578.1197,602.5598,52.4554,483.9070,171.1082
541,519.1561,311.4258,-145.3462,517.8871,593.9344,236.6475,519.1561,311.4258
542,586.1104,100.9123,45.3208,548.3839,590.3074,96.7153,586.1104,100.9123
543,639.4185,424.5555,3.1656,563.6176,639.4651,424.5088,639.4185,424.5555
544,636.6267,521.5048,54.1391,595.0211,658.0867,500.0449,636.6267,521.5048
545,342.3838,351.6052,172.1073,457.5278,519.1635,174.8255,342.3838,351.6052
546,237.1696,157.4125,305.5210,568.9674,505.4036,-110.8215,237.1696,157.4125
547,288.4695,461.1748,112.0886,447.8321,516.3165,233.3278,288.4695,461.1748
548,311.5259,460.0729,208.0549,543.3703,606.7143,164.8845,311.5259,460.0729
549,540.7582,495.5302,98.5371,546.9335,619.2430,417.0455,540.7582,495.5302
550,678.6361,620.6396,-71.4987,663.2407,726.7933,572.4824,678.6361,620.6396
551,648.4295,612.2319,-74.3023,644.0978,706.8055,553.8559,648.4295,612.2319
552,472.1896,220.9759,247.5833,592.7421,624.2058,68.9597,472.1896,220.9759
553,360.2994,265.1953,329.9992,656.7289,646.1550,-20.6603,360.2994,265.1953
554,648.3452,692.5275,50.4193,677.1819,725.4829,615.3898,648.3452,692.5275
555,636.1992,787.4449,-9.9027,723.9760,788.0905,635.5536,636.1992,787.4449
556,646.2214,816.3324,-15.3357,746.4414,817.7039,644.8499,646.2214,816.3324
557,315.8293,149.1231,324.3814,624.9466,567.3957,-102.4432,315.8293,149.1231
558,349.4520,294.6142,274.2205,575.8050,597.6210,46.4452,349.4520,294.6142
559,499.8343,351.8600,200.7653,564.5248,639.8117,211.8826,499.8343,351.8600
560,522.6750,419.6408,184.2883,576.0542,662.5115,279.8043,522.6750,419.6408
561,506.4936,443.2200,165.1323,557.0437,642.9924,306.7212,506.4936,443.2200
562,642.6754,734.9538,-21.0869,694.3961,739.5441,638.0851,642.6754,734.9538
563,563.7639,622.1451,-10.6276,595.3907,624.0195,561.8894,563.7639,622.1451
564,567.8678,603.0942,-20.8500,587.3864,612.7747,558.1872,567.8678,603.0942
565,616.2212,459.0933,-99.0243,580.5254,664.0618,411.2527,616.2212,459.0933
566,602.5274,539.5824,-93.0892,595.8792,669.3204,472.7894,602.5274,539.5824
567,648.9297,615.1983,62.7950,642.0186,697.0845,567.0435,648.9297,615.1983
568,633.0421,578.7385,64.3606,617.8524,675.7438,536.0369,633.0421,578.7385
569,496.3900,438.7484,-145.4335,533.4469,615.8309,319.3075,496.3900,438.7484
570,516.7711,549.3163,-94.7119,558.4273,629.1434,436.9440,516.7711,549.3163
571,644.5619,668.0040,-86.1338,673.3324,743.2106,569.3553,644.5619,668.0040
572,588.4078,478.4529,-55.4876,550.3200,611.5417,455.3189,588.4078,478.4529
573,603.7411,96.8986,18.3538,562.4959,604.4049,96.2348,603.7411,96.8986
574,628.6721,122.8848,-11.5554,577.4735,628.9360,122.6209,628.6721,122.8848
575,644.3576,495.9883,-78.1799,599.9529,677.9480,462.3979,644.3576,495.9883
576,370.6975,351.3304,175.1906,471.8980,536.4720,185.5559,370.6975,351.3304
577,626.0269,749.8381,51.1825,701.8597,768.2565,607.6085,626.0269,749.8381
578,630.7364,704.7400,51.3055,676.6672,730.9947,604.4817,630.7364,704.7400
579,525.0243,-374.9731,-62.4825,790.4667,529.3415,-379.2903,525.0243,-374.9731
580,512.4042,420.7601,30.0418,476.1359,521.3743,411.7901,512.4042,420.7601
581,587.1203,458.1903,-171.2454,611.2371,705.6328,339.6779,587.1203,458.1903
582,630.6076,776.1881,-16.1956,715.1578,777.9681,628.8276,630.6076,776.1881
583,631.5465,583.9735,-86.4968,627.3075,697.4678,518.0521,631.5465,583.9735
584,647.6691,572.2525,-76.3449,627.5377,695.1104,524.8112,647.6691,572.2525
585,630.3430,648.4875,-37.3369,642.8693,677.8386,600.9919,630.3430,648.4875
586,588.3652,647.0156,-40.0186,623.6391,667.3034,568.0774,588.3652,647.0156
587,693.1359,677.7516,-55.7478,692.3396,741.7198,629.1678,693.1359,677.7516
588,599.1431,679.7580,-14.4113,643.7345,682.2568,596.6443,599.1431,679.7580
589,498.6696,226.1567,-174.7953,527.9213,584.0417,140.7845,498.6696,226.1567
590,497.8777,220.7776,-174.4490,527.2591,582.1024,136.5529,497.8777,220.7776
591,627.4466,222.0241,29.4041,553.4162,629.5681,219.9026,627.4466,222.0241
592,698.8439,555.0199,44.7616,643.8699,711.6369,542.2269,698.8439,555.0199
593,619.0818,365.7326,58.3984,548.4846,631.8949,352.9194,619.0818,365.7326
594,629.8996,684.1540,-52.9238,665.0524,716.4979,597.5557,629.8996,684.1540
595,660.1936,674.8595,-64.5621,676.9474,732.5038,602.5494,660.1936,674.8595
596,531.6569,591.6020,-72.7229,577.9174,640.2868,482.9720,531.6569,591.6020
597,652.4177,331.6216,-5.3235,565.1114,652.5060,331.5333,652.4177,331.6216
598,646.4559,271.5969,-3.5675,562.2570,646.4899,271.5629,646.4559,271.5969
599,566.0691,458.6290,-149.5648,581.6081,671.2688,353.4293,566.0691,458.6290
600,531.1576,389.5634,-170.8243,560.8131,645.2745,275.4466,531.1576,389.5634
601,357.8991,510.5588,-103.7719,488.2001,563.0499,305.4079,357.8991,510.5588
602,423.5836,548.6604,-83.6892,518.7094,590.5966,381.6474,423.5836,548.6604
603,615.8120,362.2204,-132.3404,583.0183,672.2951,305.7372,615.8120,362.2204
604,610.8059,410.7087,-135.1471,587.9595,678.9074,342.6072,610.8059,410.7087
605,436.5321,258.7716,157.5427,467.9957,528.5369,166.7668,436.5321,258.7716
606,399.5916,20.6854,253.8964,587.5592,526.9285,-106.6514,399.5916,20.6854
607,340.1981,-132.2013,1.1365,422.1261,340.2009,-132.2041,340.1981,-132.2013
608,394.1259,-197.6770,-17.3830,522.7117,394.6361,-198.1871,394.1259,-197.6770
609,380.9493,-215.8715,16.5639,524.1966,381.4087,-216.3309,380.9493,-215.8715
610,646.3509,650.4635,60.1908,656.7445,708.6331,588.1813,646.3509,650.4635
611,661.0173,809.7133,-9.7682,746.7471,810.3523,660.3783,661.0173,809.7133
612,611.6936,98.2350,-46.7036,574.6939,615.9071,94.0215,611.6936,98.2350
613,510.2914,533.1115,167.3593,597.1519,689.4492,353.9537,510.2914,533.1115
614,700.7528,663.7955,35.2711,685.7511,722.0926,642.4557,700.7528,663.7955
615,426.0846,472.4533,3.1917,451.0939,472.6720,425.8659,426.0846,472.4533
616,294.2973,220.1252,111.6429,328.1405,374.8528,139.5698,294.2973,220.1252
617,668.6953,459.0820,7.5408,592.5321,668.9662,458.8111,668.6953,459.0820
618,657.4792,469.2792,20.7887,587.5858,659.7482,467.0102,657.4792,469.2792
619,537.6228,493.8596,84.4450,537.4181,602.9751,428.5073,537.6228,493.8596
620,297.8143,272.7883,282.9320,567.4663,568.5098,2.0928,297.8143,272.7883
621,651.7506,635.5835,-44.3824,648.3924,688.7796,598.5545,651.7506,635.5835
622,598.5591,661.0816,-36.2455,635.2533,677.6848,581.9559,598.5591,661.0816
623,485.2999,549.6390,159.6915,589.3924,680.3690,354.5700,485.2999,549.6390
624,614.7737,791.3964,-27.5178,721.1081,795.5844,610.5857,614.7737,791.3964
625,476.5972,451.1071,169.4098,549.3134,633.7407,293.9636,476.5972,451.1071
626,623.1156,635.6345,-26.6851,631.1630,656.7844,601.9656,623.1156,635.6345
627,392.9937,402.7176,201.2695,529.0447,599.1839,196.5275,392.9937,402.7176
628,404.2911,433.4827,191.9502,535.3877,611.3913,226.3826,404.2911,433.4827
629,429.2196,154.2868,316.5331,665.1245,636.8477,-53.3413,429.2196,154.2868
630,390.1124,275.6254,223.4488,520.0195,563.5336,102.2043,390.1124,275.6254
631,621.2658,734.6918,80.5656,699.1257,776.5038,579.4538,621.2658,734.6918
632,625.5027,966.7984,34.6734,851.3662,970.2853,622.0157,625.5027,966.7984
633,546.8911,527.2783,116.8928,574.2301,654.3881,419.7813,546.8911,527.2783
634,397.1883,269.6348,174.5432,463.4239,519.2416,147.5815,397.1883,269.6348
635,590.9857,520.8120,42.5023,564.0356,611.0127,500.7850,590.9857,520.8120
636,616.5069,535.0644,21.7772,581.3145,621.9643,529.6070,616.5069,535.0644
637,606.0783,129.1375,-45.5804,558.5452,610.3953,124.8206,606.0783,129.1375
638,655.8114,564.8364,-79.4009,630.5681,701.8314,518.8164,655.8114,564.8364
639,637.0209,540.4492,-86.8362,613.3719,688.0933,489.3769,637.0209,540.4492
640,558.9747,598.2587,-20.4391,580.6961,606.9639,550.2695,558.9747,598.2587
641,548.5027,597.4431,-30.8764,577.0220,612.3701,533.5756,548.5027,597.4431
642,586.6594,535.5489,-122.9483,601.7856,686.6803,435.5280,586.6594,535.5489
643,616.1029,582.0649,-108.9547,628.7955,709.3598,488.8080,616.1029,582.0649
644,645.4612,719.4383,49.4254,690.7754,744.1832,620.7163,645.4612,719.4383
645,539.2277,500.9118,-126.9973,565.6488,648.5039,391.6356,539.2277,500.9118
646,540.9129,445.7992,-134.0162,551.4219,635.5601,351.1519,540.9129,445.7992
647,348.0625,752.2595,-25.3104,653.5521,753.8383,346.4837,348.0625,752.2595
648,638.9295,786.5071,-22.9136,725.1736,789.9829,635.4537,638.9295,786.5071
649,624.0420,769.4379,-11.3965,708.3016,770.3258,623.1542,624.0420,769.4379
650,573.5848,63.0049,-124.7353,586.0948,602.4283,34.1613,573.5848,63.0049
651,594.6950,134.2724,-137.6497,590.4934,632.7088,96.2587,594.6950,134.2724
652,463.0619,476.9542,188.1783,572.0888,658.3145,281.7016,463.0619,476.9542
653,214.3975,173.0547,317.6726,584.4308,512.0706,-124.6183,214.3975,173.0547
654,552.0900,145.1736,-118.1210,536.2719,583.8930,113.3706,552.0900,145.1736
655,636.8956,678.2005,76.4560,671.7035,736.7443,578.3518,636.8956,678.2005
656,424.7785,531.5583,137.2492,541.9488,625.4362,330.9006,424.7785,531.5583
657,414.8635,561.8705,120.1137,545.8869,629.1862,347.5477,414.8635,561.8705
658,615.1038,794.5174,-41.0143,725.2217,803.4488,606.1725,615.1038,794.5174
659,649.6601,790.0250,-19.7234,730.8331,792.7438,646.9413,649.6601,790.0250
660,396.1731,478.3273,183.3856,545.1059,625.1799,249.3204,396.1731,478.3273
661,408.6525,522.1341,123.3561,521.4400,601.1734,329.6131,408.6525,522.1341
662,627.7019,369.7505,26.7126,548.4275,630.4391,367.0133,627.7019,369.7505
663,627.9021,485.9958,14.2784,570.8825,629.3245,484.5734,627.9021,485.9958
664,684.0104,749.7724,-43.2835,723.0471,771.2478,662.5350,684.0104,749.7724
665,550.3630,516.2484,97.6393,560.2572,632.4238,434.1876,550.3630,516.2484
666,682.2883,707.9275,20.5553,696.3732,719.3332,670.8827,682.2883,707.9275
667,660.1266,706.3772,37.8824,687.5629,727.6350,638.8688,660.1266,706.3772
668,540.7819,179.3939,-62.2342,489.1151,551.1990,168.9769,540.7819,179.3939
669,559.0722,244.9626,18.6910,486.4819,560.1805,243.8543,559.0722,244.9626
670,624.5644,-34.2470,56.8370,649.8726,629.4319,-39.1145,624.5644,-34.2470
671,359.4902,219.7226,225.8042,501.4835,525.9775,53.2353,359.4902,219.7226
672,316.8587,216.6447,193.6803,437.2926,466.8086,66.6948,316.8587,216.6447
673,533.0914,-133.4692,-142.1725,658.6280,562.1490,-162.5269,533.0914,-133.4692
674,599.6330,-29.0682,-66.9116,625.5130,606.6754,-36.1106,599.6330,-29.0682
675,535.3773,478.5996,81.6235,528.6230,593.4079,420.5690,535.3773,478.5996
676,336.8740,212.8155,289.0245,581.1093,570.4506,-20.7611,336.8740,212.8155
677,679.4293,444.6800,64.8241,608.1466,696.1403,427.9690,679.4293,444.6800
678,438.0021,228.6503,248.5932,573.9105,603.0587,63.5937,438.0021,228.6503
679,623.5021,507.4642,-117.4465,609.3036,696.4789,434.4875,623.5021,507.4642
680,622.0697,548.8249,-115.6975,622.0369,706.8026,464.0920,622.0697,548.8249
681,387.4198,446.6452,-128.3499,475.3608,548.7542,285.3108,387.4198,446.6452
682,614.7735,420.7489,-97.0657,569.7158,654.9951,380.5273,614.7735,420.7489
683,615.3365,395.4204,-91.1788,562.6903,648.2222,362.5347,615.3365,395.4204
684,637.8582,583.2516,-76.9450,626.7178,692.2004,528.9093,637.8582,583.2516
685,640.6729,486.1661,-95.1875,602.1028,686.0113,440.8277,640.6729,486.1661
686,15.6766,-725.9674,88.5842,749.7977,26.1105,-736.4014,15.6766,-725.9674
687,273.1033,-661.6853,-107.9199,853.2652,285.4007,-673.9827,273.1033,-661.6853
688,659.8626,550.0014,32.9177,615.0167,668.9706,540.8934,659.8626,550.0014
689,671.8243,475.2422,36.5016,601.5986,678.3831,468.6833,671.8243,475.2422
690,661.7508,627.6831,-84.9552,661.9536,731.3630,558.0709,661.7508,627.6831
691,636.9002,616.8349,-98.4866,649.8952,725.8638,527.8713,636.9002,616.8349
692,575.7150,466.6906,-4.9028,529.7539,575.9350,466.4706,575.7150,466.6906
693,683.6955,751.7108,-82.4959,734.1554,806.9338,628.4726,683.6955,751.7108
694,665.1047,734.9789,-60.7991,710.4998,770.1641,629.9196,665.1047,734.9789
695,330.5231,335.6092,-188.2172,466.0789,521.3005,144.8317,330.5231,335.6092
696,645.5592,546.4959,26.8521,603.9637,652.3696,539.6856,645.5592,546.4959
697,638.1627,876.1431,-16.1195,785.1981,877.2300,637.0759,638.1627,876.1431
698,607.0236,909.1806,-52.0001,807.0347,917.8792,598.3250,607.0236,909.1806
699,379.4344,506.0827,189.4740,561.9308,642.5343,242.9828,379.4344,506.0827
700,387.5889,424.3955,199.5349,534.1239,606.3740,205.6104,387.5889,424.3955
701,550.6191,234.7077,171.4818,563.2518,625.8072,159.5197,550.6191,234.7077
702,659.9934,722.7055,38.9295,696.7497,741.3365,641.3624,659.9934,722.7055
703,330.0904,205.4340,72.7979,315.0391,363.5972,171.9272,330.0904,205.4340
704,499.7017,428.5140,93.8466,495.5991,564.4777,363.7381,499.7017,428.5140
705,388.7481,411.4487,179.5353,507.1134,579.9921,220.2047,388.7481,411.4487
706,600.4044,674.1500,18.4698,641.2678,678.5172,596.0372,600.4044,674.1500
707,650.5198,686.3271,56.6728,676.3039,727.8570,608.9898,650.5198,686.3271
708,705.6247,742.0291,3.7111,724.5417,742.4035,705.2502,705.6247,742.0291
709,649.9852,799.2052,28.9832,737.7386,804.6369,644.5535,649.9852,799.2052
710,292.0617,783.4373,23.1745,686.9302,784.5278,290.9711,292.0617,783.4373
711,654.2757,549.9701,47.2053,614.3263,672.4668,531.7790,654.2757,549.9701
712,642.3356,464.4480,41.2548,578.8621,651.4375,455.3461,642.3356,464.4480
713,387.1425,677.9225,50.5732,595.5490,686.4672,378.5978,387.1425,677.9225
714,247.9884,-126.6173,-149.7258,419.7419,300.4775,-179.1064,247.9884,-126.6173
715,355.1535,761.8239,13.7808,660.6928,762.2903,354.6871,355.1535,761.8239
716,371.5713,869.5732,26.4571,757.1091,870.9748,370.1697,371.5713,869.5732
717,664.8659,737.2836,40.2409,707.3168,755.2081,646.9414,664.8659,737.2836
718,248.1142,181.1397,315.8141,590.4614,532.2115,-102.9577,248.1142,181.1397
719,313.6061,841.5186,-107.4216,759.7468,862.5401,292.5847,313.6061,841.5186
720,279.4366,505.7579,103.6299,474.0950,546.0394,239.1551,279.4366,505.7579
721,453.1922,405.4696,109.1008,470.8950,541.0106,317.6513,453.1922,405.4696
722,331.0652,185.5561,288.1079,575.8668,555.4628,-38.8415,331.0652,185.5561
723,282.1389,648.2575,-104.1603,591.1764,675.8165,254.5799,282.1389,648.2575
724,432.2247,477.3547,59.5993,467.9930,518.5177,391.0617,432.2247,477.3547
725,344.2661,486.5593,91.6070,461.4420,531.4026,299.4227,344.2661,486.5593
726,458.2641,523.8421,-22.2056,495.8203,530.6537,451.4525,458.2641,523.8421
727,336.7544,167.2973,201.5547,454.8919,470.6653,33.3864,336.7544,167.2973
728,533.3487,421.5761,55.2206,496.4757,556.0283,398.8965,533.3487,421.5761
729,382.7321,410.3090,-165.6867,490.0563,562.7800,230.2611,382.7321,410.3090
730,437.8208,387.0234,-174.5123,513.2163,588.7730,236.0712,437.8208,387.0234
731,418.8984,444.7231,42.0787,438.4890,475.8260,387.7955,418.8984,444.7231
732,256.6319,492.7135,156.7386,505.8473,570.8884,178.4570,256.6319,492.7135
733,606.2216,87.5472,-21.3039,568.7334,607.0952,86.6736,606.2216,87.5472
734,385.5249,324.0358,-222.8063,526.9087,579.6978,129.8629,385.5249,324.0358
