face,S11,S22,S12,von_mises,principal_1,principal_2,T_wale_Nm,T_course_Nm
0,989.3327,3153.7224,44.3258,2794.7375,3154.6298,988.4253,989.3327,3153.7224
1,1040.1011,3149.4892,-23.0409,2779.7299,3149.7409,1039.8494,1040.1011,3149.4892
2,1093.6152,3326.4988,-1.8001,2936.6118,3326.5003,1093.6137,1093.6152,3326.4988
3,1084.6120,3328.4218,-9.3400,2940.2365,3328.4607,1084.5731,1084.6120,3328.4218
4,867.2765,3098.7102,44.9205,2769.9798,3099.6141,866.3726,867.2765,3098.7102
5,841.6421,3121.6698,83.6445,2801.2219,3124.7342,838.5776,841.6421,3121.6698
6,879.2655,3160.6836,31.8775,2826.1276,3161.1290,878.8201,879.2655,3160.6836
7,858.7058,2912.0219,87.3765,2596.0703,2915.7334,854.9943,858.7058,2912.0219
8,924.3043,2684.4812,67.5602,2364.9933,2687.0705,921.7150,924.3043,2684.4812
9,922.8141,2627.0568,42.0781,2309.5540,2628.0950,921.7758,922.8141,2627.0568
10,900.2821,2791.5780,77.9648,2471.5265,2794.7865,897.0736,900.2821,2791.5780
11,954.1426,3084.6482,66.5259,2737.7957,3086.7235,952.0673,954.1426,3084.6482
12,873.4005,2714.5727,132.1284,2411.0574,2724.0063,863.9669,873.4005,2714.5727
13,948.0746,2812.9362,-36.4657,2479.6313,2813.6490,947.3618,948.0746,2812.9362
14,884.5642,3174.4960,-33.2442,2838.1594,3174.9785,884.0817,884.5642,3174.4960
15,852.6472,3015.0673,-122.9957,2700.4135,3022.0406,845.6739,852.6472,3015.0673
16,950.7615,3035.4779,-86.3006,2693.3996,3039.0443,947.1950,950.7615,3035.4779
17,1043.1047,3278.3697,-0.6451,2901.0505,3278.3699,1043.1045,1043.1047,3278.3697
18,862.6748,2720.1534,-129.0373,2418.0129,2729.0746,853.7536,862.6748,2720.1534
19,958.9496,2789.9347,-36.7358,2456.0053,2790.6715,958.2129,958.9496,2789.9347
20,943.8705,2935.7578,-84.1510,2599.9681,2939.3066,940.3217,943.8705,2935.7578
21,838.9258,3219.0077,14.4765,2892.3912,3219.0957,838.8378,838.9258,3219.0077
22,888.3179,2858.0229,-83.4326,2537.6079,2861.5507,884.7902,888.3179,2858.0229
23,827.3884,3125.3593,-23.0813,2805.0231,3125.5911,827.1566,827.3884,3125.3593
24,999.6460,3016.0564,-24.4155,2661.3320,3016.3520,999.3504,999.6460,3016.0564
25,906.1388,3022.5626,-105.8187,2692.8987,3027.8402,900.8611,906.1388,3022.5626
26,898.0607,3129.2762,-80.3185,2794.2720,3132.1638,895.1732,898.0607,3129.2762
27,935.5163,3213.3917,-34.3502,2863.2911,3213.9095,934.9985,935.5163,3213.3917
28,867.7155,2807.9978,-138.9022,2501.8233,2817.8912,857.8221,867.7155,2807.9978
29,946.6960,3250.3289,-10.3403,2895.5342,3250.3753,946.6496,946.6960,3250.3289
30,878.2503,2695.0387,51.5590,2382.3547,2696.5007,876.7882,878.2503,2695.0387
31,873.6601,2704.1027,128.5619,2400.5356,2713.0882,864.6746,873.6601,2704.1027
32,977.9338,2980.0944,59.6785,2633.1857,2981.8717,976.1565,977.9338,2980.0944
33,882.7004,2626.5780,4.1609,2315.0902,2626.5879,882.6905,882.7004,2626.5780
34,962.1929,2858.0059,63.0344,2521.1069,2860.0995,960.0993,962.1929,2858.0059
35,889.7804,2456.0694,-28.3817,2154.3074,2456.5835,889.2663,889.7804,2456.0694
36,982.7767,3183.0822,32.2021,2823.5995,3183.5534,982.3056,982.7767,3183.0822
37,852.8918,2849.8109,130.9543,2543.5631,2858.3621,844.3406,852.8918,2849.8109
38,896.4329,2994.4988,100.0897,2667.6397,2999.2628,891.6689,896.4329,2994.4988
39,885.9107,3174.7109,60.2653,2839.3683,3176.2966,884.3249,885.9107,3174.7109
40,840.3336,3234.0802,-4.5116,2906.5083,3234.0887,840.3251,840.3336,3234.0802
41,907.6769,2659.9700,-22.3731,2342.3122,2660.2557,907.3913,907.6769,2659.9700
42,1098.5676,3324.3429,-0.9140,2933.6144,3324.3432,1098.5672,1098.5676,3324.3429
43,1078.1596,3319.9578,-1.5198,2933.4469,3319.9588,1078.1585,1078.1596,3319.9578
44,1008.2504,3014.5057,41.6805,2658.8811,3015.3713,1007.3848,1008.2504,3014.5057
45,881.3218,2589.2031,-108.5637,2287.8239,2596.0765,874.4485,881.3218,2589.2031
46,989.3357,3218.6735,-38.0611,2856.3336,3219.3231,988.6861,989.3357,3218.6735
47,1097.9848,3330.4716,-4.6737,2939.5357,3330.4814,1097.9751,1097.9848,3330.4716
48,1095.4211,3331.6021,-6.1508,2941.1097,3331.6190,1095.4042,1095.4211,3331.6021
49,1068.4617,3250.5619,-24.8630,2869.9332,3250.8452,1068.1785,1068.4617,3250.5619
50,1058.4986,3308.2541,-0.1512,2926.2916,3308.2541,1058.4986,1058.4986,3308.2541
51,852.4625,2999.8680,122.6470,2685.8429,3006.8501,845.4803,852.4625,2999.8680
52,1047.1057,3106.7254,-4.0002,2737.7274,3106.7332,1047.0979,1047.1057,3106.7254
53,948.9352,3060.9102,-80.6178,2717.4513,3063.9831,945.8624,948.9352,3060.9102
54,927.5704,3204.7082,-21.3444,2856.4516,3204.9083,927.3703,927.5704,3204.7082
55,881.3897,2790.1867,-71.9594,2473.5162,2792.8957,878.6807,881.3897,2790.1867
56,893.9951,3018.0601,81.3165,2688.7953,3021.1686,890.8866,893.9951,3018.0601
57,892.4601,3099.0034,85.4736,2767.0358,3102.3094,889.1541,892.4601,3099.0034
58,925.0146,3029.9628,-61.3341,2691.6263,3031.7484,923.2289,925.0146,3029.9628
59,986.3358,2918.3022,46.9122,2572.4546,2919.4407,985.1973,986.3358,2918.3022
60,889.7159,3249.2035,12.2401,2908.3499,3249.2670,889.6524,889.7159,3249.2035
61,1004.2273,2920.4487,5.9756,2569.9817,2920.4673,1004.2087,1004.2273,2920.4487
62,932.2280,3272.4243,-2.7882,2920.1349,3272.4277,932.2247,932.2280,3272.4243
63,957.3654,2884.9341,-51.3737,2546.6399,2886.3023,955.9971,957.3654,2884.9341
64,928.8044,2647.4132,33.2124,2327.1988,2648.0548,928.1628,928.8044,2647.4132
65,885.0785,2799.6799,78.5811,2482.3699,2802.8997,881.8587,885.0785,2799.6799
66,1069.8108,3206.3303,6.4900,2827.5446,3206.3500,1069.7911,1069.8108,3206.3303
67,1060.7750,3309.1076,-7.4799,2926.6681,3309.1325,1060.7501,1060.7750,3309.1076
68,1042.0512,3266.0312,-8.0799,2889.5769,3266.0605,1042.0218,1042.0512,3266.0312
69,954.4586,3155.1408,-36.8584,2803.3068,3155.7579,953.8415,954.4586,3155.1408
70,924.3622,2673.5230,-57.2927,2353.8722,2675.3976,922.4876,924.3622,2673.5230
71,1035.6356,3225.7389,-19.3182,2852.7814,3225.9092,1035.4652,1035.6356,3225.7389
72,918.5041,2774.3001,-92.7419,2453.1588,2778.9233,913.8809,918.5041,2774.3001
73,1054.0844,3232.7921,-12.8728,2855.6786,3232.8682,1054.0084,1054.0844,3232.7921
74,1027.5190,3137.8152,-26.4084,2771.2104,3138.1456,1027.1886,1027.5190,3137.8152
75,916.4285,3139.3645,-42.1981,2797.1038,3140.1653,915.6277,916.4285,3139.3645
76,930.6464,2909.9100,62.6483,2576.3067,2911.8910,928.6654,930.6464,2909.9100
77,1065.6477,3172.3566,2.6594,2796.2221,3172.3599,1065.6444,1065.6477,3172.3566
78,1001.7288,3128.2572,57.1913,2768.6821,3129.7942,1000.1918,1001.7288,3128.2572
79,1045.3837,3216.8307,38.0637,2842.9476,3217.4977,1044.7167,1045.3837,3216.8307
80,924.9771,3177.8902,-17.0707,2831.2483,3178.0195,924.8478,924.9771,3177.8902
81,972.0101,2793.6780,-4.6876,2456.4249,2793.6901,971.9980,972.0101,2793.6780
82,860.2838,2890.2382,135.7792,2581.1718,2899.2799,851.2421,860.2838,2890.2382
83,1009.4835,2979.8253,-3.1068,2624.9496,2979.8302,1009.4786,1009.4835,2979.8253
84,969.5180,2972.6723,-40.6451,2626.7170,2973.4966,968.6937,969.5180,2972.6723
85,884.1337,3036.0136,-77.3063,2707.9066,3038.7873,881.3600,884.1337,3036.0136
86,840.6561,3224.6242,-27.3138,2897.6442,3224.9371,840.3432,840.6561,3224.6242
87,839.8470,3157.5205,68.3059,2835.0382,3159.5319,837.8357,839.8470,3157.5205
88,927.5894,2941.1186,-64.2608,2606.6911,2943.1674,925.5407,927.5894,2941.1186
89,1073.4667,3226.8243,3.6934,2846.2042,3226.8306,1073.4604,1073.4667,3226.8243
90,1012.6103,3265.2273,11.8991,2895.0148,3265.2901,1012.5475,1012.6103,3265.2273
91,924.3383,3217.5743,50.0899,2870.6420,3218.6679,923.2447,924.3383,3217.5743
92,1055.9870,3267.2155,7.7845,2887.8799,3267.2429,1055.9596,1055.9870,3267.2155
93,1022.5011,3015.0079,-11.5655,2655.8112,3015.0750,1022.4340,1022.5011,3015.0079
94,1060.2224,3291.7627,-16.1205,2910.4213,3291.8792,1060.1060,1060.2224,3291.7627
95,1000.0646,3218.8734,-49.9844,2854.7660,3219.9988,998.9391,1000.0646,3218.8734
96,1008.9726,3262.2525,-9.1216,2892.9299,3262.2894,1008.9357,1008.9726,3262.2525
97,1039.6730,3081.7385,0.3849,2715.5169,3081.7386,1039.6730,1039.6730,3081.7385
98,1009.1016,3248.3703,-5.3625,2879.6434,3248.3831,1009.0888,1009.1016,3248.3703
99,888.8949,3229.0293,-33.5689,2889.6155,3229.5108,888.4135,888.8949,3229.0293
100,888.1002,2794.0719,79.6841,2476.5284,2797.3975,884.7746,888.1002,2794.0719
101,873.1093,2638.6086,39.3480,2329.2544,2639.4851,872.2328,873.1093,2638.6086
102,925.9442,2666.7854,57.1900,2347.2611,2668.6622,924.0674,925.9442,2666.7854
103,889.3854,2484.4114,59.9702,2182.7727,2486.6630,887.1338,889.3854,2484.4114
104,887.2201,3194.9356,48.4224,2857.8307,3195.9512,886.2045,887.2201,3194.9356
105,906.9679,3023.1612,94.4818,2692.0187,3027.3712,902.7579,906.9679,3023.1612
106,942.8157,2883.8485,-55.9967,2548.7159,2885.4626,941.2016,942.8157,2883.8485
107,863.5841,3128.9202,-45.9349,2800.0292,3129.8512,862.6530,863.5841,3128.9202
108,878.0962,3094.2785,69.2730,2764.5858,3096.4417,875.9330,878.0962,3094.2785
109,933.6063,3169.8263,-70.3948,2823.9893,3172.0400,931.3925,933.6063,3169.8263
110,968.2708,2897.8636,-46.5794,2556.5121,2898.9873,967.1470,968.2708,2897.8636
111,848.3082,2933.1556,127.7075,2623.6876,2940.9492,840.5146,848.3082,2933.1556
112,839.3745,3209.8485,29.9894,2883.7666,3210.2278,838.9952,839.3745,3209.8485
113,1011.2123,3224.0246,17.8993,2856.1640,3224.1694,1011.0676,1011.2123,3224.0246
114,1029.0956,3272.0891,30.0266,2898.4508,3272.4909,1028.6937,1029.0956,3272.0891
115,840.3841,3179.4691,54.6597,2855.2157,3180.7457,839.1075,840.3841,3179.4691
116,961.9762,2814.5401,41.3253,2478.8378,2815.4615,961.0548,961.9762,2814.5401
117,887.3115,2588.4421,25.7743,2278.7261,2588.8325,886.9211,887.3115,2588.4421
118,949.4919,2793.0392,-5.8428,2459.8246,2793.0577,949.4734,949.4919,2793.0392
119,958.9128,3164.4165,31.8354,2810.9938,3164.8759,958.4533,958.9128,3164.4165
120,1030.4629,3214.6284,21.5711,2843.3308,3214.8414,1030.2499,1030.4629,3214.6284
121,1102.2462,3328.7282,-0.8441,2937.0567,3328.7285,1102.2459,1102.2462,3328.7282
122,1082.6056,3277.6965,-3.5155,2892.5618,3277.7021,1082.5999,1082.6056,3277.6965
123,961.4246,3236.7715,-24.6252,2879.3983,3237.0379,961.1581,961.4246,3236.7715
124,988.6287,3023.3464,-61.4046,2672.1442,3025.1978,986.7773,988.6287,3023.3464
125,977.3983,3040.5727,-66.6992,2691.0752,3042.7268,975.2443,977.3983,3040.5727
126,921.3831,2882.0035,-60.6586,2551.5682,2883.8784,919.5083,921.3831,2882.0035
127,953.9665,3177.7952,32.9208,2824.9204,3178.2824,953.4793,953.9665,3177.7952
128,851.3253,2964.8840,124.3970,2652.8541,2972.1804,844.0289,851.3253,2964.8840
129,1062.8899,3292.7622,-4.4267,2910.7101,3292.7710,1062.8811,1062.8899,3292.7622
130,1047.6082,3191.1165,-35.3024,2818.0501,3191.6977,1047.0270,1047.6082,3191.1165
131,998.0999,3064.5212,-48.0329,2708.4528,3065.6371,996.9840,998.0999,3064.5212
132,1018.0771,3250.3920,3.4020,2879.6552,3250.3972,1018.0720,1018.0771,3250.3920
133,911.5414,3185.1582,-12.4983,2841.3386,3185.2269,911.4727,911.5414,3185.1582
134,927.7375,2815.3197,94.8853,2490.3522,2820.0775,922.9798,927.7375,2815.3197
135,858.8367,3033.0300,81.3467,2711.4287,3036.0693,855.7974,858.8367,3033.0300
136,884.9759,3008.8062,95.2138,2683.3884,3013.0662,880.7159,884.9759,3008.8062
137,884.0219,2571.1212,101.8436,2269.4378,2577.2468,877.8962,884.0219,2571.1212
138,1031.8499,3034.8473,12.8746,2672.8267,3034.9300,1031.7671,1031.8499,3034.8473
139,923.2433,2840.7448,52.1162,2511.5053,2842.1603,921.8279,923.2433,2840.7448
140,1008.5709,3295.5226,-4.0421,2924.7163,3295.5297,1008.5637,1008.5709,3295.5226
141,1103.4248,3313.1859,-0.2502,2922.1389,3313.1860,1103.4248,1103.4248,3313.1859
142,1044.4008,3145.9996,-11.5169,2775.3919,3146.0628,1044.3377,1044.4008,3145.9996
143,1038.8690,3267.2772,7.2921,2891.4072,3267.3010,1038.8452,1038.8690,3267.2772
144,955.3635,3260.7545,15.6043,2903.5778,3260.8601,955.2579,955.3635,3260.7545
145,1057.6518,3246.2965,-22.0199,2867.9386,3246.5180,1057.4303,1057.6518,3246.2965
146,1067.8895,3187.2550,1.2573,2809.8667,3187.2557,1067.8888,1067.8895,3187.2550
147,1020.0452,3233.6344,-22.5675,2863.5569,3233.8644,1019.8152,1020.0452,3233.6344
148,1020.4864,3116.6135,-47.2958,2753.3473,3117.6801,1019.4198,1020.4864,3116.6135
149,945.9942,3098.0354,-82.5994,2753.6291,3101.2011,942.8285,945.9942,3098.0354
150,867.9214,3054.2991,-42.0551,2726.9845,3055.1077,867.1128,867.9214,3054.2991
151,966.2125,2859.0852,-17.8260,2519.2071,2859.2531,966.0446,966.2125,2859.0852
152,998.9574,2955.2446,40.1033,2604.6204,2956.0663,998.1356,998.9574,2955.2446
153,1035.4046,3211.9400,22.8956,2839.8127,3212.1808,1035.1638,1035.4046,3211.9400
154,891.9184,2449.4603,-13.3803,2147.3687,2449.5752,891.8034,891.9184,2449.4603
155,928.1003,2770.7473,19.2719,2442.9478,2770.9489,927.8987,928.1003,2770.7473
156,896.8479,3103.4122,-89.0195,2770.5574,3106.9977,893.2624,896.8479,3103.4122
157,922.4149,2941.3853,69.8789,2608.4609,2943.8010,919.9992,922.4149,2941.3853
158,862.2661,2823.9735,-134.4597,2517.4493,2833.1468,853.0929,862.2661,2823.9735
159,956.9250,3125.2476,-44.7006,2774.5711,3126.1687,956.0039,956.9250,3125.2476
160,880.7977,2501.6631,-71.3216,2201.3460,2504.7953,877.6654,880.7977,2501.6631
161,935.7071,2645.1415,-16.0424,2323.3630,2645.2920,935.5565,935.7071,2645.1415
162,933.9269,3073.0019,69.6511,2731.3284,3075.2674,931.6614,933.9269,3073.0019
163,967.3103,3195.8001,-53.3689,2840.0778,3197.0775,966.0330,967.3103,3195.8001
164,839.1350,3221.0124,8.5041,2894.2048,3221.0428,839.1047,839.1350,3221.0124
165,888.3301,3252.2668,5.1053,2911.5909,3252.2778,888.3191,888.3301,3252.2668
166,883.1145,2466.3855,43.5517,2165.7650,2467.5826,881.9174,883.1145,2466.3855
167,959.5225,2798.9764,51.3919,2465.1967,2800.4111,958.0878,959.5225,2798.9764
168,843.3953,3169.7229,72.8066,2846.2312,3171.9993,841.1189,843.3953,3169.7229
169,947.8599,2808.9167,63.7766,2477.5379,2811.0997,945.6769,947.8599,2808.9167
170,887.0477,2516.0269,78.3457,2214.4578,2519.7863,883.2883,887.0477,2516.0269
171,842.6266,3055.4953,105.6479,2739.5098,3060.5278,837.5942,842.6266,3055.4953
172,1076.8099,3316.6852,-13.3443,2930.7022,3316.7647,1076.7304,1076.8099,3316.6852
173,1084.1421,3307.7734,2.0469,2920.7268,3307.7753,1084.1402,1084.1421,3307.7734
174,1084.2818,3290.1234,-15.6170,2904.1160,3290.2340,1084.1713,1084.2818,3290.1234
175,1021.1746,3082.6195,0.5080,2719.8251,3082.6196,1021.1744,1021.1746,3082.6195
176,1035.2427,3165.4924,25.0489,2795.8718,3165.7869,1034.9482,1035.2427,3165.4924
177,1055.7051,3239.0157,13.0853,2861.2592,3239.0941,1055.6266,1055.7051,3239.0157
178,1056.3965,3132.0027,12.3903,2759.9344,3132.0766,1056.3226,1056.3965,3132.0027
179,1034.4310,3192.7172,-36.0395,2822.1873,3193.3188,1033.8294,1034.4310,3192.7172
180,891.3311,3230.8039,38.2260,2890.8879,3231.4283,890.7066,891.3311,3230.8039
181,1066.3685,3225.2786,-22.9555,2846.3677,3225.5226,1066.1245,1066.3685,3225.2786
182,1096.5092,3281.9968,2.2651,2893.9784,3281.9992,1096.5069,1096.5092,3281.9968
183,937.3751,3212.8729,29.5950,2862.1993,3213.2577,936.9902,937.3751,3212.8729
184,943.8334,3188.7305,38.3283,2837.8866,3189.3847,943.1792,943.8334,3188.7305
185,853.4428,2901.5527,-129.8066,2592.6073,2909.7469,845.2486,853.4428,2901.5527
186,953.2678,2910.5943,-77.0306,2573.6169,2913.6212,950.2410,953.2678,2910.5943
187,989.5155,3107.3360,-65.7774,2751.8904,3109.3770,987.4744,989.5155,3107.3360
188,880.6960,3136.0533,28.4572,2801.9592,3136.4123,880.3370,880.6960,3136.0533
189,960.7667,3275.5296,11.9648,2916.4321,3275.5914,960.7048,960.7667,3275.5296
190,930.4467,3240.8423,-34.5477,2890.8371,3241.3588,929.9302,930.4467,3240.8423
191,843.8344,3108.3528,-86.6171,2788.0973,3111.6611,840.5262,843.8344,3108.3528
192,926.7075,2777.5341,-25.9987,2449.8059,2777.8993,926.3423,926.7075,2777.5341
193,931.5623,2777.9235,-5.7123,2448.8684,2777.9412,931.5446,931.5623,2777.9235
194,852.7684,2957.0880,-128.6635,2645.6635,2964.9256,844.9308,852.7684,2957.0880
195,954.0875,3209.0595,-45.4391,2855.3137,3209.9747,953.1722,954.0875,3209.0595
196,943.3632,3189.6810,-29.2203,2838.5793,3190.0610,942.9831,943.3632,3189.6810
197,890.4491,2658.1774,40.1724,2344.4992,2659.0898,889.5366,890.4491,2658.1774
198,967.6855,2792.6887,4.0261,2456.2430,2792.6976,967.6766,967.6855,2792.6887
199,947.1435,2978.0247,83.9162,2639.3600,2981.4862,943.6820,947.1435,2978.0247
200,961.4904,3164.8845,47.6499,2811.5410,3165.9145,960.4604,961.4904,3164.8845
201,919.2095,2979.1523,80.1728,2645.9615,2982.2679,916.0939,919.2095,2979.1523
202,938.6782,2712.5834,30.0819,2386.5660,2713.0934,938.1682,938.6782,2712.5834
203,940.3510,2778.1864,-51.3965,2449.0885,2779.6227,938.9147,940.3510,2778.1864
204,979.6447,3234.2579,-6.1299,2872.5976,3234.2745,979.6281,979.6447,3234.2579
205,875.1195,3162.2036,-5.4107,2828.0996,3162.2164,875.1067,875.1195,3162.2036
206,858.7017,2886.1269,135.4795,2577.5646,2895.1401,849.6886,858.7017,2886.1269
207,880.0298,3119.4986,50.1230,2787.1148,3120.6198,878.9085,880.0298,3119.4986
208,919.5943,2856.9005,102.8698,2532.2108,2862.3475,914.1473,919.5943,2856.9005
209,845.5506,3073.0236,-102.7839,2755.3088,3077.7564,840.8178,845.5506,3073.0236
210,886.9790,2889.3422,-84.1226,2567.7761,2892.8701,883.4511,886.9790,2889.3422
211,1054.1421,3226.2159,13.0655,2849.4397,3226.2945,1054.0635,1054.1421,3226.2159
212,974.2102,3007.2349,43.6572,2658.6813,3008.1719,973.2732,974.2102,3007.2349
213,1054.6174,3197.5855,13.2191,2822.2448,3197.6670,1054.5358,1054.6174,3197.5855
214,986.5108,3303.2359,-8.8296,2937.0269,3303.2696,986.4772,986.5108,3303.2359
215,982.9567,3289.0056,-8.2575,2924.2121,3289.0352,982.9272,982.9567,3289.0056
216,1106.4705,3332.4100,0.7734,2939.7316,3332.4103,1106.4702,1106.4705,3332.4100
217,1086.0644,3266.4134,1.6381,2881.2263,3266.4146,1086.0632,1086.0644,3266.4134
218,1105.1886,3337.0011,-1.8850,2944.3188,3337.0027,1105.1870,1105.1886,3337.0011
219,1080.9439,3272.5227,16.7689,2888.1266,3272.6510,1080.8156,1080.9439,3272.5227
220,1030.0118,3026.0405,0.7897,2664.7682,3026.0408,1030.0115,1030.0118,3026.0405
221,1026.3674,3140.8316,-35.7493,2774.6063,3141.4359,1025.7632,1026.3674,3140.8316
222,1074.0211,3254.9375,-5.6213,2872.6926,3254.9520,1074.0067,1074.0211,3254.9375
223,1021.8818,3150.6404,-49.2389,2785.4028,3151.7787,1020.7435,1021.8818,3150.6404
224,933.1909,3263.5279,-16.4606,2911.4907,3263.6442,933.0746,933.1909,3263.5279
225,995.1519,3230.5685,-9.6234,2865.7061,3230.6099,995.1105,995.1519,3230.5685
226,974.0839,2860.1160,-6.4243,2518.5777,2860.1379,974.0620,974.0839,2860.1160
227,1016.0886,3054.8654,-18.0585,2694.7362,3055.0253,1015.9286,1016.0886,3054.8654
228,1054.3436,3201.2415,-19.2217,2825.8605,3201.4136,1054.1715,1054.3436,3201.2415
229,1033.8186,3185.7304,-26.5107,2815.3686,3186.0570,1033.4920,1033.8186,3185.7304
230,975.2806,3139.3821,47.2957,2784.2099,3140.4153,974.2475,975.2806,3139.3821
231,903.9122,3059.8021,77.9671,2726.1494,3062.6181,901.0963,903.9122,3059.8021
232,950.7860,3063.0860,-85.3871,2719.5631,3066.5321,947.3399,950.7860,3063.0860
233,928.8523,2850.0879,-51.0986,2519.1844,2851.4460,927.4942,928.8523,2850.0879
234,889.8985,2649.9860,-59.4179,2338.1014,2651.9896,887.8949,889.8985,2649.9860
235,977.6038,3190.6959,55.4388,2833.0608,3192.0838,976.2159,977.6038,3190.6959
236,913.4125,3166.1423,45.0646,2823.6286,3167.0435,912.5113,913.4125,3166.1423
237,930.6418,3134.2546,-73.7499,2790.8950,3136.7201,928.1763,930.6418,3134.2546
238,957.5387,3107.8157,-48.5895,2758.0116,3108.9131,956.4413,957.5387,3107.8157
239,959.3863,2938.4921,76.8320,2598.7917,2941.4703,956.4081,959.3863,2938.4921
240,931.4500,3005.1873,84.9458,2668.5606,3008.6611,927.9763,931.4500,3005.1873
241,928.5172,3082.6853,71.4827,2741.9146,3085.0547,926.1478,928.5172,3082.6853
242,879.1733,3136.1531,46.0397,2803.1302,3137.0919,878.2346,879.1733,3136.1531
243,928.6984,3240.3516,39.4833,2890.9733,3241.0257,928.0242,928.6984,3240.3516
244,919.8618,2871.8753,-69.5909,2542.9537,2874.3531,917.3839,919.8618,2871.8753
245,891.6701,2628.7213,-17.0694,2315.6367,2628.8891,891.5024,891.6701,2628.7213
246,882.8823,2451.9673,26.9762,2151.5132,2452.4309,882.4186,882.8823,2451.9673
247,872.6355,3149.1059,-8.8268,2816.1273,3149.1401,872.6012,872.6355,3149.1059
248,954.3014,2880.2256,73.4208,2544.3976,2883.0206,951.5065,954.3014,2880.2256
249,878.1771,2672.8656,128.1202,2370.1056,2681.9658,869.0769,878.1771,2672.8656
250,834.4427,3188.9369,-22.7740,2864.6438,3189.1572,834.2224,834.4427,3188.9369
251,845.5024,3140.1172,-88.2907,2818.4428,3143.5094,842.1103,845.5024,3140.1172
252,891.9939,3204.0706,-63.7952,2866.3426,3205.8296,890.2350,891.9939,3204.0706
253,930.1493,2812.9515,34.5986,2482.9418,2813.5870,929.5138,930.1493,2812.9515
254,883.3083,2628.5068,25.6637,2317.2129,2628.8842,882.9310,883.3083,2628.5068
255,867.3501,2750.6852,130.9071,2446.2559,2759.7407,858.2946,867.3501,2750.6852
256,1106.8421,3335.8260,0.8968,2942.8904,3335.8263,1106.8418,1106.8421,3335.8260
257,1094.1185,3322.9445,2.2696,2933.1511,3322.9468,1094.1162,1094.1185,3322.9445
258,1080.1641,3322.0321,-5.7623,2935.0318,3322.0469,1080.1492,1080.1641,3322.0321
259,1017.1558,3257.2108,36.9274,2887.0449,3257.8194,1016.5473,1017.1558,3257.2108
260,1047.8046,3321.2299,-4.5758,2940.8375,3321.2391,1047.7954,1047.8046,3321.2299
261,1062.5253,3274.2869,25.0863,2893.5774,3274.5714,1062.2408,1062.5253,3274.2869
262,1061.0359,3211.0569,17.0622,2833.8156,3211.1923,1060.9005,1061.0359,3211.0569
263,1017.9758,3011.4465,29.2905,2653.6915,3011.8768,1017.5455,1017.9758,3011.4465
264,1074.0712,3252.8360,7.1126,2870.7047,3252.8593,1074.0480,1074.0712,3252.8360
265,1094.8030,3315.5477,9.4147,2926.0629,3315.5876,1094.7631,1094.8030,3315.5477
266,989.7647,2942.4175,-16.4267,2593.4463,2942.5557,989.6265,989.7647,2942.4175
267,1022.1134,3003.5146,6.0927,2644.9943,3003.5334,1022.0946,1022.1134,3003.5146
268,1041.6979,3225.5201,-30.4943,2851.6464,3225.9459,1041.2721,1041.6979,3225.5201
269,984.4005,3140.2804,-65.5217,2784.2397,3142.2699,982.4110,984.4005,3140.2804
270,1029.6861,3105.7801,-2.7398,2740.1035,3105.7837,1029.6825,1029.6861,3105.7801
271,999.6270,3011.6782,-7.5526,2656.8922,3011.7066,999.5986,999.6270,3011.6782
272,956.6372,2959.1184,49.3024,2616.8733,2960.3315,955.4240,956.6372,2959.1184
273,926.7869,2727.8458,72.6205,2405.7776,2730.7692,923.8635,926.7869,2727.8458
274,898.7496,3160.5526,54.3834,2822.2635,3161.8595,897.4427,898.7496,3160.5526
275,1013.3717,3185.7693,-48.9677,2820.4385,3186.8725,1012.2684,1013.3717,3185.7693
276,1044.5090,3266.1302,-31.1229,2889.6383,3266.5662,1044.0731,1044.5090,3266.1302
277,1009.6281,3198.8673,28.3914,2832.8171,3199.2355,1009.2600,1009.6281,3198.8673
278,997.1607,3063.9320,-35.6673,2707.5067,3064.5473,996.5454,997.1607,3063.9320
279,990.6025,2988.9525,-35.9079,2637.8277,2989.5975,989.9575,990.6025,2988.9525
280,1025.1082,3308.0426,-5.6764,2933.0850,3308.0567,1025.0941,1025.1082,3308.0426
281,956.7079,3212.5818,16.1873,2857.1411,3212.6979,956.5918,956.7079,3212.5818
282,961.8549,3020.2001,53.8285,2674.0366,3021.6069,960.4482,961.8549,3020.2001
283,1012.7157,3103.2499,48.5243,2742.2813,3104.3756,1011.5900,1012.7157,3103.2499
284,895.7830,2454.2871,21.5625,2151.4736,2454.5854,895.4848,895.7830,2454.2871
285,883.4674,2589.3070,17.5934,2279.9968,2589.4884,883.2860,883.4674,2589.3070
286,885.9127,2715.7883,-63.2856,2401.3353,2717.9744,883.7266,885.9127,2715.7883
287,955.7360,2963.6703,-82.8258,2623.9030,2967.0810,952.3253,955.7360,2963.6703
288,1095.0837,3311.1367,2.1987,2921.7935,3311.1388,1095.0815,1095.0837,3311.1367
289,1084.0332,3276.8460,-15.7252,2891.6051,3276.9588,1083.9205,1084.0332,3276.8460
290,910.3793,3194.1844,-9.0871,2850.2514,3194.2206,910.3432,910.3793,3194.1844
291,900.2749,3152.4780,-36.0244,2813.2559,3153.0541,899.6988,900.2749,3152.4780
292,842.8719,3124.9272,-86.4033,2804.2979,3128.1940,839.6051,842.8719,3124.9272
293,1054.7312,3193.4845,-10.1903,2818.3053,3193.5330,1054.6826,1054.7312,3193.4845
294,1031.6948,3163.4394,-20.4876,2794.5122,3163.6363,1031.4979,1031.6948,3163.4394
295,962.0673,3257.5276,37.2035,2899.5260,3258.1304,961.4645,962.0673,3257.5276
296,887.7720,3211.3139,54.0569,2873.7655,3212.5709,886.5151,887.7720,3211.3139
297,855.2170,2987.1416,-128.9561,2673.8822,2994.9136,847.4450,855.2170,2987.1416
298,923.5757,3080.8961,-60.2682,2740.5052,3082.5785,921.8934,923.5757,3080.8961
299,918.2030,3187.7681,22.9705,2842.4509,3188.0006,917.9705,918.2030,3187.7681
300,966.9121,3155.0663,56.7285,2801.4898,3156.5360,965.4423,966.9121,3155.0663
301,869.2802,2877.8700,74.5471,2559.8399,2880.6329,866.5173,869.2802,2877.8700
302,969.8745,3065.1725,69.4203,2716.1671,3067.4700,967.5770,969.8745,3065.1725
303,908.1927,2978.8552,71.1338,2647.3001,2981.2960,905.7520,908.1927,2978.8552
304,917.7003,3056.2209,-63.6650,2718.4784,3058.1145,915.8067,917.7003,3056.2209
305,921.8820,3058.6462,-63.9352,2719.8778,3060.5575,919.9707,921.8820,3058.6462
306,868.7672,2477.7762,-62.6661,2180.2068,2480.2131,866.3302,868.7672,2477.7762
307,893.6084,3106.1833,72.5418,2772.5414,3108.5591,891.2326,893.6084,3106.1833
308,877.9390,3135.9930,4.0680,2802.1542,3136.0003,877.9317,877.9390,3135.9930
309,883.2314,3246.8062,-7.9077,2907.6373,3246.8327,883.2050,883.2314,3246.8062
310,968.1289,2792.9162,-20.0930,2456.6162,2793.1375,967.9077,968.1289,2792.9162
311,930.4894,2660.2074,-36.5978,2339.0676,2660.9814,929.7154,930.4894,2660.2074
312,933.9926,2646.3824,3.0102,2324.6522,2646.3877,933.9874,933.9926,2646.3824
313,936.4107,3170.5059,66.1395,2823.6855,3172.4622,934.4544,936.4107,3170.5059
314,990.2958,3145.8752,59.3371,2787.9082,3147.5074,988.6636,990.2958,3145.8752
315,961.5458,3200.9401,-22.9013,2845.0502,3201.1742,961.3116,961.5458,3200.9401
316,890.1950,3235.4644,-31.3747,2895.4163,3235.8840,889.7754,890.1950,3235.4644
317,895.8049,2680.3171,-62.0435,2365.8135,2682.4717,893.6503,895.8049,2680.3171
318,866.7559,2658.8266,121.0187,2357.9669,2666.9621,858.6204,866.7559,2658.8266
319,997.4973,3253.4320,15.3417,2887.0811,3253.5363,997.3930,997.4973,3253.4320
320,1044.6576,3286.8376,27.6321,2909.1720,3287.1781,1044.3171,1044.6576,3286.8376
321,1025.1580,3183.2848,47.0053,2815.5833,3184.3081,1024.1347,1025.1580,3183.2848
322,1080.1491,3292.9272,17.1620,2907.5974,3293.0603,1080.0160,1080.1491,3292.9272
323,1086.1204,3328.8374,-5.8366,2940.3061,3328.8526,1086.1052,1086.1204,3328.8374
324,1083.5551,3302.6442,-15.5545,2916.1068,3302.7532,1083.4461,1083.5551,3302.6442
325,1064.3077,3267.6889,-26.1183,2886.9987,3267.9985,1063.9981,1064.3077,3267.6889
326,1051.8571,3301.1020,10.4840,2920.9108,3301.1509,1051.8082,1051.8571,3301.1020
327,1062.2275,3170.0772,4.2019,2794.7140,3170.0855,1062.2191,1062.2275,3170.0772
328,1083.1220,3237.7999,-0.7843,2854.7453,3237.8001,1083.1217,1083.1220,3237.7999
329,1096.0428,3309.9378,-3.5285,2920.4797,3309.9434,1096.0372,1096.0428,3309.9378
330,999.9169,3039.1376,21.8227,2683.0458,3039.3711,999.6834,999.9169,3039.1376
331,990.3113,2966.1939,51.3681,2617.1518,2967.5285,988.9767,990.3113,2966.1939
332,1093.8802,3331.7840,-4.0217,2941.5700,3331.7912,1093.8730,1093.8802,3331.7840
333,1095.6168,3312.6859,-9.0716,2923.1963,3312.7230,1095.5797,1095.6168,3312.6859
334,1048.4141,3095.7857,7.5767,2727.1905,3095.8137,1048.3861,1048.4141,3095.7857
335,996.5211,2899.6490,5.6155,2551.7743,2899.6656,996.5045,996.5211,2899.6490
336,1094.2671,3279.4366,-1.2032,2891.9802,3279.4372,1094.2665,1094.2671,3279.4366
337,1078.2815,3235.4407,-1.7197,2853.4296,3235.4420,1078.2801,1078.2815,3235.4407
338,952.0106,2814.1380,-21.6455,2479.5188,2814.3896,951.7590,952.0106,2814.1380
339,898.1090,2609.5369,-68.2853,2299.2657,2612.2572,895.3888,898.1090,2609.5369
340,949.4897,3161.2501,-35.3222,2810.1959,3161.8140,948.9258,949.4897,3161.2501
341,996.5783,3248.9669,-13.6440,2882.9954,3249.0495,996.4956,996.5783,3248.9669
342,999.0840,3126.0840,-33.9867,2766.0106,3126.6269,998.5411,999.0840,3126.0840
343,964.1089,2976.0586,-49.0282,2631.4250,2977.2527,962.9149,964.1089,2976.0586
344,955.3784,3016.5158,-84.0724,2674.2112,3019.9393,951.9549,955.3784,3016.5158
345,1003.4864,3076.3589,-29.7085,2717.8176,3076.7846,1003.0607,1003.4864,3076.3589
346,964.0377,2973.5077,-61.1342,2629.7824,2975.3659,962.1796,964.0377,2973.5077
347,957.6511,2894.8407,-35.7499,2555.1488,2895.5003,956.9916,957.6511,2894.8407
348,962.3582,3122.0358,-45.7635,2770.3803,3123.0051,961.3889,962.3582,3122.0358
349,1001.6255,3232.4056,-44.4777,2867.0498,3233.2920,1000.7390,1001.6255,3232.4056
350,1001.8957,3146.9699,43.0475,2785.6486,3147.8334,1001.0322,1001.8957,3146.9699
351,940.8176,3159.4865,62.7031,2811.9010,3161.2572,939.0469,940.8176,3159.4865
352,915.2889,3185.0203,-3.7925,2840.2354,3185.0266,915.2826,915.2889,3185.0203
353,1001.6975,2917.0361,-7.6844,2567.2334,2917.0670,1001.6666,1001.6975,2917.0361
354,923.5135,3190.2825,6.8044,2843.3518,3190.3029,923.4931,923.5135,3190.2825
355,964.3655,3043.8143,-47.1671,2695.5762,3044.8836,963.2962,964.3655,3043.8143
356,912.8298,2919.2197,-106.3553,2593.1228,2924.8417,907.2078,912.8298,2919.2197
357,879.8008,2984.1817,-77.4256,2659.3023,2987.0266,876.9560,879.8008,2984.1817
358,913.7665,2963.7150,-104.6930,2635.0169,2969.0479,908.4336,913.7665,2963.7150
359,848.1542,3064.0147,107.1588,2746.4966,3069.1848,842.9841,848.1542,3064.0147
360,842.7645,3190.1079,62.2262,2865.3354,3191.7563,841.1161,842.7645,3190.1079
361,920.0116,2735.2017,15.8402,2410.8267,2735.3400,919.8734,920.0116,2735.2017
362,965.1605,3067.7864,55.7442,2718.6880,3069.2632,963.6836,965.1605,3067.7864
363,936.8511,2877.0821,64.5180,2544.0876,2879.2251,934.7080,936.8511,2877.0821
364,926.7801,3260.7864,9.3896,2910.3061,3260.8242,926.7424,926.7801,3260.7864
365,949.2446,3047.3179,58.1113,2702.7194,3048.9262,947.6363,949.2446,3047.3179
366,936.2652,3082.4532,62.0911,2739.2850,3084.2481,934.4703,936.2652,3082.4532
367,974.4575,3230.3845,-24.7663,2870.3517,3230.6563,974.1856,974.4575,3230.3845
368,970.0784,3245.9942,-15.5537,2886.0678,3246.1005,969.9721,970.0784,3245.9942
369,892.1079,3165.1553,-75.6834,2829.7683,3167.6725,889.5908,892.1079,3165.1553
370,1080.4088,3316.3685,12.5644,2929.6797,3316.4391,1080.3382,1080.4088,3316.3685
371,1098.5107,3305.8677,-0.0505,2916.1543,3305.8677,1098.5107,1098.5107,3305.8677
372,931.2882,2920.5172,-60.5773,2586.0944,2922.3602,929.4452,931.2882,2920.5172
373,865.6323,2752.9012,-134.3933,2449.2792,2762.4234,856.1101,865.6323,2752.9012
374,876.8080,3127.8981,23.1813,2794.9213,3128.1368,876.5693,876.8080,3127.8981
375,1049.6038,3144.6000,-5.5624,2773.0284,3144.6148,1049.5890,1049.6038,3144.6000
376,981.1375,2968.1288,-55.3614,2620.9677,2969.6701,979.5962,981.1375,2968.1288
377,871.0921,2598.5318,108.3386,2298.4387,2605.2999,864.3240,871.0921,2598.5318
378,919.6256,2772.7564,92.6338,2451.4760,2777.3754,915.0065,919.6256,2772.7564
379,913.6480,3105.6180,-42.2124,2765.4150,3106.4307,912.8354,913.6480,3105.6180
380,956.9968,3201.6153,15.2564,2846.5674,3201.7189,956.8931,956.9968,3201.6153
381,859.1300,2591.7860,-11.2274,2286.7348,2591.8587,859.0573,859.1300,2591.7860
382,937.0530,2725.0665,-12.2927,2398.1196,2725.1510,936.9685,937.0530,2725.0665
383,839.7818,3205.7215,-35.5044,2879.8539,3206.2541,839.2491,839.7818,3205.7215
384,972.6571,2917.5608,63.1838,2575.3472,2919.6113,970.6066,972.6571,2917.5608
385,1014.9665,3162.2246,40.2705,2797.3441,3162.9795,1014.2116,1014.9665,3162.2246
386,917.6593,2776.4408,-51.0956,2451.6785,2777.8443,916.2558,917.6593,2776.4408
387,908.0948,2991.5078,-103.7772,2662.6099,2996.6643,902.9383,908.0948,2991.5078
388,901.1112,3045.3806,-102.5058,2715.4448,3050.2697,896.2221,901.1112,3045.3806
389,925.7760,3162.1259,57.5825,2817.5572,3163.6076,924.2943,925.7760,3162.1259
390,1070.4587,3256.2372,7.8689,2874.6271,3256.2655,1070.4304,1070.4587,3256.2372
391,1095.2270,3286.6897,5.8456,2898.6691,3286.7053,1095.2114,1095.2270,3286.6897
392,1026.2972,3269.0656,13.2191,2895.7844,3269.1435,1026.2193,1026.2972,3269.0656
393,1027.2553,3274.5425,-31.8013,2901.2282,3274.9924,1026.8054,1027.2553,3274.5425
394,1028.1319,3254.5868,-11.6247,2881.6057,3254.6475,1028.0712,1028.1319,3254.5868
395,970.2251,3295.3825,-8.8318,2933.2327,3295.4161,970.1915,970.2251,3295.3825
396,1049.0387,3258.5935,12.2497,2881.1409,3258.6614,1048.9708,1049.0387,3258.5935
397,1056.0567,3284.6704,22.5423,2904.6586,3284.8984,1055.8287,1056.0567,3284.6704
398,1034.6372,3249.2479,12.5655,2875.1986,3249.3192,1034.5660,1034.6372,3249.2479
399,1043.2384,3259.9862,33.0307,2884.1267,3260.4783,1042.7463,1043.2384,3259.9862
400,944.3872,2903.5155,44.7188,2566.3643,2904.5357,943.3670,944.3872,2903.5155
401,954.1907,2885.0943,21.5493,2546.1171,2885.3348,953.9502,954.1907,2885.0943
402,1084.3426,3247.3436,-10.8906,2863.5925,3247.3984,1084.2878,1084.3426,3247.3436
403,1046.1375,3150.1969,-18.4421,2779.1411,3150.3585,1045.9759,1046.1375,3150.1969
404,1048.4006,3133.7730,16.6904,2763.1619,3133.9066,1048.2670,1048.4006,3133.7730
405,1100.4589,3319.1268,-0.2619,2928.3187,3319.1269,1100.4589,1100.4589,3319.1268
406,1072.6137,3315.7173,8.3185,2930.5640,3315.7482,1072.5828,1072.6137,3315.7173
407,1106.3282,3334.8426,1.9406,2942.0601,3334.8442,1106.3265,1106.3282,3334.8426
408,1098.3064,3334.5105,-4.0149,2943.2926,3334.5177,1098.2992,1098.3064,3334.5105
409,1073.0675,3285.8850,-5.2246,2902.1750,3285.8973,1073.0552,1073.0675,3285.8850
410,1052.9962,3269.2881,-8.5238,2890.4526,3269.3209,1052.9634,1052.9962,3269.2881
411,1078.3427,3251.6058,-12.1569,2868.7735,3251.6738,1078.2747,1078.3427,3251.6058
412,1081.5559,3235.6166,3.3140,2852.9828,3235.6217,1081.5508,1081.5559,3235.6166
413,1058.6695,3189.6366,-18.8812,2814.0472,3189.8039,1058.5022,1058.6695,3189.6366
414,1022.7489,3052.9435,-10.7171,2691.5478,3053.0001,1022.6923,1022.7489,3052.9435
415,925.2869,2725.3606,-20.8550,2400.6896,2725.6022,925.0453,925.2869,2725.3606
416,993.2644,2985.9011,-6.2539,2633.7250,2985.9207,993.2447,993.2644,2985.9011
417,1037.1768,3156.8297,20.3407,2787.1778,3157.0249,1036.9816,1037.1768,3156.8297
418,931.6350,2682.9648,55.7877,2361.3633,2684.7401,929.8597,931.6350,2682.9648
419,967.1427,2837.1485,49.9923,2499.6694,2838.4841,965.8071,967.1427,2837.1485
420,970.2417,3030.9053,-44.9006,2681.9943,3031.8832,969.2638,970.2417,3030.9053
421,930.4222,2973.7133,-60.9217,2636.8508,2975.5281,928.6074,930.4222,2973.7133
422,914.4192,3225.6333,25.3072,2879.7939,3225.9104,914.1421,914.4192,3225.6333
423,887.2035,3228.8173,14.4491,2889.3597,3228.9064,887.1144,887.2035,3228.8173
424,922.5145,3003.2537,-61.2608,2666.6982,3005.0558,920.7125,922.5145,3003.2537
425,964.0212,2901.1314,-32.6770,2559.7561,2901.6824,963.4701,964.0212,2901.1314
426,924.5137,2772.6451,-42.4383,2446.2912,2773.6190,923.5397,924.5137,2772.6451
427,1009.8006,3003.0390,-24.2417,2647.1179,3003.3338,1009.5058,1009.8006,3003.0390
428,992.8088,2909.6380,-21.9920,2562.1083,2909.8902,992.5565,992.8088,2909.6380
429,943.1084,2976.0974,64.8236,2636.7467,2978.1623,941.0436,943.1084,2976.0974
430,992.0061,3046.2180,36.4798,2691.7737,3046.8656,991.3585,992.0061,3046.2180
431,965.5755,2902.0689,-14.6477,2559.8470,2902.1797,965.4647,965.5755,2902.0689
432,977.9523,2901.0618,-36.4603,2557.2326,2901.7528,977.2613,977.9523,2901.0618
433,918.5391,3170.8314,10.5492,2825.8958,3170.8808,918.4897,918.5391,3170.8314
434,923.8202,3261.6294,6.4062,2911.8094,3261.6469,923.8027,923.8202,3261.6294
435,939.3258,3145.2149,-71.0019,2799.1878,3147.4979,937.0428,939.3258,3145.2149
436,976.7395,3174.4373,-59.9723,2818.0249,3176.0727,975.1041,976.7395,3174.4373
437,914.0998,3165.5684,63.2846,2823.9637,3167.3458,912.3224,914.0998,3165.5684
438,944.6969,3078.9920,67.5944,2734.5268,3081.1306,942.5583,944.6969,3078.9920
439,920.9092,3084.5729,75.2927,2745.7347,3087.1898,918.2923,920.9092,3084.5729
440,1103.3659,3326.9285,0.6820,2935.1408,3326.9287,1103.3657,1103.3659,3326.9285
441,1101.4255,3323.6700,3.9253,2932.4378,3323.6769,1101.4186,1101.4255,3323.6700
442,984.9115,3128.4562,-69.1028,2773.1502,3130.6816,982.6861,984.9115,3128.4562
443,1011.9181,3176.6265,-49.8682,2812.1005,3177.7747,1010.7699,1011.9181,3176.6265
444,1046.0433,3263.5660,-14.7921,2886.5021,3263.6647,1045.9446,1046.0433,3263.5660
445,1028.2268,3202.9907,-22.5583,2832.7593,3203.2246,1027.9928,1028.2268,3202.9907
446,927.3772,3210.0246,-56.7518,2863.0482,3211.4347,925.9671,927.3772,3210.0246
447,920.9665,3146.3603,-30.4035,2802.2925,3146.7756,920.5512,920.9665,3146.3603
448,967.9289,2906.2266,9.3894,2563.2564,2906.2721,967.8834,967.9289,2906.2266
449,920.5013,3164.3092,33.1631,2819.7028,3164.7993,920.0112,920.5013,3164.3092
450,914.9612,3109.7238,67.9940,2770.5828,3111.8282,912.8568,914.9612,3109.7238
451,881.7044,2910.4840,-74.8707,2588.2330,2913.2433,878.9451,881.7044,2910.4840
452,917.5911,2897.3076,-107.8913,2571.5253,2903.1701,911.7286,917.5911,2897.3076
453,1013.9917,3071.7696,-42.9412,2711.9607,3072.6653,1013.0960,1013.9917,3071.7696
454,895.8479,3247.4100,-11.4749,2905.0688,3247.4660,895.7919,895.8479,3247.4100
455,991.3923,3290.5316,7.9683,2923.7715,3290.5593,991.3647,991.3923,3290.5316
456,965.5619,3199.8974,46.4671,2844.0168,3200.8634,964.5960,965.5619,3199.8974
457,855.2254,2997.5421,-124.3616,2683.1870,3004.7372,848.0304,855.2254,2997.5421
458,905.5144,3059.0915,-101.5133,2727.4274,3063.8659,900.7399,905.5144,3059.0915
459,917.8038,3100.0630,-49.8921,2759.5239,3101.2030,916.6637,917.8038,3100.0630
460,876.9025,3085.2186,-54.0147,2755.1495,3086.5390,875.5822,876.9025,3085.2186
461,926.1232,3175.7450,-65.1615,2831.0188,3177.6308,924.2374,926.1232,3175.7450
462,880.1687,2852.8215,86.7048,2534.7340,2856.6252,876.3650,880.1687,2852.8215
463,916.6636,2620.0726,-5.2662,2302.9135,2620.0888,916.6474,916.6636,2620.0726
464,876.5070,2660.2760,-58.6473,2350.2981,2662.2022,874.5808,876.5070,2660.2760
465,877.3056,2641.7499,-36.8380,2331.2994,2642.5186,876.5368,877.3056,2641.7499
466,981.7385,3212.5626,46.2434,2852.5231,3213.5208,980.7803,981.7385,3212.5626
467,955.1469,3215.3068,49.1552,2861.2344,3216.3754,954.0783,955.1469,3215.3068
468,880.4434,3027.9824,-67.7418,2700.3069,3030.1171,878.3087,880.4434,3027.9824
469,880.4438,2999.1905,-79.6077,2673.7088,3002.1774,877.4569,880.4438,2999.1905
470,872.5552,2646.8111,-119.3718,2345.2552,2654.8064,864.5599,872.5552,2646.8111
471,917.1622,2841.3505,-101.0675,2517.7617,2846.6445,911.8682,917.1622,2841.3505
472,954.3738,3273.0919,-1.5286,2915.5126,3273.0929,954.3728,954.3738,3273.0919
473,918.0715,3250.5230,-5.9253,2902.5244,3250.5380,918.0564,918.0715,3250.5230
474,1065.6537,3295.5992,4.5955,2912.8488,3295.6087,1065.6442,1065.6537,3295.5992
475,1099.9387,3330.4018,4.7057,2939.0934,3330.4117,1099.9288,1099.9387,3330.4018
476,1088.6337,3298.9394,-2.1410,2911.4947,3298.9414,1088.6316,1088.6337,3298.9394
477,1053.6753,3293.6093,-23.3110,2913.6454,3293.8519,1053.4327,1053.6753,3293.6093
478,1040.7742,3289.6178,21.0499,2912.4520,3289.8149,1040.5772,1040.7742,3289.6178
479,1062.3257,3307.6029,17.0906,2925.0466,3307.7330,1062.1956,1062.3257,3307.6029
480,1072.4273,3201.5362,11.0028,2822.5667,3201.5931,1072.3704,1072.4273,3201.5362
481,1051.6089,3166.1036,21.7041,2793.2068,3166.3264,1051.3861,1051.6089,3166.1036
482,1009.1167,3089.8381,30.2438,2729.4968,3090.2776,1008.6772,1009.1167,3089.8381
483,1092.6452,3310.2729,-2.8273,2921.4467,3310.2765,1092.6416,1092.6452,3310.2729
484,1103.1703,3330.9826,4.4600,2939.0217,3330.9916,1103.1613,1103.1703,3330.9826
485,1003.2397,3127.2443,35.8656,2766.3387,3127.8497,1002.6343,1003.2397,3127.2443
486,1063.5170,3241.0491,24.9702,2861.8923,3241.3354,1063.2307,1063.5170,3241.0491
487,1065.5569,3294.4425,-23.1409,2912.0359,3294.6827,1065.3167,1065.5569,3294.4425
488,1042.0085,3280.8821,-27.2160,2904.0462,3281.2129,1041.6777,1042.0085,3280.8821
489,989.3897,2990.2998,14.9819,2638.7282,2990.4120,989.2775,989.3897,2990.2998
490,983.6028,3000.1222,28.8067,2649.4846,3000.5336,983.1914,983.6028,3000.1222
491,1095.6166,3282.5449,-5.1337,2894.6753,3282.5570,1095.6046,1095.6166,3282.5449
492,1107.0090,3329.6451,-0.3495,2937.0153,3329.6452,1107.0090,1107.0090,3329.6451
493,961.6030,3212.2452,-3.0311,2855.5774,3212.2493,961.5989,961.6030,3212.2452
494,965.3503,3286.1332,2.5316,2925.4611,3286.1360,965.3475,965.3503,3286.1332
495,1036.7035,3090.9589,-14.9618,2724.8936,3091.0679,1036.5946,1036.7035,3090.9589
496,1065.5862,3205.9160,-18.6406,2828.1149,3206.0783,1065.4239,1065.5862,3205.9160
497,1065.5865,3270.9394,25.1183,2889.7998,3271.2254,1065.3005,1065.5865,3270.9394
498,983.2423,3219.2911,-22.7871,2857.7640,3219.5233,983.0101,983.2423,3219.2911
499,1009.2081,3205.9157,-47.9231,2840.3962,3206.9607,1008.1631,1009.2081,3205.9157
500,1029.8959,3113.8981,-16.5887,2747.8868,3114.0302,1029.7638,1029.8959,3113.8981
501,1032.6516,3112.3069,-26.5289,2746.0893,3112.6453,1032.3133,1032.6516,3112.3069
502,998.2666,3064.0669,53.7781,2708.3136,3065.4659,996.8676,998.2666,3064.0669
503,959.3819,2973.4780,68.4307,2631.2226,2975.8003,957.0596,959.3819,2973.4780
504,986.1059,3175.5776,-32.3184,2815.7372,3176.0546,985.6290,986.1059,3175.5776
505,978.0834,3198.2588,-26.4662,2838.9160,3198.5743,977.7679,978.0834,3198.2588
506,1034.4706,3277.8208,1.5494,2902.3158,3277.8219,1034.4695,1034.4706,3277.8208
507,994.9920,3235.2853,-35.1605,2870.8372,3235.8370,994.4403,994.9920,3235.2853
508,922.6295,2800.7751,-92.2559,2477.3054,2805.2959,918.1087,922.6295,2800.7751
509,1015.6992,3270.5361,-34.7143,2899.9630,3271.0704,1015.1649,1015.6992,3270.5361
510,968.4713,3277.0113,-16.5122,2916.1389,3277.1294,968.3532,968.4713,3277.0113
511,1088.7249,3273.0591,0.2948,2887.0014,3273.0592,1088.7249,1088.7249,3273.0591
512,1083.5333,3275.7978,-0.8761,2890.5816,3275.7982,1083.5330,1083.5333,3275.7978
513,1020.9371,3200.8023,46.4822,2833.0393,3201.7930,1019.9464,1020.9371,3200.8023
514,989.4938,3221.4968,25.8237,2858.5817,3221.7955,989.1951,989.4938,3221.4968
515,965.1775,2942.2435,34.2767,2598.4807,2942.8376,964.5834,965.1775,2942.2435
516,932.3722,2776.1096,18.6074,2447.1972,2776.2974,932.1844,932.3722,2776.1096
517,947.8356,3217.1930,-14.8854,2863.5674,3217.2907,947.7380,947.8356,3217.1930
518,937.8435,2978.8590,76.5361,2641.4051,2981.7250,934.9775,937.8435,2978.8590
519,878.6822,2996.6587,77.3238,2671.4925,2999.4779,875.8630,878.6822,2996.6587
520,989.9890,3253.2051,36.6826,2889.0865,3253.7995,989.3946,989.9890,3253.2051
521,946.6999,3123.2701,49.9360,2775.2005,3124.4151,945.5548,946.6999,3123.2701
522,987.9417,3215.9652,18.6950,2853.4756,3216.1220,987.7849,987.9417,3215.9652
523,929.1583,3261.4696,22.2483,2910.5983,3261.6818,928.9461,929.1583,3261.4696
524,992.8800,3000.0753,-24.8643,2647.5276,3000.3833,992.5720,992.8800,3000.0753
525,1023.7647,3090.9045,-17.2627,2727.3284,3091.0487,1023.6205,1023.7647,3090.9045
526,944.5443,3162.5585,64.5908,2814.1214,3164.4378,942.6649,944.5443,3162.5585
527,902.8713,3110.3471,71.1884,2774.2379,3112.6405,900.5780,902.8713,3110.3471
528,932.6903,2765.6835,-57.1093,2439.0930,2767.4611,930.9127,932.6903,2765.6835
529,868.0220,2563.7619,-102.0186,2265.4269,2569.8775,861.9064,868.0220,2563.7619
530,966.9172,3080.5355,-46.4621,2729.9233,3081.5564,965.8964,966.9172,3080.5355
531,991.2284,3069.1307,-64.5290,2715.2127,3071.1328,989.2264,991.2284,3069.1307
532,983.9342,3094.6518,-68.7464,2741.2115,3096.8885,981.6975,983.9342,3094.6518
533,949.8854,2987.4096,-86.9317,2647.9941,2991.1118,946.1832,949.8854,2987.4096
534,1044.1236,3162.1332,9.9136,2790.6840,3162.1796,1044.0772,1044.1236,3162.1332
535,1069.2387,3222.5684,9.9700,2843.0304,3222.6146,1069.1925,1069.2387,3222.5684
536,1006.7790,3168.1423,33.4193,2804.3647,3168.6589,1006.2624,1006.7790,3168.1423
537,999.3403,3196.0364,31.7318,2832.3881,3196.4947,998.8821,999.3403,3196.0364
538,881.7778,2743.0962,71.8571,2428.7441,2745.8662,879.0078,881.7778,2743.0962
539,919.4624,2868.7771,63.1445,2539.5909,2870.8204,917.4191,919.4624,2868.7771
540,880.8530,2534.1859,88.5975,2233.6749,2538.9201,876.1188,880.8530,2534.1859
541,917.9994,2783.8836,45.8818,2458.3415,2785.0112,916.8718,917.9994,2783.8836
542,872.3707,3055.1708,47.8233,2727.0348,3056.2181,871.3234,872.3707,3055.1708
543,1009.4850,3053.3146,44.2526,2695.4387,3054.2723,1008.5273,1009.4850,3053.3146
544,1024.4359,3127.4209,27.2267,2761.9942,3127.7733,1024.0835,1024.4359,3127.4209
545,1087.5531,3321.4887,8.1635,2933.0809,3321.5185,1087.5233,1087.5531,3321.4887
546,1061.7149,3294.7554,4.1942,2912.8360,3294.7633,1061.7070,1061.7149,3294.7554
547,1032.1410,3296.9128,-19.2793,2921.1616,3297.0769,1031.9769,1032.1410,3296.9128
548,1107.3029,3332.2511,-0.6746,2939.4229,3332.2513,1107.3027,1107.3029,3332.2511
549,1100.8420,3328.3347,5.2975,2936.9676,3328.3473,1100.8294,1100.8420,3328.3347
550,1065.8397,3254.4141,25.7004,2874.1126,3254.7159,1065.5380,1065.8397,3254.4141
551,1053.0456,3216.9437,17.3595,2840.9413,3217.0829,1052.9064,1053.0456,3216.9437
552,1068.7011,3312.4384,-13.2592,2928.2915,3312.5168,1068.6228,1068.7011,3312.4384
553,1088.9653,3321.6758,4.8842,2932.9605,3321.6865,1088.9546,1088.9653,3321.6758
554,1081.3469,3284.2845,16.2964,2899.1692,3284.4051,1081.2264,1081.3469,3284.2845
555,1064.7224,3278.7949,-23.8431,2897.3831,3279.0516,1064.4657,1064.7224,3278.7949
556,1076.9193,3286.3211,-10.4170,2901.8761,3286.3703,1076.8702,1076.9193,3286.3211
557,1016.0293,3303.4078,-15.1016,2930.7240,3303.5075,1015.9296,1016.0293,3303.4078
558,1045.2424,3302.8222,-16.7426,2923.9968,3302.9463,1045.1182,1045.2424,3302.8222
559,1050.3833,3289.0529,0.4755,2909.7093,3289.0530,1050.3832,1050.3833,3289.0529
560,1070.7160,3303.5503,-0.2011,2919.3687,3303.5503,1070.7159,1070.7160,3303.5503
561,1104.4004,3318.7229,-2.4873,2927.1901,3318.7257,1104.3976,1104.4004,3318.7229
562,1093.8781,3297.5090,-7.0750,2909.1601,3297.5318,1093.8554,1093.8781,3297.5090
563,1018.5751,3176.2433,-48.3289,2810.2992,3177.3253,1017.4932,1018.5751,3176.2433
564,990.1862,3189.9066,-29.5390,2828.4252,3190.3032,989.7896,990.1862,3189.9066
565,997.4833,3096.8106,40.8065,2738.8296,3097.6035,996.6904,997.4833,3096.8106
566,1017.0181,3084.5544,17.5940,2722.6242,3084.7041,1016.8684,1017.0181,3084.5544
567,1051.5873,3197.9419,19.7370,2823.2821,3198.1234,1051.4058,1051.5873,3197.9419
568,1030.7306,3124.1245,12.0285,2757.3289,3124.1936,1030.6614,1030.7306,3124.1245
569,952.7398,2781.1163,9.5001,2448.0423,2781.1656,952.6905,952.7398,2781.1163
570,984.6570,2942.6433,-27.1149,2594.8816,2943.0188,984.2816,984.6570,2942.6433
571,1041.3061,3277.4074,7.9756,2900.5386,3277.4359,1041.2776,1041.3061,3277.4074
572,977.2845,3246.4399,16.4026,2884.8862,3246.5584,977.1659,977.2845,3246.4399
573,880.4107,3009.2019,71.3924,2682.6063,3011.5935,878.0191,880.4107,3009.2019
574,912.5554,2985.7824,89.1119,2654.5781,2989.6056,908.7322,912.5554,2985.7824
575,1002.2349,3231.0840,36.9950,2865.3411,3231.6979,1001.6210,1002.2349,3231.0840
576,1015.1013,3243.7153,13.3997,2874.0143,3243.7958,1015.0208,1015.1013,3243.7153
577,1069.9781,3232.2358,-5.6702,2851.9951,3232.2506,1069.9633,1069.9781,3232.2358
578,1054.6467,3120.4642,6.4211,2749.3113,3120.4841,1054.6268,1054.6467,3120.4642
579,980.8320,2988.5867,-42.6348,2639.6654,2989.4917,979.9271,980.8320,2988.5867
580,970.3770,2915.7443,14.3994,2571.8568,2915.8509,970.2704,970.3770,2915.7443
581,1023.5191,3250.6483,-39.2246,2879.5521,3251.3389,1022.8285,1023.5191,3250.6483
582,1057.6070,3242.9704,-14.6455,2864.6544,3243.0685,1057.5089,1057.6070,3242.9704
583,1022.2675,3242.5631,18.2084,2871.4934,3242.7124,1022.1181,1022.2675,3242.5631
584,1045.3687,3237.3932,35.5051,2862.3457,3237.9681,1044.7937,1045.3687,3237.3932
585,1071.2920,3216.7032,-2.1944,2837.0463,3216.7054,1071.2898,1071.2920,3216.7032
586,1042.9011,3157.1157,-32.1175,2786.6750,3157.6035,1042.4133,1042.9011,3157.1157
587,1070.7278,3282.5384,-6.7475,2899.4737,3282.5590,1070.7072,1070.7278,3282.5384
588,1047.2218,3213.8756,-36.3938,2839.7188,3214.4868,1046.6107,1047.2218,3213.8756
589,888.3879,2698.0634,57.9273,2383.6776,2699.9157,886.5355,888.3879,2698.0634
590,885.0823,2673.0720,62.9416,2361.0762,2675.2850,882.8693,885.0823,2673.0720
591,916.0430,3134.3204,46.2013,2792.5491,3135.2822,915.0811,916.0430,3134.3204
592,1020.2222,3276.9115,30.9624,2904.9442,3277.3363,1019.7974,1020.2222,3276.9115
593,966.0919,3269.4586,27.7848,2909.7099,3269.7937,965.7568,966.0919,3269.4586
594,1069.7201,3213.1733,-8.7003,2834.0456,3213.2086,1069.6848,1069.7201,3213.1733
595,1080.5292,3255.7318,13.1340,2872.2704,3255.8111,1080.4499,1080.5292,3255.7318
596,1002.0254,3014.2362,-35.9535,2659.5510,3014.8784,1001.3832,1002.0254,3014.2362
597,982.1679,3070.6538,58.6334,2718.0848,3072.2987,980.5231,982.1679,3070.6538
598,959.0814,3064.4866,64.5660,2717.4123,3066.4648,957.1033,959.0814,3064.4866
599,992.9142,2903.5684,31.4823,2556.6711,2904.0870,992.3956,992.9142,2903.5684
600,956.8094,2777.7072,41.5565,2445.1148,2778.6551,955.8615,956.8094,2777.7072
601,906.5868,2710.1851,-82.6038,2393.8369,2713.9604,902.8115,906.5868,2710.1851
602,945.0388,2845.4315,-69.1637,2512.9437,2847.9453,942.5250,945.0388,2845.4315
603,982.7062,3042.1480,65.4802,2691.4125,3044.2278,980.6264,982.7062,3042.1480
604,995.2593,3020.5739,54.7522,2667.7981,3022.0530,993.7803,995.2593,3020.5739
605,984.9624,3247.8691,-5.5244,2884.4180,3247.8826,984.9489,984.9624,3247.8691
606,952.4545,3214.8157,-1.9713,2860.1146,3214.8174,952.4528,952.4545,3214.8157
607,974.3950,3175.0054,-65.8114,2819.4661,3176.9718,972.4286,974.3950,3175.0054
608,955.3081,3174.6443,-39.2527,2821.8503,3175.3384,954.6141,955.3081,3174.6443
609,967.6462,3193.3354,-56.9389,2837.8579,3194.7911,966.1905,967.6462,3193.3354
610,1102.9675,3310.7653,-1.4593,2919.9390,3310.7662,1102.9666,1102.9675,3310.7653
611,1092.4485,3310.9905,-4.4011,2922.1693,3310.9993,1092.4397,1092.4485,3310.9905
612,914.9511,2847.9539,105.6578,2525.0206,2853.7120,909.1930,914.9511,2847.9539
613,1086.9322,3316.0769,-0.4756,2928.0433,3316.0770,1086.9321,1086.9322,3316.0769
614,1066.0443,3295.6795,21.8931,2913.0828,3295.8944,1065.8294,1066.0443,3295.6795
615,1046.0667,3286.3418,-2.8841,2908.0217,3286.3455,1046.0630,1046.0667,3286.3418
616,1021.3072,3256.8000,-3.3953,2885.0747,3256.8052,1021.3020,1021.3072,3256.8000
617,1022.3276,3148.9877,44.6118,2783.5141,3149.9231,1021.3921,1022.3276,3148.9877
618,1025.7291,3138.5058,48.0331,2773.0856,3139.5973,1024.6377,1025.7291,3138.5058
619,1097.4409,3313.3689,0.9904,2923.4511,3313.3693,1097.4404,1097.4409,3313.3689
620,1103.3803,3330.4997,-1.4034,2938.5157,3330.5005,1103.3794,1103.3803,3330.4997
621,1069.9912,3275.9070,6.7137,2893.3357,3275.9275,1069.9708,1069.9912,3275.9070
622,1076.7990,3303.6856,15.8374,2918.4211,3303.7982,1076.6864,1076.7990,3303.6856
623,1101.8452,3311.8209,-2.7380,2921.1520,3311.8243,1101.8418,1101.8452,3311.8209
624,1085.2501,3314.6859,-6.0061,2927.0728,3314.7021,1085.2339,1085.2501,3314.6859
625,1025.3266,3282.6324,-29.6029,2909.2660,3283.0206,1024.9385,1025.3266,3282.6324
626,1017.6084,3235.7412,-18.5019,2865.9828,3235.8955,1017.4541,1017.6084,3235.7412
627,1100.0587,3326.3622,3.2417,2935.2431,3326.3669,1100.0540,1100.0587,3326.3622
628,1105.4694,3328.7158,-0.8903,2936.4299,3328.7162,1105.4691,1105.4694,3328.7158
629,1036.8450,3300.5380,-8.0922,2923.4652,3300.5669,1036.8161,1036.8450,3300.5380
630,1016.5126,3247.8888,23.0429,2877.8730,3248.1268,1016.2746,1016.5126,3247.8888
631,1050.5928,3169.6770,-12.3659,2796.6080,3169.7491,1050.5206,1050.5928,3169.6770
632,1057.9247,3166.4983,-7.4676,2792.1616,3166.5247,1057.8982,1057.9247,3166.4983
633,1076.1226,3301.2989,-16.1196,2916.2976,3301.4157,1076.0058,1076.1226,3301.2989
634,1059.0075,3297.7134,1.9739,2916.1823,3297.7151,1059.0057,1059.0075,3297.7134
635,1000.4526,3021.4540,7.5031,2665.9777,3021.4818,1000.4247,1000.4526,3021.4540
636,1029.9915,3047.7904,22.4797,2685.5589,3048.0408,1029.7411,1029.9915,3047.7904
637,914.9037,2888.4406,89.3221,2561.5285,2892.4750,910.8692,914.9037,2888.4406
638,1042.4940,3215.0984,34.4294,2841.7401,3215.6439,1041.9485,1042.4940,3215.0984
639,1028.6402,3166.6038,30.7078,2798.3948,3167.0448,1028.1993,1028.6402,3166.6038
640,998.0274,3164.1704,-33.1915,2802.3935,3164.6789,997.5189,998.0274,3164.1704
641,1002.4941,3125.5091,-32.7445,2764.7267,3126.0140,1001.9891,1002.4941,3125.5091
642,1022.6076,3003.2063,16.5466,2644.7484,3003.3445,1022.4694,1022.6076,3003.2063
643,1044.6844,3094.5327,15.6624,2726.7974,3094.6523,1044.5647,1044.6844,3094.5327
644,1091.1169,3296.2823,8.5521,2908.5397,3296.3155,1091.0838,1091.1169,3296.2823
645,990.1703,2902.1893,7.0554,2555.3136,2902.2154,990.1442,990.1703,2902.1893
646,968.9419,2877.3583,23.5718,2536.0822,2877.6494,968.6508,968.9419,2877.3583
647,870.9925,2755.9183,-62.1962,2442.3215,2757.9683,868.9425,870.9925,2755.9183
648,1076.1913,3249.6772,-12.0462,2867.3595,3249.7439,1076.1246,1076.1913,3249.6772
649,1039.7998,3233.6201,-33.4976,2859.8132,3234.1315,1039.2885,1039.7998,3233.6201
650,887.7528,2908.4955,96.4795,2587.1511,2913.0914,883.1569,887.7528,2908.4955
651,907.2625,2913.9892,105.6788,2589.2487,2919.5391,901.7126,907.2625,2913.9892
652,1089.8040,3327.5314,-8.7246,2938.3684,3327.5654,1089.7700,1089.8040,3327.5314
653,1078.6644,3312.9717,5.5111,2926.7396,3312.9853,1078.6508,1078.6644,3312.9717
654,1007.9523,3126.1313,-50.5390,2765.0201,3127.3364,1006.7471,1007.9523,3126.1313
655,1054.6445,3185.3877,0.5317,2810.6083,3185.3879,1054.6444,1054.6445,3185.3877
656,1083.2099,3310.3199,0.0207,2923.3183,3310.3199,1083.2099,1083.2099,3310.3199
657,1066.1104,3302.5278,-0.8398,2919.3191,3302.5281,1066.1101,1066.1104,3302.5278
658,1068.3217,3206.5471,-15.2916,2828.1325,3206.6565,1068.2124,1068.3217,3206.5471
659,1092.0900,3286.4179,-8.8354,2899.0297,3286.4534,1092.0544,1092.0900,3286.4179
660,1107.3273,3337.0299,-0.4715,2943.9359,3337.0300,1107.3272,1107.3273,3337.0299
661,1104.2256,3329.9664,1.1924,2937.8497,3329.9671,1104.2250,1104.2256,3329.9664
662,979.5826,3050.4983,46.6771,2698.7855,3051.5498,978.5311,979.5826,3050.4983
663,1021.9515,3052.6072,31.3831,2691.8644,3053.0921,1021.4666,1021.9515,3052.6072
664,1090.1322,3310.4590,9.6976,2922.1518,3310.5013,1090.0899,1090.1322,3310.4590
665,1091.7318,3319.8588,10.1539,2930.7430,3319.9051,1091.6855,1091.7318,3319.8588
666,1074.5686,3285.3305,5.3027,2901.3558,3285.3433,1074.5559,1074.5686,3285.3305
667,1082.7782,3305.6500,15.5369,2919.1042,3305.7586,1082.6696,1082.7782,3305.6500
668,1020.2586,3076.8730,-25.6057,2714.9284,3077.1918,1019.9398,1020.2586,3076.8730
669,1012.8817,3076.6878,-31.7562,2716.3655,3077.1763,1012.3932,1012.8817,3076.6878
670,848.5193,3052.9992,112.7699,2736.4962,3058.7529,842.7656,848.5193,3052.9992
671,990.5193,3232.2675,7.4980,2868.3143,3232.2926,990.4942,990.5193,3232.2675
672,1002.9099,3298.7860,-17.0055,2929.2149,3298.9120,1002.7839,1002.9099,3298.7860
673,1007.5968,3230.1112,-22.1072,2862.8109,3230.3311,1007.3769,1007.5968,3230.1112
674,1015.8659,3229.4991,-37.3510,2860.9606,3230.1292,1015.2359,1015.8659,3229.4991
675,1080.9660,3319.0128,-4.0286,2932.0031,3319.0200,1080.9588,1080.9660,3319.0128
676,1077.9940,3313.2628,0.7525,2927.1327,3313.2631,1077.9937,1077.9940,3313.2628
677,994.6147,3284.2774,19.8558,2917.2468,3284.4496,994.4425,994.6147,3284.2774
678,1026.3045,3277.8692,2.7744,2904.0762,3277.8726,1026.3011,1026.3045,3277.8692
679,1025.5119,3098.3571,34.9209,2734.5471,3098.9452,1024.9238,1025.5119,3098.3571
680,1036.7827,3095.7134,25.6055,2729.6052,3096.0318,1036.4643,1036.7827,3095.7134
681,903.7983,2669.5895,-48.4668,2353.2607,2670.9188,902.4690,903.7983,2669.5895
682,984.4423,3105.3818,45.6471,2749.8554,3106.3638,983.4603,984.4423,3105.3818
683,974.5819,3132.8272,46.0976,2778.0559,3133.8114,973.5977,974.5819,3132.8272
684,1039.3688,3254.7306,33.7274,2879.9489,3255.2439,1038.8555,1039.3688,3254.7306
685,1011.0063,3219.1495,45.4793,2852.4870,3220.0858,1010.0700,1011.0063,3219.1495
686,884.9096,3139.0017,-5.3762,2803.3463,3139.0145,884.8968,884.9096,3139.0017
687,881.4401,3183.4017,12.4560,2847.0108,3183.4691,881.3727,881.4401,3183.4017
688,1028.4175,3192.2767,23.2996,2822.5713,3192.5276,1028.1666,1028.4175,3192.2767
689,1007.8805,3217.6713,39.1960,2851.4579,3218.3663,1007.1854,1007.8805,3217.6713
690,1069.8813,3222.7643,22.7815,2843.3145,3223.0053,1069.6403,1069.8813,3222.7643
691,1059.4465,3161.7030,14.3628,2787.4283,3161.8011,1059.3484,1059.4465,3161.7030
692,1002.1909,2938.3102,28.9442,2587.6281,2938.7428,1001.7583,1002.1909,2938.3102
693,1085.9959,3289.2916,4.2439,2902.8818,3289.2997,1085.9878,1085.9959,3289.2916
694,1084.1551,3280.7101,1.5534,2895.1096,3280.7112,1084.1540,1084.1551,3280.7101
695,868.3459,2444.9896,-24.4337,2147.2524,2445.3681,867.9673,868.3459,2444.9896
696,1033.0749,3132.1393,22.6758,2764.6607,3132.3843,1032.8299,1033.0749,3132.1393
697,1066.6870,3240.5387,-6.3019,2860.4879,3240.5570,1066.6687,1066.6870,3240.5387
698,1049.6002,3201.1338,-23.9518,2826.7877,3201.4004,1049.3336,1049.6002,3201.1338
699,1094.1546,3324.0900,8.3390,2934.2612,3324.1212,1094.1234,1094.1546,3324.0900
700,1103.2059,3336.2865,-2.5476,2944.0244,3336.2894,1103.2030,1103.2059,3336.2865
701,1021.1075,3306.3089,10.6631,2932.3341,3306.3587,1021.0577,1021.1075,3306.3089
702,1088.7822,3296.7411,2.0763,2909.3862,3296.7430,1088.7803,1088.7822,3296.7411
703,879.6282,3137.8267,-44.2909,2804.5439,3138.6951,878.7598,879.6282,3137.8267
704,1048.3619,3291.0246,16.1896,2912.1311,3291.1415,1048.2450,1048.3619,3291.0246
705,1102.4321,3333.8765,-2.5634,2941.8933,3333.8794,1102.4292,1102.4321,3333.8765
706,1098.5466,3312.9710,1.1481,2922.8637,3312.9716,1098.5460,1098.5466,3312.9710
707,1075.4853,3250.3832,15.1417,2868.2065,3250.4886,1075.3798,1075.4853,3250.3832
708,1094.4131,3305.9590,1.4747,2917.0236,3305.9600,1094.4122,1094.4131,3305.9590
709,1085.5717,3238.3401,-2.5271,2854.7997,3238.3431,1085.5687,1085.5717,3238.3401
710,866.2911,2781.3162,-136.4212,2476.4052,2790.9856,856.6216,866.2911,2781.3162
711,1040.8088,3186.4865,33.4098,2814.9253,3187.0066,1040.2887,1040.8088,3186.4865
712,1012.4710,3121.8864,39.6785,2759.5608,3122.6325,1011.7249,1012.4710,3121.8864
713,875.2301,2945.0831,-72.2976,2622.5174,2947.6053,872.7079,875.2301,2945.0831
714,905.2681,2755.3078,-81.1554,2436.5339,2758.8610,901.7149,905.2681,2755.3078
715,883.4048,2826.5327,-81.4449,2508.5092,2829.9404,879.9970,883.4048,2826.5327
716,914.2281,2867.4766,-106.3916,2543.7502,2873.2546,908.4502,914.2281,2867.4766
717,1082.2701,3269.2109,6.0992,2884.6127,3269.2279,1082.2531,1082.2701,3269.2109
718,1067.9752,3324.7514,-6.1666,2940.0519,3324.7682,1067.9583,1067.9752,3324.7514
719,882.0909,2589.5205,-106.5840,2287.7038,2596.1481,875.4633,882.0909,2589.5205
720,870.2517,3179.8409,-64.0349,2848.4672,3181.6149,868.4776,870.2517,3179.8409
721,1070.1694,3304.8748,12.6042,2920.8151,3304.9459,1070.0983,1070.1694,3304.8748
722,1046.3105,3319.5337,-3.0834,2939.5298,3319.5379,1046.3063,1046.3105,3319.5337
723,884.3521,2562.2132,-99.8513,2260.7581,2568.1345,878.4308,884.3521,2562.2132
724,910.9876,3198.1161,-54.1288,2855.3793,3199.3965,909.7072,910.9876,3198.1161
725,886.2425,3174.0016,-76.5819,2839.7836,3176.5623,883.6818,886.2425,3174.0016
726,982.4081,3222.2217,26.0684,2860.8287,3222.5251,982.1047,982.4081,3222.2217
727,998.6347,3306.9838,-1.6050,2937.8482,3306.9849,998.6336,998.6347,3306.9838
728,1036.4978,3278.2074,0.0835,2902.2606,3278.2074,1036.4978,1036.4978,3278.2074
729,895.0926,2583.6682,-25.5079,2272.8532,2584.0534,894.7074,895.0926,2583.6682
730,916.1450,2618.5508,3.5561,2301.5638,2618.5582,916.1375,916.1450,2618.5508
731,883.6215,3149.0243,-22.6083,2813.5616,3149.2499,883.3959,883.6215,3149.0243
732,848.9437,3166.3420,-89.1658,2842.9267,3169.7677,845.5180,848.9437,3166.3420
733,885.8455,2915.5672,87.2944,2593.3324,2919.3146,882.0981,885.8455,2915.5672
734,887.2260,2446.0668,4.5923,2144.8222,2446.0804,887.2125,887.2260,2446.0668
