face,S11,S22,S12,von_mises,principal_1,principal_2,T_wale_Nm,T_course_Nm
0,1136.8133,936.6904,17.2759,1051.5639,1138.2937,935.2100,1136.8133,936.6904
1,1168.9775,943.6925,-9.1148,1074.3174,1169.3457,943.3243,1168.9775,943.6925
2,1183.7472,973.9718,-0.3734,1094.0487,1183.7479,973.9711,1183.7472,973.9718
3,1177.9457,973.3060,-3.2971,1090.1429,1177.9988,973.2529,1177.9457,973.3060
4,1058.4853,906.4863,19.8959,991.8637,1061.0465,903.9252,1058.4853,906.4863
5,1037.6820,909.7208,34.1566,981.7714,1046.2286,901.1742,1037.6820,909.7208
6,1053.8614,914.1958,13.7934,991.7222,1055.2106,912.8466,1053.8614,914.1958
7,1080.1952,887.5631,32.8484,999.5427,1085.6426,882.1157,1080.1952,887.5631
8,1142.5803,866.7421,25.3778,1033.6060,1144.8957,864.4268,1142.5803,866.7421
9,1147.6501,861.4335,14.4671,1034.9744,1148.3795,860.7041,1147.6501,861.4335
10,1122.3673,881.3696,27.8232,1024.5109,1125.5378,878.1991,1122.3673,881.3696
11,1115.0236,917.4253,26.4672,1031.5510,1118.5073,913.9416,1115.0236,917.4253
12,1106.6435,863.6590,47.4136,1010.7167,1115.5675,854.7349,1106.6435,863.6590
13,1146.3387,889.5893,-13.5661,1042.2298,1147.0535,888.8745,1146.3387,889.5893
14,1055.8665,915.0327,-13.9317,993.2617,1057.2315,913.6678,1055.8665,915.0327
15,1059.2370,896.4998,-47.1979,991.3486,1071.9348,883.8020,1059.2370,896.4998
16,1121.8723,914.1142,-33.2976,1035.3787,1127.0785,908.9080,1121.8723,914.1142
17,1154.2892,958.0916,-0.8820,1069.7713,1154.2932,958.0876,1154.2892,958.0916
18,1101.4591,865.4216,-47.6096,1007.8394,1110.7003,856.1804,1101.4591,865.4216
19,1153.1278,884.4437,-14.2122,1045.3104,1153.8775,883.6941,1153.1278,884.4437
20,1130.5453,902.5445,-30.4803,1036.8891,1134.5497,898.5401,1130.5453,902.5445
21,1022.3299,922.1808,6.3742,976.1787,1022.7340,921.7767,1022.3299,922.1808
22,1103.7256,883.2772,-31.8327,1013.1797,1108.2302,878.7727,1103.7256,883.2772
23,1021.6360,908.0738,-11.5867,970.0619,1022.8061,906.9037,1021.6360,908.0738
24,1157.4704,918.5649,-9.8543,1058.5740,1157.8762,918.1591,1157.4704,918.5649
25,1093.9609,906.0131,-40.0030,1015.5137,1102.1209,897.8531,1093.9609,906.0131
26,1075.6909,915.8936,-32.7726,1006.9636,1082.1511,909.4334,1075.6909,915.8936
27,1088.1074,932.0693,-14.3107,1019.3889,1089.4090,930.7677,1088.1074,932.0693
28,1092.0099,873.1271,-50.3991,1004.4866,1103.0571,862.0800,1092.0099,873.1271
29,1094.6446,941.4281,-5.2664,1026.6877,1094.8254,941.2472,1094.6446,941.4281
30,1117.3821,867.3378,17.6784,1016.1730,1118.6258,866.0941,1117.3821,867.3378
31,1104.8707,861.3322,45.5241,1008.5579,1113.1022,853.1007,1104.8707,861.3322
32,1145.0894,908.7011,23.8175,1047.9147,1147.4652,906.3252,1145.0894,908.7011
33,1127.3905,862.6777,0.7331,1021.1019,1127.3925,862.6757,1127.3905,862.6777
34,1147.8594,893.1545,23.5861,1044.8728,1150.0251,890.9888,1147.8594,893.1545
35,1140.4099,837.7825,-9.5422,1023.3631,1140.7105,837.4819,1140.4099,837.7825
36,1123.0510,934.9013,13.7939,1042.0715,1124.0569,933.8954,1123.0510,934.9013
37,1080.2734,879.1211,49.8234,998.7996,1091.9378,867.4567,1080.2734,879.1211
38,1094.1914,903.9490,37.1704,1014.6085,1101.1960,896.9444,1094.1914,903.9490
39,1064.3597,921.9498,25.3466,1001.7455,1068.7364,917.5730,1064.3597,921.9498
40,1022.0658,924.0062,-1.7533,976.7395,1022.0972,923.9749,1022.0658,924.0062
41,1134.4820,863.6765,-8.4623,1026.3410,1134.7462,863.4123,1134.4820,863.6765
42,1187.1414,974.3042,-0.0578,1096.3287,1187.1414,974.3042,1187.1414,974.3042
43,1174.4484,970.7064,-0.0276,1086.9938,1174.4484,970.7064,1174.4484,970.7064
44,1160.8057,917.9957,16.4953,1060.8429,1161.9211,916.8802,1160.8057,917.9957
45,1123.6911,851.1189,-37.6383,1017.3201,1128.7929,846.0171,1123.6911,851.1189
46,1123.2960,940.9604,-15.2791,1044.4729,1124.5675,939.6889,1123.2960,940.9604
47,1186.6830,975.8386,-1.7437,1096.5745,1186.6974,975.8242,1186.6830,975.8386
48,1184.7797,975.6080,-2.2848,1095.2849,1184.8046,975.5831,1184.7797,975.6080
49,1174.9724,959.7586,-9.9759,1083.6537,1175.4339,959.2972,1174.9724,959.7586
50,1162.8047,965.9760,0.7395,1077.9539,1162.8074,965.9733,1162.8047,965.9760
51,1062.1970,893.9474,48.2499,992.3912,1075.0517,881.0927,1062.1970,893.9474
52,1177.2614,936.3960,-1.7116,1077.2222,1177.2735,936.3839,1177.2614,936.3960
53,1116.0242,914.2963,-31.8827,1031.5621,1120.9433,909.3772,1116.0242,914.2963
54,1085.8488,931.1865,-9.3167,1017.5012,1086.4080,930.6273,1085.8488,931.1865
55,1108.4053,876.1965,-26.6573,1013.5253,1111.4262,873.1756,1108.4053,876.1965
56,1087.3264,904.8924,32.0370,1010.0865,1092.7888,899.4300,1087.3264,904.8924
57,1079.8458,915.2122,33.3357,1009.3196,1086.3396,908.7183,1079.8458,915.2122
58,1107.1837,908.2887,-24.3757,1023.2225,1110.1275,905.3449,1107.1837,908.2887
59,1157.4330,902.7905,17.9461,1053.9111,1158.6916,901.5320,1157.4330,902.7905
60,1054.4416,932.5747,5.5462,999.1444,1054.6935,932.3228,1054.4416,932.5747
61,1168.1923,906.0247,2.5680,1061.6792,1168.2174,905.9995,1168.1923,906.0247
62,1082.0635,942.9006,-1.1740,1019.6317,1082.0734,942.8907,1082.0635,942.9006
63,1142.7799,894.9936,-19.3366,1041.7776,1144.2798,893.4937,1142.7799,894.9936
64,1147.7510,864.7563,11.9688,1035.8767,1148.2563,864.2510,1147.7510,864.7563
65,1110.6662,878.6191,29.2322,1016.0030,1114.2921,874.9932,1110.6662,878.6191
66,1180.6144,952.9993,2.8510,1084.8769,1180.6502,952.9636,1180.6144,952.9993
67,1163.7367,966.7027,-2.2659,1078.8073,1163.7628,966.6767,1163.7367,966.7027
68,1155.5785,956.6443,-4.0567,1070.0943,1155.6612,956.5616,1155.5785,956.6443
69,1110.9827,928.8324,-16.5141,1032.4309,1112.4678,927.3474,1110.9827,928.8324
70,1143.5213,865.7144,-20.6941,1033.6461,1145.0544,864.1813,1143.5213,865.7144
71,1155.7800,950.3467,-8.2041,1068.0807,1156.1071,950.0195,1155.7800,950.3467
72,1131.1032,878.3462,-33.5620,1029.9347,1135.4837,873.9656,1131.1032,878.3462
73,1168.8247,955.2532,-5.6607,1078.0688,1168.9746,955.1033,1168.8247,955.2532
74,1161.2696,937.0753,-11.0010,1067.1566,1161.8081,936.5368,1161.2696,937.0753
75,1083.1808,918.0857,-17.7311,1011.2627,1085.0636,916.2028,1083.1808,918.0857
76,1126.2729,899.2464,22.6448,1032.4128,1128.5096,897.0098,1126.2729,899.2464
77,1181.4673,947.6829,1.3111,1083.6589,1181.4746,947.6755,1181.4673,947.6829
78,1143.3365,932.1299,22.3186,1054.4386,1145.6692,929.7972,1143.3365,932.1299
79,1163.9611,952.2027,14.7713,1074.1616,1164.9865,951.1773,1163.9611,952.2027
80,1081.6359,924.0125,-7.0661,1012.1463,1081.9521,923.6963,1081.6359,924.0125
81,1160.9199,886.1461,-1.9962,1050.8365,1160.9344,886.1316,1160.9199,886.1461
82,1078.3433,882.1267,50.6721,998.7189,1090.6565,869.8135,1078.3433,882.1267
83,1166.8849,915.1024,-1.4709,1063.5883,1166.8934,915.0938,1166.8849,915.1024
84,1143.0987,908.8701,-15.7914,1046.2024,1144.1586,907.8103,1143.0987,908.8701
85,1075.5731,900.7545,-30.6109,1001.0994,1080.7781,895.5495,1075.5731,900.7545
86,1023.5015,923.0447,-11.1857,977.3457,1024.7320,921.8143,1023.5015,923.0447
87,1032.0143,914.5297,28.2069,979.7945,1038.4355,908.1085,1032.0143,914.5297
88,1118.9684,898.5310,-25.3217,1027.5914,1121.8397,895.6597,1118.9684,898.5310
89,1181.0534,957.0582,1.5557,1086.5164,1181.0642,957.0474,1181.0534,957.0582
90,1137.3518,952.9973,5.4993,1057.3412,1137.5157,952.8334,1137.3518,952.9973
91,1084.6928,934.4041,20.3223,1018.5122,1087.3924,931.7045,1084.6928,934.4041
92,1164.5675,959.2289,4.1677,1076.7092,1164.6520,959.1443,1164.5675,959.2289
93,1170.8684,920.6480,-4.7121,1068.0049,1170.9571,920.5593,1170.8684,920.6480
94,1164.1220,963.1414,-6.5692,1077.8389,1164.3365,962.9269,1164.1220,963.1414
95,1132.4199,944.0419,-19.2608,1051.4995,1134.3691,942.0928,1132.4199,944.0419
96,1134.7383,951.4759,-4.6165,1055.1423,1134.8545,951.3597,1134.7383,951.4759
97,1175.1099,932.1622,0.0102,1074.4378,1175.1099,932.1622,1175.1099,932.1622
98,1133.1986,947.5838,-2.3103,1052.7438,1133.2274,947.5551,1133.1986,947.5838
99,1056.3638,929.5887,-14.5584,999.3456,1058.0141,927.9383,1056.3638,929.5887
100,1110.2641,875.7484,29.5438,1014.8537,1113.9287,872.0837,1110.2641,875.7484
101,1118.6082,862.4244,13.5698,1015.3313,1119.3250,861.7077,1118.6082,862.4244
102,1145.0454,866.8075,20.1541,1034.9729,1146.4977,865.3552,1145.0454,866.8075
103,1138.8447,840.8368,20.3535,1023.5400,1140.2284,839.4531,1138.8447,840.8368
104,1062.0360,925.7403,19.5471,1001.4451,1064.7840,922.9924,1062.0360,925.7403
105,1091.8898,902.8174,36.1749,1012.6457,1098.5747,896.1325,1091.8898,902.8174
106,1136.2093,897.6112,-20.9817,1038.3275,1138.0403,895.7802,1136.2093,897.6112
107,1049.9324,911.4024,-19.8765,988.5781,1052.7279,908.6069,1049.9324,911.4024
108,1065.6727,907.4455,28.0605,997.2151,1070.5016,902.6166,1065.6727,907.4455
109,1094.9791,929.0077,-28.3031,1023.3248,1099.6729,924.3139,1094.9791,929.0077
110,1150.5894,901.7791,-17.1369,1048.9828,1151.7641,900.6043,1150.5894,901.7791
111,1070.0811,886.7132,49.1544,994.8504,1082.4265,874.3678,1070.0811,886.7132
112,1023.4409,919.3071,12.1014,975.7765,1024.8288,917.9193,1023.4409,919.3071
113,1137.4868,945.6641,8.0881,1054.8330,1137.8272,945.3237,1137.4868,945.6641
114,1146.8042,956.7278,11.5865,1064.7588,1147.5079,956.0241,1146.8042,956.7278
115,1027.3819,915.2500,21.5962,976.8746,1031.3975,911.2345,1027.3819,915.2500
116,1152.2311,889.8233,15.2061,1046.3430,1153.1094,888.9451,1152.2311,889.8233
117,1132.5375,857.0743,9.2247,1023.1344,1132.8461,856.7658,1132.5375,857.0743
118,1148.8337,885.6768,-1.7073,1042.4757,1148.8447,885.6658,1148.8337,885.6768
119,1110.5405,930.2515,14.3011,1032.5694,1111.6679,929.1241,1110.5405,930.2515
120,1154.9115,948.7939,9.0655,1067.0070,1155.3094,948.3960,1154.9115,948.7939
121,1189.3252,976.1907,-0.2624,1098.3782,1189.3255,976.1903,1189.3252,976.1907
122,1182.3537,966.8725,-1.4031,1090.6985,1182.3628,966.8634,1182.3537,966.8725
123,1105.7136,942.1101,-10.9341,1033.8417,1106.4411,941.3826,1105.7136,942.1101
124,1148.7494,919.1243,-23.3657,1053.6646,1151.1028,916.7709,1148.7494,919.1243
125,1140.6742,920.3717,-25.1029,1048.9366,1143.4985,917.5475,1140.6742,920.3717
126,1121.0523,891.5372,-21.7664,1026.4299,1123.0984,889.4912,1121.0523,891.5372
127,1103.5489,928.8663,13.8119,1027.6846,1104.6342,927.7810,1103.5489,928.8663
128,1063.4550,890.5310,47.5317,991.8267,1075.6588,878.3272,1063.4550,890.5310
129,1167.8585,964.6742,-2.3916,1080.6961,1167.8866,964.6461,1167.8585,964.6742
130,1167.9243,948.9874,-14.0066,1075.5777,1168.8167,948.0949,1167.9243,948.9874
131,1151.8086,926.7522,-18.2556,1057.8711,1153.2798,925.2810,1151.8086,926.7522
132,1139.1185,950.4084,0.6737,1057.4690,1139.1209,950.4060,1139.1185,950.4084
133,1072.6713,922.7475,-5.8705,1006.1736,1072.9009,922.5180,1072.6713,922.7475
134,1129.4898,882.4641,35.1270,1030.2706,1134.3877,877.5661,1129.4898,882.4641
135,1065.7069,902.2957,31.6917,995.6401,1071.6379,896.3648,1065.7069,902.2957
136,1072.6618,894.2249,37.3883,997.6143,1080.1792,886.7075,1072.6618,894.2249
137,1125.8893,848.6758,34.7736,1017.8359,1130.1848,844.3803,1125.8893,848.6758
138,1173.9062,924.4742,5.0188,1071.2319,1174.0071,924.3732,1173.9062,924.4742
139,1129.2025,889.6316,18.2305,1031.0022,1130.5818,888.2522,1129.2025,889.6316
140,1131.1963,957.0188,-0.8408,1054.9483,1131.2003,957.0148,1131.1963,957.0188
141,1191.1655,973.3543,-0.0171,1098.5753,1191.1655,973.3543,1191.1655,973.3543
142,1172.1138,943.8302,-4.3783,1076.3119,1172.1978,943.7463,1172.1138,943.8302
143,1151.0929,956.2033,2.7416,1067.0911,1151.1315,956.1647,1151.0929,956.2033
144,1099.8520,944.1333,6.8969,1030.9209,1100.1568,943.8285,1099.8520,944.1333
145,1169.9585,959.0930,-8.6378,1080.1792,1170.3117,958.7397,1169.9585,959.0930
146,1181.8471,950.3442,0.3538,1084.7836,1181.8476,950.3436,1181.8471,950.3442
147,1147.0256,950.1164,-10.0194,1062.4887,1147.5341,949.6079,1147.0256,950.1164
148,1158.8378,935.3979,-18.4550,1065.3270,1160.3518,933.8839,1158.8378,935.3979
149,1109.5328,921.2241,-31.8152,1029.8665,1114.7628,915.9941,1109.5328,921.2241
150,1060.6897,899.0589,-19.4076,990.3923,1062.9873,896.7612,1060.6897,899.0589
151,1153.7426,896.6527,-6.1421,1049.1496,1153.8892,896.5061,1153.7426,896.6527
152,1161.1681,909.6701,15.4660,1058.4180,1162.1156,908.7226,1161.1681,909.6701
153,1156.2708,947.4324,10.0388,1067.4288,1156.7523,946.9510,1156.2708,947.4324
154,1142.5321,837.3689,-4.4313,1024.6484,1142.5965,837.3045,1142.5321,837.3689
155,1139.4350,883.7059,6.2929,1035.5876,1139.5897,883.5512,1139.4350,883.7059
156,1078.0888,914.4549,-35.2876,1008.1544,1085.3742,907.1695,1078.0888,914.4549
157,1117.2934,900.1964,26.5800,1027.1485,1120.5003,896.9895,1117.2934,900.1964
158,1085.4345,874.3179,-49.2336,1000.4283,1096.3515,863.4008,1085.4345,874.3179
159,1114.3178,923.9784,-18.9847,1032.9162,1116.1929,922.1033,1114.3178,923.9784
160,1132.1893,842.3591,-24.5111,1019.5655,1134.2476,840.3009,1132.1893,842.3591
161,1152.2431,863.8903,-5.7136,1038.5841,1152.3563,863.7771,1152.2431,863.8903
162,1102.4572,912.0310,28.0501,1021.8110,1106.5030,907.9851,1102.4572,912.0310
163,1113.0255,936.4000,-21.0318,1036.7066,1115.4953,933.9302,1113.0255,936.4000
164,1021.9086,922.0350,3.2421,975.8287,1022.0137,921.9299,1021.9086,922.0350
165,1054.7061,933.7541,2.1989,999.7400,1054.7461,933.7142,1054.7061,933.7541
166,1135.6664,838.6636,14.8042,1020.4461,1136.4025,837.9275,1135.6664,838.6636
167,1153.0792,885.7180,19.3308,1045.8996,1154.4697,884.3275,1153.0792,885.7180
168,1032.9592,915.8826,29.4699,981.0106,1039.9588,908.8831,1032.9592,915.8826
169,1144.4098,883.2066,23.9869,1039.5689,1146.5943,881.0221,1144.4098,883.2066
170,1133.0896,843.4431,26.6409,1020.6473,1135.5195,841.0132,1133.0896,843.4431
171,1050.3220,901.2032,42.9032,987.0725,1061.7846,889.7406,1050.3220,901.2032
172,1173.7765,969.9551,-5.0130,1086.3375,1173.8998,969.8319,1173.7765,969.9551
173,1179.6577,969.7903,1.3103,1089.9863,1179.6658,969.7822,1179.6577,969.7903
174,1180.7467,967.4114,-6.4341,1089.9100,1180.9405,967.2175,1180.7467,967.4114
175,1165.1208,932.7859,0.1715,1068.0767,1165.1209,932.7857,1165.1208,932.7859
176,1162.5358,942.0230,10.2036,1069.6138,1163.0070,941.5518,1162.5358,942.0230
177,1168.2301,955.2479,6.0051,1077.6915,1168.3992,955.0787,1168.2301,955.2479
178,1179.7290,940.3518,5.0083,1080.1560,1179.8337,940.2471,1179.7290,940.3518
179,1160.6179,948.4352,-14.0548,1070.6937,1161.5448,947.5083,1160.6179,948.4352
180,1057.6337,930.2297,15.0044,1000.3747,1059.3769,928.4864,1057.6337,930.2297
181,1176.8039,956.5377,-9.1641,1083.7096,1177.1845,956.1571,1176.8039,956.5377
182,1190.0750,967.5339,1.0642,1095.8859,1190.0801,967.5288,1190.0750,967.5339
183,1092.2186,934.6094,12.1646,1022.7817,1093.1519,933.6761,1092.2186,934.6094
184,1094.9948,929.6563,15.2430,1022.7427,1096.3884,928.2627,1094.9948,929.6563
185,1072.3544,884.3307,-49.1690,995.4505,1084.4360,872.2492,1072.3544,884.3307
186,1138.7627,899.9708,-28.6572,1041.3157,1142.1537,896.5798,1138.7627,899.9708
187,1138.6920,928.8131,-25.6404,1050.5492,1141.7791,925.7261,1138.6920,928.8131
188,1054.8134,909.6214,11.9393,990.4490,1055.7886,908.6462,1054.8134,909.6214
189,1099.9677,947.3056,4.9725,1032.1751,1100.1295,947.1438,1099.9677,947.3056
190,1084.3479,938.3120,-13.8508,1019.4894,1085.6499,937.0099,1084.3479,938.3120
191,1035.7886,905.8778,-33.0236,979.0027,1043.7013,897.9651,1035.7886,905.8778
192,1138.3727,883.9468,-8.8418,1035.0014,1138.6796,883.6399,1138.3727,883.9468
193,1141.5117,884.4116,-2.1682,1037.1503,1141.5300,884.3933,1141.5117,884.4116
194,1067.4369,890.9142,-49.5193,994.7419,1080.3794,877.9717,1067.4369,890.9142
195,1101.5518,935.6072,-17.7767,1029.1285,1103.4348,933.7243,1101.5518,935.6072
196,1099.7336,931.3970,-12.9586,1026.2210,1100.7254,930.4052,1099.7336,931.3970
197,1128.3519,864.6168,14.2902,1022.6245,1129.1240,863.8448,1128.3519,864.6168
198,1157.8704,886.3123,1.2910,1048.8010,1157.8765,886.3062,1157.8704,886.3123
199,1124.7273,903.8327,32.3809,1033.6853,1129.3762,899.1838,1124.7273,903.8327
200,1116.4111,933.2163,19.2093,1037.5550,1118.4037,931.2238,1116.4111,933.2163
201,1113.2892,905.4893,30.3690,1026.6543,1117.6365,901.1419,1113.2892,905.4893
202,1150.6925,874.0893,10.7322,1040.5108,1151.1082,873.6735,1150.6925,874.0893
203,1143.1958,879.3322,-20.1644,1037.3489,1144.7279,877.8002,1143.1958,879.3322
204,1114.9105,941.2158,-2.0392,1039.0157,1114.9344,941.1919,1114.9105,941.2158
205,1049.0857,914.0679,-2.6645,988.5276,1049.1383,914.0154,1049.0857,914.0679
206,1081.4274,880.8197,51.2011,1000.3253,1093.7398,868.5073,1081.4274,880.8197
207,1060.5941,909.2699,22.0737,994.3475,1063.7482,906.1157,1060.5941,909.2699
208,1119.7070,885.5660,38.4067,1025.0960,1125.8460,879.4270,1119.7070,885.5660
209,1045.7253,903.0584,-40.0590,984.6416,1056.2038,892.5799,1045.7253,903.0584
210,1098.8514,885.5445,-32.5739,1010.8238,1103.7148,880.6810,1098.8514,885.5445
211,1168.8169,953.7912,5.8992,1077.5657,1168.9786,953.6295,1168.8169,953.7912
212,1143.2890,916.7665,16.1798,1048.9170,1144.4388,915.6167,1143.2890,916.7665
213,1172.0627,949.6393,5.6293,1078.2412,1172.2050,949.4969,1172.0627,949.6393
214,1116.5053,955.2912,-2.6369,1045.2744,1116.5484,955.2481,1116.5053,955.2912
215,1116.4251,952.9804,-4.0013,1044.3627,1116.5230,952.8825,1116.4251,952.9804
216,1191.2257,976.6694,0.1969,1099.7582,1191.2258,976.6693,1191.2257,976.6694
217,1185.1328,963.9043,1.1345,1091.4672,1185.1387,963.8985,1185.1328,963.9043
218,1190.2882,977.5133,-0.6867,1099.4531,1190.2904,977.5111,1190.2882,977.5133
219,1181.4816,964.8781,6.8105,1089.5145,1181.6955,964.6642,1181.4816,964.8781
220,1174.2798,923.0806,0.3445,1071.0071,1174.2803,923.0801,1174.2798,923.0806
221,1161.3317,940.4169,-13.8222,1068.4159,1162.1932,939.5554,1161.3317,940.4169
222,1179.1720,961.1358,-2.5332,1086.6938,1179.2014,961.1064,1179.1720,961.1358
223,1155.2853,939.4854,-19.4643,1064.4623,1157.0269,937.7439,1155.2853,939.4854
224,1083.5186,941.9790,-6.8747,1020.2093,1083.8517,941.6459,1083.5186,941.9790
225,1125.0387,943.0460,-4.4292,1046.0131,1125.1465,942.9382,1125.0387,943.0460
226,1156.9634,896.4727,-2.8196,1051.2209,1156.9939,896.4421,1156.9634,896.4727
227,1163.9804,928.2256,-6.7046,1065.9042,1164.1710,928.0351,1163.9804,928.2256
228,1171.5198,949.5177,-8.2836,1077.9005,1171.8284,949.2090,1171.5198,949.5177
229,1158.9756,944.0077,-11.4522,1068.0293,1159.5840,943.3993,1158.9756,944.0077
230,1123.4556,927.7745,19.7783,1040.0856,1125.4346,925.7954,1123.4556,927.7745
231,1081.5351,906.3667,31.8491,1006.9729,1087.1461,900.7556,1081.5351,906.3667
232,1118.5918,917.2634,-32.6556,1034.2996,1123.7561,912.0991,1118.5918,917.2634
233,1130.7044,888.7932,-19.3416,1031.7973,1132.2411,887.2565,1130.7044,888.7932
234,1126.6513,861.4729,-21.3460,1020.9143,1128.3586,859.7656,1126.6513,861.4729
235,1120.4736,937.2494,22.0954,1041.7289,1123.1005,934.6226,1120.4736,937.2494
236,1083.5458,925.0450,19.5845,1014.2001,1085.9298,922.6610,1083.5458,925.0450
237,1099.2694,925.2591,-28.7806,1024.6334,1103.9061,920.6225,1099.2694,925.2591
238,1120.3377,924.7323,-19.5541,1037.0251,1122.2733,922.7967,1120.3377,924.7323
239,1136.4495,901.3716,29.6347,1040.3170,1140.1277,897.6933,1136.4495,901.3716
240,1110.0615,904.1672,33.5843,1024.4303,1115.4010,898.8276,1110.0615,904.1672
241,1097.1962,913.8412,28.7710,1019.1984,1101.6048,909.4326,1097.1962,913.8412
242,1057.5830,911.1770,19.3029,993.0750,1060.0853,908.6748,1057.5830,911.1770
243,1082.9067,938.1685,15.3696,1018.6299,1084.5208,936.5544,1082.9067,938.1685
244,1125.0077,893.6102,-25.2018,1029.9362,1127.7207,890.8973,1125.0077,893.6102
245,1132.5084,862.1775,-5.7820,1024.5011,1132.6321,862.0539,1132.5084,862.1775
246,1137.7104,837.5961,9.3148,1021.4062,1137.9992,837.3073,1137.7104,837.5961
247,1049.2488,911.7862,-5.7179,987.7675,1049.4862,911.5487,1049.2488,911.7862
248,1140.4001,894.5748,28.3277,1040.6779,1143.6222,891.3527,1140.4001,894.5748
249,1114.4483,859.5201,45.2478,1014.4068,1122.2412,851.7272,1114.4483,859.5201
250,1022.3600,916.8150,-10.9145,974.0699,1023.4769,915.6981,1022.3600,916.8150
251,1038.2943,912.1537,-35.0447,983.1988,1047.3766,903.0714,1038.2943,912.1537
252,1062.9467,926.8591,-24.8399,1002.7825,1067.3390,922.4669,1062.9467,926.8591
253,1137.6690,886.9366,12.2701,1035.5475,1138.2681,886.3376,1137.6690,886.9366
254,1127.4091,862.5249,9.3513,1021.1975,1127.7388,862.1952,1127.4091,862.5249
255,1096.6219,865.8811,47.2818,1004.7349,1105.9347,856.5683,1096.6219,865.8811
256,1191.3288,977.5471,0.3452,1100.1286,1191.3294,977.5466,1191.3288,977.5471
257,1183.9941,973.3021,0.6219,1093.9727,1183.9960,973.3003,1183.9941,973.3021
258,1175.1786,971.3783,-1.7581,1087.6979,1175.1937,971.3632,1175.1786,971.3783
259,1141.6032,954.2845,14.2514,1060.7129,1142.6813,953.2065,1141.6032,954.2845
260,1155.4978,967.3703,-2.1302,1073.8714,1155.5219,967.3462,1155.4978,967.3703
261,1168.6642,962.3277,9.8770,1080.5116,1169.1359,961.8560,1168.6642,962.3277
262,1175.3568,954.6460,6.8882,1082.0838,1175.5716,954.4313,1175.3568,954.6460
263,1167.9216,919.1684,11.5355,1065.7364,1168.4554,918.6346,1167.9216,919.1684
264,1178.7273,960.3268,3.4096,1086.1386,1178.7805,960.2735,1178.7273,960.3268
265,1185.6083,973.0456,3.7304,1094.9318,1185.6737,972.9802,1185.6083,973.0456
266,1158.4533,908.0769,-6.5312,1055.8319,1158.6236,907.9067,1158.4533,908.0769
267,1171.7830,918.9463,2.4672,1068.0591,1171.8070,918.9223,1171.7830,918.9463
268,1159.2712,950.3257,-12.7928,1070.4366,1160.0516,949.5454,1159.2712,950.3257
269,1130.9214,932.2229,-25.4848,1046.7570,1134.1380,929.0063,1130.9214,932.2229
270,1167.9012,937.0695,-0.9158,1071.3031,1167.9048,937.0658,1167.9012,937.0695
271,1158.7338,921.2784,-2.6926,1060.1525,1158.7644,921.2479,1158.7338,921.2784
272,1137.3925,908.2772,18.4607,1042.3933,1138.8704,906.7993,1137.3925,908.2772
273,1139.7017,872.5539,25.7806,1033.3504,1142.1669,870.0887,1139.7017,872.5539
274,1065.9284,919.2759,21.9665,1001.4174,1069.1480,916.0563,1065.9284,919.2759
275,1144.8807,940.7486,-19.2766,1058.2200,1146.6851,938.9442,1144.8807,940.7486
276,1158.6572,959.1876,-11.9859,1073.1210,1159.3748,958.4699,1158.6572,959.1876
277,1140.2761,941.5536,12.3541,1055.2628,1141.0412,940.7885,1140.2761,941.5536
278,1149.4950,923.4236,-14.3929,1055.0832,1150.4076,922.5109,1149.4950,923.4236
279,1153.2301,912.8808,-14.1762,1054.1026,1154.0634,912.0475,1153.2301,912.8808
280,1141.2151,961.9913,-2.2631,1063.0031,1141.2437,961.9627,1141.2151,961.9913
281,1100.9088,934.1321,6.3455,1027.7789,1101.1499,933.8910,1100.9088,934.1321
282,1133.5181,916.1493,20.4591,1042.5817,1135.4269,914.2404,1133.5181,916.1493
283,1153.6915,930.1628,19.1287,1060.2753,1155.3167,928.5376,1153.6915,930.1628
284,1144.7679,837.7997,6.9680,1026.3826,1144.9260,837.6416,1144.7679,837.7997
285,1129.1277,855.8038,5.6186,1020.3491,1129.2431,855.6883,1129.1277,855.8038
286,1117.9170,867.9466,-22.8459,1017.0267,1119.9879,865.8758,1117.9170,867.9466
287,1133.2943,906.7859,-31.0788,1040.1246,1137.4812,902.5991,1133.2943,906.7859
288,1186.8625,973.1315,0.8249,1095.7446,1186.8657,973.1283,1186.8625,973.1315
289,1182.5232,966.0409,-6.1712,1090.5708,1182.6989,965.8652,1182.5232,966.0409
290,1073.2023,927.0963,-5.7027,1008.1698,1073.4245,926.8741,1073.2023,927.0963
291,1073.3297,919.3562,-15.1929,1005.5708,1074.8145,917.8714,1073.3297,919.3562
292,1038.3179,910.9859,-34.8887,982.7299,1047.2507,902.0532,1038.3179,910.9859
293,1173.3512,949.7425,-4.5105,1079.0938,1173.4421,949.6516,1173.3512,949.7425
294,1162.1621,942.3330,-8.6579,1069.4360,1162.5025,941.9925,1162.1621,942.3330
295,1105.2995,945.5627,14.8803,1035.0411,1106.6739,944.1884,1105.2995,945.5627
296,1059.4827,928.1549,21.4074,1000.9925,1062.8842,924.7534,1059.4827,928.1549
297,1064.8545,894.0031,-49.3719,994.2264,1078.0956,880.7620,1064.8545,894.0031
298,1098.1118,914.0823,-24.0364,1019.4924,1101.1994,910.9947,1098.1118,914.0823
299,1076.7461,923.9730,9.8437,1009.2148,1077.3777,923.3413,1076.7461,923.9730
300,1121.6749,933.7145,21.8589,1041.1948,1124.1835,931.2059,1121.6749,933.7145
301,1091.5999,883.8519,28.1194,1005.1587,1095.3387,880.1131,1091.5999,883.8519
302,1128.6496,918.5376,27.3056,1040.7166,1132.1402,915.0471,1128.6496,918.5376
303,1103.6138,902.1734,27.7262,1019.0856,1107.3604,898.4269,1103.6138,902.1734
304,1098.9058,910.8779,-25.5494,1018.9611,1102.3156,907.4681,1098.9058,910.8779
305,1098.9171,909.5385,-25.9957,1018.5278,1102.4206,906.0349,1098.9171,909.5385
306,1129.7852,840.5767,-21.6500,1017.2113,1131.3969,838.9650,1129.7852,840.5767
307,1074.2919,915.4006,28.0408,1005.4913,1079.0952,910.5972,1074.2919,915.4006
308,1051.4566,909.3992,2.8062,988.1284,1051.5120,909.3438,1051.4566,909.3992
309,1051.0253,932.0542,-3.1236,996.8932,1051.1073,931.9723,1051.0253,932.0542
310,1158.5456,885.6749,-7.4288,1049.1514,1158.7477,885.4728,1158.5456,885.6749
311,1148.1671,865.7289,-12.6747,1036.4626,1148.7347,865.1613,1148.1671,865.7289
312,1150.6548,864.7122,0.7611,1037.6657,1150.6568,864.7102,1150.6548,864.7122
313,1098.2490,931.0750,25.1702,1025.8655,1101.9565,927.3675,1098.2490,931.0750
314,1132.8826,932.7891,23.1606,1048.0397,1135.5284,930.1433,1132.8826,932.7891
315,1105.7156,933.1697,-9.6965,1030.4729,1106.2588,932.6265,1105.7156,933.1697
316,1057.2520,931.7351,-12.4693,1000.6497,1058.4788,930.5083,1057.2520,931.7351
317,1126.9453,864.1188,-22.2574,1021.9484,1128.8168,862.2472,1126.9453,864.1188
318,1108.0178,858.7065,43.5565,1009.6087,1115.4084,851.3160,1108.0178,858.7065
319,1125.0668,947.9120,6.6041,1047.8449,1125.3127,947.6661,1125.0668,947.9120
320,1155.8734,961.5048,10.7329,1072.1486,1156.4643,960.9139,1155.8734,961.5048
321,1154.0320,944.3540,18.1410,1065.2544,1155.5900,942.7961,1154.0320,944.3540
322,1178.3542,967.6868,6.7362,1088.4828,1178.5694,967.4716,1178.3542,967.6868
323,1178.5659,973.2202,-2.1492,1090.4975,1178.5883,973.1977,1178.5659,973.2202
324,1179.5079,968.8340,-6.1908,1089.6081,1179.6897,968.6522,1179.5079,968.8340
325,1170.0230,961.0615,-10.2473,1080.9459,1170.5243,960.5602,1170.0230,961.0615
326,1158.3719,963.3532,3.5414,1074.2398,1158.4362,963.2890,1158.3719,963.3532
327,1180.1663,947.4809,1.4632,1082.7437,1180.1755,947.4717,1180.1663,947.4809
328,1186.1505,959.2088,-0.1768,1090.5359,1186.1506,959.2087,1186.1505,959.2088
329,1186.5947,971.5032,-1.5614,1095.0125,1186.6061,971.4919,1186.5947,971.5032
330,1156.7713,924.2970,8.1888,1059.9272,1157.0594,924.0089,1156.7713,924.2970
331,1154.4689,909.7216,20.0485,1054.2070,1156.1003,908.0902,1154.4689,909.7216
332,1183.4413,974.9491,-1.2822,1094.1979,1183.4492,974.9413,1183.4413,974.9491
333,1186.4419,972.8185,-3.6531,1095.3847,1186.5044,972.7560,1186.4419,972.8185
334,1178.4754,934.5180,3.1162,1077.4279,1178.5152,934.4782,1178.4754,934.5180
335,1166.0883,901.7001,2.8312,1058.9557,1166.1186,901.6698,1166.0883,901.7001
336,1189.1060,966.8372,-0.4579,1095.0233,1189.1069,966.8363,1189.1060,966.8372
337,1183.9084,958.8241,-0.8360,1088.9559,1183.9115,958.8210,1183.9084,958.8241
338,1147.5032,887.6233,-8.2440,1042.2533,1147.7644,887.3621,1147.5032,887.6233
339,1137.6641,857.7498,-22.6842,1027.4857,1139.4905,855.9233,1137.6641,857.7498
340,1104.5524,927.6397,-15.3744,1027.9270,1105.8786,926.3136,1104.5524,927.6397
341,1127.3028,948.2481,-6.2304,1049.3521,1127.5193,948.0316,1127.3028,948.2481
342,1144.0270,931.6855,-13.7417,1054.2907,1144.9126,930.7999,1144.0270,931.6855
343,1137.8358,907.7814,-18.8228,1042.5422,1139.3657,906.2515,1137.8358,907.7814
344,1126.6262,912.1999,-32.4939,1037.7160,1131.4421,907.3840,1126.6262,912.1999
345,1153.5960,926.7433,-12.1177,1058.7681,1154.2414,926.0978,1153.5960,926.7433
346,1140.6220,911.0502,-22.5595,1045.6548,1142.8178,908.8544,1140.6220,911.0502
347,1144.3753,901.4470,-13.2174,1044.5726,1145.0924,900.7299,1144.3753,901.4470
348,1120.3126,925.6468,-18.5435,1037.2754,1122.0633,923.8962,1120.3126,925.6468
349,1132.8187,947.3347,-17.1328,1052.8264,1134.3879,945.7654,1132.8187,947.3347
350,1140.9808,933.0064,18.0779,1052.9844,1142.5405,931.4467,1140.9808,933.0064
351,1102.8433,930.0269,24.5101,1028.2712,1106.2523,926.6179,1102.8433,930.0269
352,1074.3601,923.3468,-0.8014,1007.3797,1074.3644,923.3426,1074.3601,923.3468
353,1167.3351,905.2862,-3.0274,1060.8815,1167.3701,905.2513,1167.3351,905.2862
354,1079.6773,925.3423,1.9013,1011.3858,1079.7007,925.3189,1079.6773,925.3423
355,1131.4828,916.6856,-19.2627,1041.3765,1133.1966,914.9718,1131.4828,916.6856
356,1109.2944,894.1446,-40.3513,1021.2951,1116.6133,886.8257,1109.2944,894.1446
357,1082.7614,895.8189,-31.1495,1003.9006,1087.8151,890.7652,1082.7614,895.8189
358,1105.7921,898.6665,-40.1271,1020.5243,1113.2943,891.1643,1105.7921,898.6665
359,1047.4376,900.2563,40.9712,984.7134,1058.0741,889.6197,1047.4376,900.2563
360,1029.6093,917.6311,24.9583,979.3923,1034.9202,912.3202,1029.6093,917.6311
361,1136.9077,877.0822,5.4208,1031.8716,1137.0207,876.9692,1136.9077,877.0822
362,1131.1027,922.4463,21.6117,1043.2259,1133.3176,920.2314,1131.1027,922.4463
363,1129.9234,889.4233,26.3866,1031.9444,1132.7844,886.5624,1129.9234,889.4233
364,1079.6855,940.0774,4.4354,1017.1221,1079.8263,939.9367,1079.6855,940.0774
365,1122.5848,917.0536,22.8261,1035.9907,1125.0894,914.5491,1122.5848,917.0536
366,1109.4775,919.1020,24.4962,1028.4775,1112.5790,916.0006,1109.4775,919.1020
367,1112.9987,940.0079,-10.0830,1037.5251,1113.5845,939.4222,1112.9987,940.0079
368,1110.9200,943.6430,-7.2754,1037.5222,1111.2358,943.3272,1110.9200,943.6430
369,1068.9449,922.0349,-30.1846,1004.9479,1074.9049,916.0748,1068.9449,922.0349
370,1175.8065,970.5899,4.7677,1087.8456,1175.9172,970.4792,1175.8065,970.5899
371,1189.0028,971.4640,0.2335,1096.5385,1189.0030,971.4638,1189.0028,971.4640
372,1123.8509,897.4410,-22.8909,1030.2540,1126.1421,895.1498,1123.8509,897.4410
373,1098.6387,868.5684,-49.1447,1007.1846,1108.6967,858.5104,1098.6387,868.5684
374,1052.5352,908.5028,10.8167,988.5988,1053.3430,907.6950,1052.5352,908.5028
375,1175.1844,942.1482,-2.5354,1077.7398,1175.2120,942.1206,1175.1844,942.1482
376,1150.4346,911.6830,-20.8482,1052.2062,1152.2414,909.8762,1150.4346,911.6830
377,1117.3955,852.2685,38.4711,1013.4364,1122.8649,846.7990,1117.3955,852.2685
378,1130.2685,877.7518,33.8392,1029.2206,1134.7245,873.2957,1130.2685,877.7518
379,1087.7983,915.5355,-19.7159,1013.2910,1090.0260,913.3078,1087.7983,915.5355
380,1101.7537,932.8890,6.7453,1027.8452,1102.0227,932.6199,1101.7537,932.8890
381,1115.3812,858.6419,-1.9799,1011.7509,1115.3965,858.6266,1115.3812,858.6419
382,1147.4018,875.8381,-5.2956,1038.6381,1147.5050,875.7348,1147.4018,875.8381
383,1024.0919,919.3435,-14.1151,976.2490,1025.9606,917.4748,1024.0919,919.3435
384,1147.6150,900.8717,24.0856,1047.1278,1149.9441,898.5426,1147.6150,900.8717
385,1151.6969,941.7046,15.4703,1062.7196,1152.8305,940.5710,1151.6969,941.7046
386,1131.2713,882.7897,-18.2544,1030.2511,1132.6051,881.4558,1131.2713,882.7897
387,1100.3922,901.7163,-39.7401,1018.0626,1108.0463,894.0622,1100.3922,901.7163
388,1087.1742,907.7352,-39.6244,1011.8176,1095.5347,899.3747,1087.1742,907.7352
389,1085.9797,923.1424,22.7367,1015.1752,1089.0948,920.0273,1085.9797,923.1424
390,1177.0444,961.0856,3.2359,1085.3156,1177.0929,961.0371,1177.0444,961.0856
391,1188.8799,967.8573,2.5763,1095.2338,1188.9100,967.8272,1188.8799,967.8573
392,1143.6891,954.7626,4.7354,1061.9379,1143.8078,954.6440,1143.6891,954.7626
393,1147.4532,957.9437,-12.3668,1065.6304,1148.2568,957.1400,1147.4532,957.9437
394,1147.6094,953.4269,-5.1020,1063.9298,1147.7434,953.2930,1147.6094,953.4269
395,1105.8298,951.7966,-3.6185,1037.4443,1105.9148,951.7117,1105.8298,951.7966
396,1162.3609,957.8741,5.4968,1074.8493,1162.5086,957.7265,1162.3609,957.8741
397,1162.8764,962.7072,8.6718,1076.9414,1163.2514,962.3322,1162.8764,962.7072
398,1151.6649,953.1376,5.9383,1066.4024,1151.8423,952.9602,1151.6649,953.1376
399,1158.0591,958.3224,12.9614,1072.4704,1158.8967,957.4849,1158.0591,958.3224
400,1135.8464,900.8700,16.8022,1038.8988,1137.0418,899.6746,1135.8464,900.8700
401,1143.7816,899.6311,7.9992,1043.4476,1144.0434,899.3693,1143.7816,899.6311
402,1186.0459,960.6248,-4.5971,1090.9735,1186.1396,960.5311,1186.0459,960.6248
403,1171.8190,941.5924,-7.8149,1075.4363,1172.0840,941.3274,1171.8190,941.5924
404,1174.4385,939.5115,6.7832,1076.4419,1174.6342,939.3158,1174.4385,939.5115
405,1188.7998,973.7204,-0.4480,1097.1866,1188.8008,973.7195,1188.7998,973.7204
406,1170.7079,968.8473,2.7419,1083.9776,1170.7451,968.8101,1170.7079,968.8473
407,1191.0444,977.1976,0.6934,1099.8262,1191.0467,977.1953,1191.0444,977.1976
408,1186.0529,976.0762,-1.4816,1096.2549,1186.0634,976.0658,1186.0529,976.0762
409,1174.4941,965.1371,-2.6526,1085.0803,1174.5277,965.1035,1174.4941,965.1371
410,1162.9862,959.5529,-4.1039,1075.8171,1163.0690,959.4702,1162.9862,959.5529
411,1182.2440,962.1602,-4.7937,1089.0427,1182.3483,962.0558,1182.2440,962.1602
412,1185.7467,958.8492,1.2038,1090.1555,1185.7530,958.8429,1185.7467,958.8492
413,1176.1315,950.9634,-7.5715,1081.3559,1176.3858,950.7091,1176.1315,950.9634
414,1167.8758,926.3309,-4.4750,1067.8218,1167.9587,926.2480,1167.8758,926.3309
415,1140.7825,877.1395,-6.4292,1034.5323,1140.9392,876.9828,1140.7825,877.1395
416,1157.9741,916.7179,-1.7563,1058.1821,1157.9869,916.7051,1157.9741,916.7179
417,1166.8347,944.5051,7.8441,1073.1712,1167.1111,944.2287,1166.8347,944.5051
418,1145.8231,868.2681,20.0147,1035.9152,1147.2590,866.8323,1145.8231,868.2681
419,1153.3886,890.9093,18.8594,1047.6293,1154.7367,889.5612,1153.3886,890.9093
420,1137.1178,916.1512,-18.0286,1044.7838,1138.5790,914.6899,1137.1178,916.1512
421,1117.3959,902.8144,-24.6194,1027.9419,1120.1843,900.0260,1117.3959,902.8144
422,1074.6213,932.5738,10.5147,1011.2729,1075.3954,931.7997,1074.6213,932.5738
423,1055.2527,929.0530,7.4326,998.2373,1055.6889,928.6167,1055.2527,929.0530
424,1110.0544,905.5706,-25.0893,1024.1751,1113.0878,902.5372,1110.0544,905.5706
425,1147.1820,899.7403,-12.9620,1045.8954,1147.8591,899.0632,1147.1820,899.7403
426,1135.5762,879.8230,-16.4161,1032.1454,1136.6256,878.7736,1135.5762,879.8230
427,1164.1036,917.2612,-9.6843,1062.5439,1164.4830,916.8819,1164.1036,917.2612
428,1162.6957,903.2336,-8.6949,1057.2290,1162.9867,902.9426,1162.6957,903.2336
429,1127.3357,908.0960,25.0967,1036.1875,1130.1719,905.2598,1127.3357,908.0960
430,1150.6329,924.0345,13.6813,1055.9985,1151.4560,923.2114,1150.6329,924.0345
431,1149.6511,903.5765,-5.3949,1048.5408,1149.7693,903.4582,1149.6511,903.5765
432,1154.5068,899.7528,-14.2502,1050.8471,1155.3015,898.9582,1154.5068,899.7528
433,1077.4040,922.2240,5.3467,1008.8481,1077.5880,922.0400,1077.4040,922.2240
434,1076.8379,940.0082,2.4848,1015.3706,1076.8830,939.9631,1076.8379,940.0082
435,1100.2947,924.6479,-28.9537,1025.0619,1104.9444,919.9982,1100.2947,924.6479
436,1122.1982,935.1403,-24.0121,1042.1771,1125.2314,932.1071,1122.1982,935.1403
437,1083.5989,925.8953,25.0074,1014.9116,1087.4694,922.0248,1083.5989,925.8953
438,1115.7238,921.0181,25.9590,1033.2152,1119.1253,917.6165,1115.7238,921.0181
439,1100.0436,917.8507,29.2427,1022.4654,1104.6221,913.2722,1100.0436,917.8507
440,1189.7247,975.3506,0.0673,1098.3419,1189.7247,975.3506,1189.7247,975.3506
441,1189.1651,975.2396,1.5792,1097.9492,1189.1767,975.2279,1189.1651,975.2396
442,1133.1345,930.8455,-26.7125,1047.7760,1136.6024,927.3775,1133.1345,930.8455
443,1147.5006,942.9027,-19.3709,1060.6448,1149.3184,941.0849,1147.5006,942.9027
444,1160.7537,958.8620,-6.4171,1074.1910,1160.9574,958.6583,1160.7537,958.8620
445,1155.5250,947.2722,-9.6314,1066.8853,1155.9695,946.8277,1155.5250,947.2722
446,1086.7587,933.8127,-22.5869,1019.6823,1090.0246,930.5468,1086.7587,933.8127
447,1082.2862,918.9936,-13.0392,1010.8356,1083.3209,917.9590,1082.2862,918.9936
448,1150.7756,904.4606,3.3598,1049.5409,1150.8214,904.4148,1150.7756,904.4606
449,1080.9420,921.5192,13.4446,1010.9732,1082.0679,920.3933,1080.9420,921.5192
450,1093.4388,919.6157,26.7209,1018.7738,1097.4538,915.6008,1093.4388,919.6157
451,1092.5582,886.4635,-29.5813,1006.7836,1096.7201,882.3017,1092.5582,886.4635
452,1114.7095,892.5651,-40.3158,1024.2924,1121.7999,885.4747,1114.7095,892.5651
453,1160.0850,929.2461,-16.4437,1064.0030,1161.2505,928.0806,1160.0850,929.2461
454,1058.0961,933.3412,-4.9291,1001.5994,1058.2905,933.1468,1058.0961,933.3412
455,1121.4953,954.0690,4.0371,1047.8856,1121.5926,953.9717,1121.4953,954.0690
456,1110.2907,935.3047,18.2958,1034.4489,1112.1832,933.4122,1110.2907,935.3047
457,1058.6854,891.9406,-45.9940,989.1585,1070.5306,880.0953,1058.6854,891.9406
458,1086.0230,909.6033,-38.8188,1011.6792,1094.1868,901.4395,1086.0230,909.6033
459,1089.9397,913.8580,-21.5373,1014.1235,1092.5357,911.2619,1089.9397,913.8580
460,1063.5891,904.6516,-23.2802,994.5173,1066.9289,901.3118,1063.5891,904.6516
461,1088.3006,927.0773,-25.4380,1018.2696,1092.2190,923.1589,1088.3006,927.0773
462,1100.4273,882.4333,32.5215,1010.8155,1105.1756,877.6850,1100.4273,882.4333
463,1143.9146,860.9547,-0.9940,1031.9535,1143.9181,860.9512,1143.9146,860.9547
464,1118.5882,864.0359,-20.9642,1016.1770,1120.3032,862.3209,1118.5882,864.0359
465,1121.7938,863.4978,-12.2168,1017.7578,1122.3703,862.9213,1121.7938,863.4978
466,1124.0185,943.2643,18.1526,1045.9002,1125.8235,941.4594,1124.0185,943.2643
467,1105.8241,939.0621,19.6369,1033.1524,1108.1052,936.7810,1105.8241,939.0621
468,1072.5610,897.9899,-27.9138,997.9787,1076.9157,893.6351,1072.5610,897.9899
469,1079.5142,896.6652,-32.0957,1002.2410,1084.9844,891.1951,1079.5142,896.6652
470,1111.9244,856.7727,-42.4123,1011.5163,1118.7896,849.9075,1111.9244,856.7727
471,1122.6689,886.3051,-36.8258,1027.1141,1128.2735,880.7004,1122.6689,886.3051
472,1097.3325,946.3772,-1.0832,1030.1852,1097.3402,946.3695,1097.3325,946.3772
473,1074.4621,937.6770,-3.3440,1013.0360,1074.5438,937.5953,1074.4621,937.6770
474,1169.0231,965.3812,2.4568,1081.6843,1169.0527,965.3515,1169.0231,965.3812
475,1187.1785,975.4515,1.7728,1096.7556,1187.1934,975.4367,1187.1785,975.4515
476,1183.7942,969.3774,-1.0718,1092.4840,1183.7995,969.3720,1183.7942,969.3774
477,1161.0303,963.7746,-9.2218,1076.1675,1161.4605,963.3444,1161.0303,963.7746
478,1151.8369,960.5223,7.9227,1069.1841,1152.1644,960.1947,1151.8369,960.5223
479,1164.8351,966.4948,6.3963,1079.4761,1165.0411,966.2888,1164.8351,966.4948
480,1183.3944,953.1739,4.0854,1086.7530,1183.4669,953.1014,1183.3944,953.1739
481,1172.6316,944.0865,9.0254,1076.8207,1172.9875,943.7306,1172.6316,944.0865
482,1156.4005,931.9570,11.4686,1062.3018,1156.9850,931.3725,1156.4005,931.9570
483,1184.0461,970.8232,-1.3451,1093.1463,1184.0545,970.8147,1184.0461,970.8232
484,1189.2708,976.2471,1.6685,1098.3668,1189.2838,976.2340,1189.2708,976.2471
485,1148.1223,935.0126,14.0494,1058.0722,1149.0445,934.0904,1148.1223,935.0126
486,1173.6329,958.7221,9.8261,1082.4343,1174.0812,958.2738,1173.6329,958.7221
487,1168.6281,965.6686,-8.9418,1081.6376,1169.0212,965.2754,1168.6281,965.6686
488,1154.5030,960.1646,-10.7330,1070.8062,1155.0940,959.5736,1154.5030,960.1646
489,1155.3113,917.4843,5.7504,1056.7123,1155.4502,917.3453,1155.3113,917.4843
490,1149.9178,917.5815,10.6527,1053.3109,1150.4053,917.0941,1149.9178,917.5815
491,1189.4334,967.5719,-2.1009,1095.4899,1189.4533,967.5520,1189.4334,967.5719
492,1191.9379,976.3540,-0.2311,1100.1045,1191.9381,976.3538,1191.9379,976.3540
493,1103.6963,934.9793,-1.7526,1029.7611,1103.7146,934.9611,1103.6963,934.9793
494,1103.6536,949.6955,1.5199,1035.2994,1103.6686,949.6805,1103.6536,949.6955
495,1172.1138,932.6171,-6.2007,1072.6637,1172.2742,932.4566,1172.1138,932.6171
496,1178.7331,953.8298,-7.8244,1084.0092,1179.0050,953.5579,1178.7331,953.8298
497,1171.3470,962.7629,9.9630,1082.3745,1171.8218,962.2881,1171.3470,962.7629
498,1123.2199,941.7750,-10.1786,1044.5351,1123.7891,941.2058,1123.2199,941.7750
499,1140.6229,944.4031,-19.0097,1056.7848,1142.4476,942.5785,1140.6229,944.4031
500,1166.2427,935.3736,-6.9930,1069.7289,1166.4544,935.1620,1166.2427,935.3736
501,1167.8605,937.3939,-10.1345,1071.5261,1168.3053,936.9491,1167.8605,937.3939
502,1147.7721,922.5881,21.6236,1054.0548,1149.8298,920.5304,1147.7721,922.5881
503,1132.1580,904.8426,26.9394,1038.3999,1135.3070,901.6936,1132.1580,904.8426
504,1130.6307,937.4853,-13.6455,1047.7659,1131.5900,936.5261,1130.6307,937.4853
505,1121.0982,938.7544,-11.9476,1042.1676,1121.8777,937.9749,1121.0982,938.7544
506,1148.7685,957.1294,-0.3518,1065.9484,1148.7692,957.1287,1148.7685,957.1294
507,1126.0731,945.2267,-13.9830,1047.7053,1127.1478,944.1519,1126.0731,945.2267
508,1130.6147,879.8796,-32.7627,1029.9966,1134.8250,875.6693,1130.6147,879.8796
509,1137.8354,953.8814,-13.3584,1058.1751,1138.8004,952.9164,1137.8354,953.8814
510,1107.1045,949.1657,-7.2864,1037.2702,1107.4399,948.8303,1107.1045,949.1657
511,1186.4105,965.5177,-0.1024,1092.8376,1186.4105,965.5177,1186.4105,965.5177
512,1183.5517,966.6633,-0.2825,1091.3921,1183.5520,966.6629,1183.5517,966.6633
513,1148.3860,945.5394,18.3486,1062.0739,1150.0323,943.8931,1148.3860,945.5394
514,1127.6996,943.4606,11.2901,1047.9821,1128.3889,942.7714,1127.6996,943.4606
515,1145.3053,907.5936,12.5487,1047.1155,1145.9659,906.9330,1145.3053,907.5936
516,1141.5266,883.8249,7.1683,1037.0506,1141.7259,883.6257,1141.5266,883.8249
517,1095.1091,933.3829,-5.8722,1023.9214,1095.3220,933.1700,1095.1091,933.3829
518,1116.6505,902.3780,30.5940,1027.7945,1120.9331,898.0954,1116.6505,902.3780
519,1081.1626,896.5028,31.1419,1003.1321,1086.2730,891.3923,1081.1626,896.5028
520,1124.2677,949.5375,14.5757,1048.1901,1125.4753,948.3300,1124.2677,949.5375
521,1104.6354,921.0635,20.9043,1025.8893,1106.9858,918.7131,1104.6354,921.0635
522,1121.7834,939.9718,8.2059,1042.9296,1122.1530,939.6022,1121.7834,939.9718
523,1080.3424,940.1260,9.0932,1017.6280,1080.9296,939.5388,1080.3424,940.1260
524,1155.5480,918.7800,-9.3327,1057.3622,1155.9153,918.4127,1155.5480,918.7800
525,1165.2810,934.2456,-6.5837,1068.7217,1165.4684,934.0582,1165.2810,934.2456
526,1100.4310,926.8889,25.7620,1025.7121,1104.1746,923.1454,1100.4310,926.8889
527,1078.3897,912.0606,29.2506,1006.8708,1083.3837,907.0665,1078.3897,912.0606
528,1142.0920,880.8907,-20.6986,1037.0968,1143.7221,879.2606,1142.0920,880.8907
529,1119.3438,849.4418,-35.8179,1013.6632,1124.0161,844.7694,1119.3438,849.4418
530,1129.3663,921.5246,-18.8855,1041.6367,1131.0684,919.8225,1129.3663,921.5246
531,1144.6483,924.6595,-25.0078,1052.9393,1147.4553,921.8525,1144.6483,924.6595
532,1137.9809,927.2760,-26.3039,1049.6164,1141.2150,924.0419,1137.9809,927.2760
533,1126.3476,908.9620,-32.8402,1036.4840,1131.2004,904.1092,1126.3476,908.9620
534,1170.8481,946.4890,3.5820,1076.3690,1170.9052,946.4318,1170.8481,946.4890
535,1179.9442,956.8490,4.0661,1085.7483,1180.0183,956.7749,1179.9442,956.8490
536,1145.1433,940.1466,13.2231,1057.8993,1145.9928,939.2972,1145.1433,940.1466
537,1137.0289,942.0532,12.9893,1053.4056,1137.8904,941.1917,1137.0289,942.0532
538,1113.6667,872.3905,26.6390,1015.8225,1116.5729,869.4843,1113.6667,872.3905
539,1123.9283,891.3501,23.4789,1028.3773,1126.2748,889.0035,1123.9283,891.3501
540,1129.6480,845.7079,30.4941,1019.1976,1132.8860,842.4699,1129.6480,845.7079
541,1131.0105,883.3899,16.6620,1030.1806,1132.1266,882.2737,1131.0105,883.3899
542,1061.1330,899.0327,21.5979,990.7922,1063.9613,896.2044,1061.1330,899.0327
543,1157.2550,923.2035,17.6560,1060.2345,1158.5794,921.8791,1157.2550,923.2035
544,1162.2029,938.8392,10.4858,1068.3365,1162.6941,938.3480,1162.2029,938.8392
545,1179.8609,972.1170,3.1048,1090.9396,1179.9073,972.0706,1179.8609,972.1170
546,1164.4005,963.4803,1.5038,1078.0782,1164.4117,963.4690,1164.4005,963.4803
547,1146.1286,960.7930,-7.7939,1065.7035,1146.4558,960.4659,1146.1286,960.7930
548,1191.8977,976.8929,-0.2341,1100.2652,1191.8979,976.8926,1191.8977,976.8929
549,1188.1835,975.7638,2.1201,1097.5072,1188.2047,975.7426,1188.1835,975.7638
550,1173.3065,960.1961,10.3916,1082.7485,1173.8120,959.6906,1173.3065,960.1961
551,1170.1619,954.5855,6.8979,1078.7194,1170.3824,954.3650,1170.1619,954.5855
552,1168.6372,968.4080,-4.8506,1082.5340,1168.7546,968.2906,1168.6372,968.4080
553,1180.6778,972.3358,1.7105,1091.5267,1180.6919,972.3217,1180.6778,972.3358
554,1180.5387,966.9214,6.4994,1089.6087,1180.7362,966.7238,1180.5387,966.9214
555,1170.2986,964.2165,-9.0600,1082.1910,1170.6961,963.8189,1170.2986,964.2165
556,1177.7889,967.2285,-4.0722,1087.9230,1177.8677,967.1498,1177.7889,967.2285
557,1135.5438,959.7837,-5.7364,1058.7100,1135.7309,959.5966,1135.5438,959.7837
558,1154.3627,963.6344,-6.3119,1071.8584,1154.5713,963.4257,1154.3627,963.6344
559,1158.4488,961.7325,0.9888,1073.6936,1158.4537,961.7275,1158.4488,961.7325
560,1170.7023,966.9579,0.6460,1083.2972,1170.7044,966.9558,1170.7023,966.9579
561,1191.3229,974.2840,-1.0898,1098.9978,1191.3284,974.2785,1191.3229,974.2840
562,1186.7271,970.5649,-2.9082,1094.7818,1186.7662,970.5258,1186.7271,970.5649
563,1149.5239,941.7865,-19.3826,1061.5498,1151.3169,939.9935,1149.5239,941.7865
564,1131.3309,939.1073,-12.9667,1048.7590,1132.2017,938.2366,1131.3309,939.1073
565,1148.2310,930.9560,15.6076,1056.8310,1149.3464,929.8405,1148.2310,930.9560
566,1162.2390,932.6559,6.6629,1066.2132,1162.4322,932.4627,1162.2390,932.6559
567,1171.7598,952.0171,7.5944,1078.8861,1172.0219,951.7549,1171.7598,952.0171
568,1166.9290,939.3724,4.7489,1071.4618,1167.0280,939.2733,1166.9290,939.3724
569,1151.7350,884.8155,3.4740,1044.2007,1151.7802,884.7703,1151.7350,884.8155
570,1156.1598,909.8052,-9.8369,1054.9223,1156.5520,909.4131,1156.1598,909.8052
571,1155.1499,959.1058,3.8317,1070.6952,1155.2247,959.0310,1155.1499,959.1058
572,1116.2567,945.2216,8.0191,1041.4201,1116.6319,944.8464,1116.2567,945.2216
573,1077.4071,896.4333,29.5917,1000.6009,1082.1228,891.7175,1077.4071,896.4333
574,1099.0979,898.0417,35.8811,1015.5401,1105.3094,891.8301,1099.0979,898.0417
575,1131.4523,945.6078,14.5996,1051.2315,1132.5923,944.4678,1131.4523,945.6078
576,1137.3253,948.5259,5.3051,1055.7046,1137.4743,948.3770,1137.3253,948.5259
577,1179.5086,958.8768,-2.5476,1086.1405,1179.5380,958.8473,1179.5086,958.8768
578,1179.9496,939.1104,2.5439,1079.8731,1179.9764,939.0836,1179.9496,939.1104
579,1149.1970,915.4730,-16.0491,1052.3585,1150.2939,914.3761,1149.1970,915.4730
580,1151.5148,904.6152,5.6599,1050.1111,1151.6445,904.4855,1151.5148,904.6152
581,1145.7735,952.9389,-15.2395,1062.8895,1146.9704,951.7420,1145.7735,952.9389
582,1169.1277,955.9557,-6.3974,1078.5172,1169.3195,955.7639,1169.1277,955.9557
583,1146.5828,951.5555,8.1125,1062.6713,1146.9197,951.2186,1146.5828,951.5555
584,1161.5036,954.7307,14.2063,1073.4447,1162.4750,953.7592,1161.5036,954.7307
585,1181.2728,955.2606,-1.0875,1086.0517,1181.2780,955.2554,1181.2728,955.2606
586,1169.1891,944.2619,-12.6494,1074.7525,1169.8982,943.5528,1169.1891,944.2619
587,1174.1521,964.6569,-3.0382,1084.6981,1174.1962,964.6129,1174.1521,964.6569
588,1164.5135,951.4052,-14.5868,1074.2335,1165.5073,950.4114,1164.5135,951.4052
589,1122.0135,865.0362,20.6232,1018.7716,1123.6581,863.3916,1122.0135,865.0362
590,1121.8931,864.6140,22.7483,1018.6999,1123.8890,862.6182,1121.8931,864.6140
591,1083.1401,916.2364,19.6955,1010.6597,1085.4328,913.9438,1083.1401,916.2364
592,1140.4388,956.6629,12.0048,1060.7645,1141.2196,955.8820,1140.4388,956.6629
593,1104.6491,947.5440,10.6929,1035.2433,1105.3736,946.8196,1104.6491,947.5440
594,1180.9015,955.0999,-3.4090,1085.7717,1180.9529,955.0485,1180.9015,955.0999
595,1182.9458,962.8874,5.3553,1089.7501,1183.0760,962.7571,1182.9458,962.8874
596,1159.3450,920.7512,-13.4404,1060.6306,1160.0997,919.9965,1159.3450,920.7512
597,1135.8814,920.4745,23.8052,1045.7773,1138.4809,917.8751,1135.8814,920.4745
598,1120.7294,915.6857,25.9652,1034.5537,1123.9664,912.4488,1120.7294,915.6857
599,1163.2801,902.3007,11.8642,1057.4313,1163.8184,901.7625,1163.2801,902.3007
600,1154.8928,883.7434,14.7003,1046.3265,1155.6874,882.9488,1154.8928,883.7434
601,1130.9968,871.4913,-29.7394,1027.4484,1134.3613,868.1268,1130.9968,871.4913
602,1140.4641,891.9741,-25.5888,1039.7000,1143.0718,889.3664,1140.4641,891.9741
603,1140.7307,917.6656,25.6422,1048.1126,1143.6405,914.7559,1140.7307,917.6656
604,1151.3121,916.9422,21.5485,1054.5183,1153.2768,914.9775,1151.3121,916.9422
605,1116.7939,944.6109,-0.6834,1041.4336,1116.7966,944.6082,1116.7939,944.6109
606,1097.0340,933.7161,0.4122,1025.1788,1097.0350,933.7151,1097.0340,933.7161
607,1121.5264,935.4949,-26.3079,1042.0491,1125.1752,931.8461,1121.5264,935.4949
608,1104.1983,928.9416,-16.1208,1028.2170,1105.6688,927.4711,1104.1983,928.9416
609,1113.6883,935.8558,-22.7774,1037.0306,1116.5594,932.9847,1113.6883,935.8558
610,1191.2788,972.8146,-0.5905,1098.4630,1191.2804,972.8130,1191.2788,972.8146
611,1184.9424,972.5516,-1.6343,1094.3196,1184.9550,972.5390,1184.9424,972.5516
612,1121.5251,886.1082,38.6622,1026.4979,1127.7120,879.9214,1121.5251,886.1082
613,1180.3232,971.2778,0.3346,1090.9271,1180.3237,971.2773,1180.3232,971.2778
614,1168.8024,965.8969,8.5263,1081.8186,1169.1601,965.5393,1168.8024,965.8969
615,1155.9297,960.8569,-2.1402,1071.7976,1155.9532,960.8335,1155.9297,960.8569
616,1141.4556,951.9613,-2.5922,1059.5045,1141.4911,951.9258,1141.4556,951.9613
617,1153.9914,937.1362,18.3303,1062.7706,1155.5299,935.5977,1153.9914,937.1362
618,1158.6762,938.2930,18.5477,1066.1982,1160.2263,936.7429,1158.6762,938.2930
619,1187.4815,972.3886,0.6885,1095.8831,1187.4837,972.3864,1187.4815,972.3886
620,1189.6062,976.0735,-0.4014,1098.5171,1189.6069,976.0727,1189.6062,976.0735
621,1174.1072,963.3930,3.2453,1084.2318,1174.1571,963.3430,1174.1072,963.3930
622,1174.6640,968.4129,6.1436,1086.3759,1174.8468,968.2301,1174.6640,968.4129
623,1190.3340,972.7662,-1.3273,1097.8423,1190.3421,972.7582,1190.3340,972.7662
624,1180.2979,971.9361,-2.2190,1091.1478,1180.3215,971.9125,1180.2979,971.9361
625,1143.2979,957.8590,-11.3945,1062.9653,1143.9954,957.1614,1143.2979,957.8590
626,1143.9335,948.7996,-8.0843,1060.0175,1144.2679,948.4653,1143.9335,948.7996
627,1187.4419,974.8502,0.9922,1096.7115,1187.4465,974.8456,1187.4419,974.8502
628,1191.1073,975.9810,-0.2637,1099.4442,1191.1076,975.9807,1191.1073,975.9810
629,1149.1747,962.0747,-2.2833,1067.9953,1149.2026,962.0468,1149.1747,962.0747
630,1137.8414,950.2764,8.9135,1056.7321,1138.2640,949.8538,1137.8414,950.2764
631,1173.8397,947.8841,-4.5677,1078.7876,1173.9320,947.7918,1173.8397,947.8841
632,1177.7194,946.0210,-3.5485,1080.6800,1177.7738,945.9667,1177.7194,946.0210
633,1174.8460,967.6961,-6.4109,1086.2450,1175.0443,967.4978,1174.8460,967.6961
634,1163.5798,964.3028,-0.1238,1077.8472,1163.5799,964.3027,1163.5798,964.3028
635,1158.9310,922.7710,2.8836,1060.7660,1158.9662,922.7358,1158.9310,922.7710
636,1171.2706,925.5377,9.0554,1069.8998,1171.6038,925.2044,1171.2706,925.5377
637,1114.9791,886.7967,33.5234,1021.8603,1119.8022,881.9736,1114.9791,886.7967
638,1163.2450,952.3591,13.2139,1073.6962,1164.0698,951.5343,1163.2450,952.3591
639,1160.6355,944.2025,11.9378,1069.1799,1161.2920,943.5460,1160.6355,944.2025
640,1139.6803,937.0863,-13.8507,1053.3749,1140.6228,936.1438,1139.6803,937.0863
641,1147.4756,932.8999,-13.5162,1056.9156,1148.3236,932.0519,1147.4756,932.8999
642,1171.4465,918.9997,6.7385,1067.9067,1171.6263,918.8199,1171.4465,918.9997
643,1176.5244,933.8754,6.4269,1075.9785,1176.6945,933.7053,1176.5244,933.8754
644,1185.4303,970.0745,3.4395,1093.7867,1185.4852,970.0196,1185.4303,970.0745
645,1162.7148,903.2537,2.8915,1057.1526,1162.7470,903.2215,1162.7148,903.2537
646,1154.7047,898.9732,8.7652,1050.5606,1155.0048,898.6731,1154.7047,898.9732
647,1105.9774,871.9570,-22.1154,1010.2463,1108.0490,869.8853,1105.9774,871.9570
648,1180.2489,959.4672,-5.1215,1086.8456,1180.3676,959.3484,1180.2489,959.4672
649,1158.9385,954.6854,-13.2022,1071.7574,1159.7883,953.8356,1158.9385,954.6854
650,1089.2455,883.4361,39.1240,1004.6036,1096.4320,876.2496,1089.2455,883.4361
651,1106.2486,890.6799,39.7729,1018.1007,1113.3527,883.5758,1106.2486,890.6799
652,1181.3300,973.9679,-3.2616,1092.5239,1181.3813,973.9166,1181.3300,973.9679
653,1174.6814,969.3998,1.5677,1086.6848,1174.6934,969.3878,1174.6814,969.3998
654,1150.9899,935.5608,-19.5574,1060.3670,1152.7510,933.7997,1150.9899,935.5608
655,1174.7640,950.6833,0.1739,1080.2966,1174.7642,950.6831,1174.7640,950.6833
656,1178.4972,969.9235,-0.4878,1089.2914,1178.4983,969.9224,1178.4972,969.9235
657,1168.0071,966.7774,-0.9438,1081.5262,1168.0115,966.7730,1168.0071,966.7774
658,1180.1820,952.3086,-6.6266,1084.4148,1180.3746,952.1161,1180.1820,952.3086
659,1186.4074,967.3888,-3.7358,1093.4936,1186.4711,967.3251,1186.4074,967.3888
660,1191.5152,977.7284,-0.1855,1100.3105,1191.5154,977.7283,1191.5152,977.7284
661,1190.4099,976.5637,0.5171,1099.2006,1190.4111,976.5624,1190.4099,976.5637
662,1141.6897,922.5891,17.9443,1049.8960,1143.1496,921.1292,1141.6897,922.5891
663,1165.4807,924.8831,12.6382,1065.9736,1166.1428,924.2211,1165.4807,924.8831
664,1183.6411,972.0364,3.7488,1093.3256,1183.7075,971.9701,1183.6411,972.0364
665,1182.9479,973.0123,3.9830,1093.2262,1183.0235,972.9368,1182.9479,973.0123
666,1175.4175,964.7730,2.7776,1085.5438,1175.4542,964.7363,1175.4175,964.7730
667,1178.7894,969.8249,6.0995,1089.4940,1178.9673,969.6470,1178.7894,969.8249
668,1163.1111,928.2991,-10.4421,1065.4477,1163.5746,927.8357,1163.1111,928.2991
669,1159.7519,930.7654,-12.1844,1064.1133,1160.3984,930.1189,1159.7519,930.7654
670,1052.1060,901.5677,44.1814,988.4648,1064.1148,889.5589,1052.1060,901.5677
671,1121.7788,942.8551,2.6787,1043.8918,1121.8189,942.8150,1121.7788,942.8551
672,1127.1578,957.3130,-6.9208,1052.6318,1127.4393,957.0314,1127.1578,957.3130
673,1137.4419,947.2502,-9.2937,1055.4023,1137.8949,946.7971,1137.4419,947.2502
674,1144.4709,950.9472,-14.4955,1061.3262,1145.5506,949.8675,1144.4709,950.9472
675,1177.6317,971.8180,-1.8518,1089.4096,1177.6484,971.8013,1177.6317,971.8180
676,1174.8052,969.4207,-0.1497,1086.7674,1174.8054,969.4206,1174.8052,969.4207
677,1123.2938,954.4780,8.1362,1049.2171,1123.6850,954.0868,1123.2938,954.4780
678,1143.2912,956.7066,1.7635,1062.3640,1143.3078,956.6899,1143.2912,956.7066
679,1162.8248,931.3006,14.1663,1066.3700,1163.6884,930.4370,1162.8248,931.3006
680,1171.0214,932.7632,10.3572,1072.0888,1171.4708,932.3138,1171.0214,932.7632
681,1131.7619,868.3277,-17.2799,1026.1742,1132.8905,867.1990,1131.7619,868.3277
682,1138.4238,929.7771,17.8466,1050.2235,1139.9393,928.2616,1138.4238,929.7771
683,1128.5741,931.1199,18.4889,1044.4384,1130.2904,929.4036,1128.5741,931.1199
684,1155.3464,955.7689,13.3781,1069.8655,1156.2391,954.8762,1155.3464,955.7689
685,1139.6980,946.3549,17.6940,1056.8252,1141.3039,944.7490,1139.6980,946.3549
686,1055.3087,910.1184,-2.9836,990.7385,1055.3700,910.0571,1055.3087,910.1184
687,1052.7107,917.0658,4.9045,991.9056,1052.8878,916.8887,1052.7107,917.0658
688,1156.6285,946.3323,9.3443,1067.2588,1157.0429,945.9179,1156.6285,946.3323
689,1141.3670,948.1307,15.0853,1058.3893,1142.5375,946.9601,1141.3670,948.1307
690,1178.3709,955.9311,9.0217,1084.5114,1178.7362,955.5658,1178.3709,955.9311
691,1178.4857,945.1119,6.1498,1080.9151,1178.6476,944.9499,1178.4857,945.1119
692,1165.2497,907.9443,11.0411,1060.4497,1165.7226,907.4714,1165.2497,907.9443
693,1183.0778,967.5021,1.8761,1091.3815,1183.0941,967.4858,1183.0778,967.5021
694,1183.5947,966.7567,0.9396,1091.4529,1183.5988,966.7526,1183.5947,966.7567
695,1126.4658,835.1747,-8.0584,1012.8381,1126.6885,834.9519,1126.4658,835.1747
696,1164.6563,937.5603,9.1552,1069.4670,1165.0248,937.1918,1164.6563,937.5603
697,1176.5028,959.4807,-2.8955,1084.4148,1176.5414,959.4421,1176.5028,959.4807
698,1169.4811,951.6044,-9.4715,1077.3220,1169.8921,951.1934,1169.4811,951.6044
699,1184.0146,973.8447,3.1694,1094.1882,1184.0624,973.7969,1184.0146,973.8447
700,1188.9778,977.0059,-0.8563,1098.4410,1188.9813,977.0024,1188.9778,977.0059
701,1138.7079,961.5044,4.4216,1061.2881,1138.8182,961.3942,1138.7079,961.5044
702,1183.6417,968.6534,1.3523,1092.1374,1183.6502,968.6449,1183.6417,968.6534
703,1058.3506,911.5951,-18.7593,993.6700,1060.7105,909.2351,1058.3506,911.5951
704,1156.5349,961.6870,6.6321,1072.5308,1156.7604,961.4616,1156.5349,961.6870
705,1188.9510,976.8837,-0.9543,1098.3816,1188.9553,976.8794,1188.9510,976.8837
706,1188.8207,973.1039,0.3876,1096.9869,1188.8214,973.1032,1188.8207,973.1039
707,1180.6370,961.6391,6.0296,1087.8492,1180.8028,961.4732,1180.6370,961.6391
708,1186.8027,972.0721,0.7067,1095.3394,1186.8050,972.0698,1186.8027,972.0721
709,1187.7634,959.6195,-1.0914,1091.7207,1187.7686,959.6142,1187.7634,959.6195
710,1095.5918,870.8324,-49.9039,1006.0143,1106.1738,860.2503,1095.5918,870.8324
711,1165.4607,948.1879,12.9409,1073.6786,1166.2288,947.4199,1165.4607,948.1879
712,1154.7227,936.3529,15.0470,1062.8229,1155.7546,935.3209,1154.7227,936.3529
713,1085.0449,890.2934,-28.8766,1003.2139,1089.2364,886.1020,1085.0449,890.2934
714,1125.6415,876.6413,-28.8972,1025.3244,1128.9511,873.3317,1125.6415,876.6413
715,1105.2611,880.3947,-31.4717,1013.2138,1109.5827,876.0731,1105.2611,880.3947
716,1116.1757,888.6008,-39.4108,1023.8577,1122.8075,881.9691,1116.1757,888.6008
717,1183.1352,965.3663,2.2269,1090.6865,1183.1579,965.3435,1183.1352,965.3663
718,1167.3331,969.9739,-2.2597,1082.2424,1167.3589,969.9480,1167.3331,969.9739
719,1122.1742,850.2667,-36.7028,1015.9342,1127.0413,845.3996,1122.1742,850.2667
720,1047.1824,916.1487,-25.0408,989.1541,1051.8047,911.5264,1047.1824,916.1487
721,1169.8147,967.0091,4.7818,1082.7835,1169.9274,966.8964,1169.8147,967.0091
722,1153.6475,966.0667,-0.8306,1072.2356,1153.6512,966.0631,1153.6475,966.0667
723,1128.7742,848.2928,-34.2723,1019.6689,1132.9013,844.1658,1128.7742,848.2928
724,1074.0392,927.6952,-21.2271,1009.5293,1077.0560,924.6785,1074.0392,927.6952
725,1061.7402,920.5051,-29.7879,999.9733,1067.7657,914.4796,1061.7402,920.5051
726,1118.3543,940.4297,10.4122,1041.0168,1118.9616,939.8225,1118.3543,940.4297
727,1124.0201,957.6529,-0.6503,1050.7618,1124.0226,957.6504,1124.0201,957.6529
728,1150.0198,957.4700,1.3690,1066.8601,1150.0295,957.4603,1150.0198,957.4700
729,1137.0826,855.1913,-10.2590,1025.7688,1137.4554,854.8184,1137.0826,855.1913
730,1143.7734,861.4986,1.4039,1032.0098,1143.7804,861.4916,1143.7734,861.4986
731,1058.9247,916.6436,-9.9463,995.5889,1059.6166,915.9516,1058.9247,916.6436
732,1037.4547,914.2028,-34.9216,983.5109,1046.6615,904.9960,1037.4547,914.2028
733,1094.3076,888.4556,34.5113,1009.0549,1099.9394,882.8238,1094.3076,888.4556
734,1140.4966,837.0158,1.5632,1023.0941,1140.5047,837.0077,1140.4966,837.0158
