face,S11,S22,S12,von_mises,principal_1,principal_2,T_wale_Nm,T_course_Nm
0,2978.4574,9561.5053,3.7792,8474.3789,9561.5074,2978.4552,2978.4574,9561.5053
1,2982.5227,9565.6160,-2.1348,8477.4287,9565.6167,2982.5220,2982.5227,9565.6160
2,2989.8515,9586.7836,-0.0004,8496.0328,9586.7836,2989.8515,2989.8515,9586.7836
3,2989.2253,9587.5469,-0.5235,8496.8927,9587.5469,2989.2252,2989.2253,9587.5469
4,2968.3820,9555.8646,5.0021,8471.1545,9555.8684,2968.3782,2968.3820,9555.8646
5,2966.8719,9556.9771,7.9293,8472.5440,9556.9867,2966.8624,2966.8719,9556.9771
6,2970.7514,9565.9986,4.0083,8480.3029,9566.0011,2970.7489,2970.7514,9565.9986
7,2964.5680,9530.5663,7.0264,8447.8692,9530.5738,2964.5604,2964.5680,9530.5663
8,2966.7884,9510.2215,3.5938,8428.0111,9510.2235,2966.7865,2966.7884,9510.2215
9,2966.0620,9506.0604,1.3004,8424.2002,9506.0607,2966.0617,2966.0620,9506.0604
10,2966.0730,9518.8756,5.0330,8436.4079,9518.8795,2966.0691,2966.0730,9518.8756
11,2975.1066,9554.4622,5.5911,8468.3857,9554.4669,2975.1018,2975.1066,9554.4622
12,2963.4930,9510.5723,8.7097,8429.0562,9510.5839,2963.4815,2963.4930,9510.5723
13,2970.4303,9527.9617,-3.6072,8444.1342,9527.9637,2970.4283,2970.4303,9527.9617
14,2971.9812,9573.2160,-1.4188,8486.9149,9573.2163,2971.9809,2971.9812,9573.2160
15,2967.4222,9558.1596,-8.4846,8473.5548,9558.1705,2967.4113,2967.4222,9558.1596
16,2974.7545,9557.9780,-6.6763,8471.8123,9557.9847,2974.7478,2974.7545,9557.9780
17,2985.4851,9582.2174,0.1856,8492.6112,9582.2174,2985.4851,2985.4851,9582.2174
18,2963.8804,9525.5736,-9.7721,8443.2674,9525.5881,2963.8658,2963.8804,9525.5736
19,2971.4341,9527.3982,-4.1028,8443.3851,9527.4008,2971.4315,2971.4341,9527.3982
20,2972.4882,9545.4508,-6.7929,8460.3614,9545.4578,2972.4811,2972.4882,9545.4508
21,2968.4275,9572.7383,3.1315,8487.2215,9572.7397,2968.4260,2968.4275,9572.7383
22,2967.7541,9538.0200,-6.7776,8454.2906,9538.0270,2967.7471,2967.7541,9538.0200
23,2966.6715,9565.7273,-0.4071,8480.9144,9565.7273,2966.6715,2966.6715,9565.7273
24,2977.7171,9551.0854,-2.6888,8464.6100,9551.0865,2977.7160,2977.7171,9551.0854
25,2971.3653,9557.8825,-7.7403,8472.4464,9557.8916,2971.3562,2971.3653,9557.8825
26,2972.4957,9569.4239,-5.2867,8483.1962,9569.4282,2972.4914,2972.4957,9569.4239
27,2976.3416,9576.7422,-1.6389,8489.3434,9576.7426,2976.3412,2976.3416,9576.7422
28,2965.7526,9536.5003,-10.4268,8453.2805,9536.5168,2965.7361,2965.7526,9536.5003
29,2977.6963,9579.2651,0.0810,8491.4576,9579.2651,2977.6963,2977.6963,9579.2651
30,2963.1506,9509.7246,2.9461,8428.3096,9509.7259,2963.1493,2963.1506,9509.7246
31,2963.4576,9509.9593,8.4990,8428.4792,9509.9703,2963.4466,2963.4576,9509.9593
32,2974.9940,9541.6865,4.2233,8456.2382,9541.6892,2974.9913,2974.9940,9541.6865
33,2962.8872,9506.1158,-0.9070,8424.9268,9506.1159,2962.8871,2962.8872,9506.1158
34,2971.9680,9528.0947,3.8371,8443.9348,9528.0970,2971.9658,2971.9680,9528.0947
35,2962.0480,9494.4549,-3.9985,8414.0014,9494.4574,2962.0456,2962.0480,9494.4549
36,2979.0068,9568.2767,3.2092,8480.7117,9568.2783,2979.0052,2979.0068,9568.2767
37,2963.6048,9523.5818,9.6348,8441.4281,9523.5959,2963.5907,2963.6048,9523.5818
38,2968.8234,9540.0538,7.8875,8456.0032,9540.0633,2968.8139,2968.8234,9540.0538
39,2971.0410,9564.0243,6.0743,8478.3635,9564.0299,2971.0354,2971.0410,9564.0243
40,2968.8969,9575.8181,1.6595,8490.0549,9575.8185,2968.8965,2968.8969,9575.8181
41,2965.8438,9513.1728,-3.1069,8431.0219,9513.1742,2965.8423,2965.8438,9513.1728
42,2990.1713,9586.3948,0.0066,8495.5946,9586.3948,2990.1713,2990.1713,9586.3948
43,2988.5292,9585.8835,0.1626,8495.4562,9585.8835,2988.5292,2988.5292,9585.8835
44,2977.8546,9546.4385,2.7009,8460.1549,9546.4396,2977.8535,2977.8546,9546.4385
45,2963.4683,9511.6527,-8.9243,8430.0912,9511.6648,2963.4561,2963.4683,9511.6527
46,2980.5872,9577.5747,-2.5697,8489.2320,9577.5757,2980.5862,2980.5872,9577.5747
47,2990.2331,9587.4409,-0.3021,8496.5778,9587.4409,2990.2331,2990.2331,9587.4409
48,2990.0748,9587.6930,-0.3708,8496.8515,9587.6930,2990.0747,2990.0748,9587.6930
49,2986.6833,9578.9758,-2.0982,8489.2697,9578.9764,2986.6827,2986.6833,9578.9758
50,2986.8131,9584.3459,0.4291,8494.3563,9584.3459,2986.8131,2986.8131,9584.3459
51,2965.9106,9541.6793,9.9907,8458.1796,9541.6945,2965.8954,2965.9106,9541.6793
52,2982.5238,9560.0587,-1.0011,8472.1349,9560.0588,2982.5236,2982.5238,9560.0587
53,2975.1897,9561.3940,-6.2636,8474.9729,9561.4000,2975.1837,2975.1897,9561.3940
54,2975.6283,9574.9333,-0.9661,8487.7719,9574.9335,2975.6282,2975.6283,9574.9333
55,2966.1127,9529.8051,-6.0464,8446.8126,9529.8106,2966.1071,2966.1127,9529.8051
56,2968.9502,9543.4093,6.7533,8459.1699,9543.4162,2968.9432,2968.9502,9543.4093
57,2970.1671,9553.0202,7.5141,8468.0689,9553.0288,2970.1585,2970.1671,9553.0202
58,2972.8776,9556.2377,-4.8695,8470.5505,9556.2413,2972.8740,2972.8776,9556.2377
59,2974.7157,9535.4038,2.7522,8450.3116,9535.4050,2974.7145,2974.7157,9535.4038
60,2972.9764,9577.0216,2.5270,8490.3293,9577.0225,2972.9754,2972.9764,9577.0216
61,2976.2360,9538.0708,-0.6233,8452.5278,9538.0708,2976.2359,2976.2360,9538.0708
62,2976.6966,9580.5449,1.1489,8492.8907,9580.5451,2976.6964,2976.6966,9580.5449
63,2972.8932,9539.0667,-4.9531,8454.1904,9539.0705,2972.8894,2972.8932,9539.0667
64,2966.7501,9508.3872,0.7849,8426.2700,9508.3873,2966.7501,2966.7501,9508.3872
65,2965.0248,9519.1821,5.3626,8436.9233,9519.1865,2965.0204,2965.0248,9519.1821
66,2985.7818,9570.8861,0.3245,8481.7555,9570.8861,2985.7818,2985.7818,9570.8861
67,2987.0753,9585.1321,-0.1759,8495.0495,9585.1321,2987.0753,2987.0753,9585.1321
68,2985.2132,9580.9920,-0.5882,8491.5018,9580.9921,2985.2131,2985.2132,9580.9920
69,2976.9961,9569.6174,-2.6838,8482.4165,9569.6185,2976.9950,2976.9961,9569.6174
70,2967.4676,9517.0909,-5.6999,8434.4129,9517.0958,2967.4626,2967.4676,9517.0909
71,2984.0516,9576.7211,-1.7098,8487.6810,9576.7215,2984.0512,2984.0516,9576.7211
72,2968.3948,9528.7257,-7.6160,8445.3026,9528.7346,2968.3860,2968.3948,9528.7257
73,2985.3696,9576.0704,-1.2345,8486.7810,9576.0707,2985.3694,2985.3696,9576.0704
74,2981.9405,9566.0778,-2.5854,8477.9926,9566.0788,2981.9395,2981.9405,9566.0778
75,2974.0380,9569.4136,-2.8043,8482.8535,9569.4148,2974.0368,2974.0380,9569.4136
76,2970.0363,9532.0238,4.3363,8448.0882,9532.0267,2970.0334,2970.0363,9532.0238
77,2984.8824,9567.0014,-0.1896,8478.2465,9567.0014,2984.8824,2984.8824,9567.0014
78,2979.3512,9559.6475,4.5861,8472.4205,9559.6507,2979.3480,2979.3512,9559.6475
79,2984.0481,9570.7896,3.0720,8482.0333,9570.7910,2984.0466,2984.0481,9570.7896
80,2975.1219,9572.7889,-0.5308,8485.8367,9572.7889,2975.1218,2975.1219,9572.7889
81,2972.0604,9525.2321,-1.6779,8441.1867,9525.2325,2972.0600,2972.0604,9525.2321
82,2964.9470,9528.8071,10.2287,8446.1222,9528.8230,2964.9311,2964.9470,9528.8071
83,2977.6479,9545.3447,-1.2046,8459.1561,9545.3449,2977.6477,2977.6479,9545.3447
84,2974.9850,9547.4524,-3.8812,8461.7316,9547.4547,2974.9827,2974.9850,9547.4524
85,2970.2264,9558.8568,-5.7920,8473.6132,9558.8619,2970.2213,2970.2264,9558.8568
86,2968.9792,9576.4817,-0.2214,8490.6692,9576.4817,2968.9792,2968.9792,9576.4817
87,2967.2555,9561.7556,6.9636,8477.0130,9561.7630,2967.2482,2967.2555,9561.7556
88,2971.7099,9545.9692,-5.4488,8461.0180,9545.9737,2971.7054,2971.7099,9545.9692
89,2986.4045,9573.4321,0.1211,8484.0482,9573.4321,2986.4045,2986.4045,9573.4321
90,2982.4481,9577.9780,1.7307,8489.2194,9577.9784,2982.4476,2982.4481,9577.9780
91,2974.7224,9569.9160,5.1819,8483.1894,9569.9200,2974.7183,2974.7224,9569.9160
92,2985.8727,9578.7074,0.9497,8489.1856,9578.7075,2985.8726,2985.8727,9578.7074
93,2979.2594,9550.0276,-1.8285,8463.2744,9550.0281,2979.2589,2979.2594,9550.0276
94,2986.9473,9584.1825,-1.0557,8494.1723,9584.1826,2986.9471,2986.9473,9584.1825
95,2981.3072,9577.7029,-3.5802,8489.2019,9577.7048,2981.3053,2981.3072,9577.7029
96,2982.6584,9580.5984,-0.4236,8491.6704,9580.5985,2982.6584,2982.6584,9580.5984
97,2981.5344,9556.8148,-0.7095,8469.2553,9556.8148,2981.5343,2981.5344,9556.8148
98,2982.4723,9579.4834,0.0114,8490.6477,9579.4834,2982.4723,2982.4723,9579.4834
99,2972.9080,9577.6519,-1.0708,8490.9436,9577.6521,2972.9079,2972.9080,9577.6519
100,2965.2923,9519.0466,5.4814,8436.7376,9519.0512,2965.2877,2965.2923,9519.0466
101,2962.1339,9504.8684,1.7336,8423.8991,9504.8688,2962.1334,2962.1339,9504.8684
102,2966.7561,9509.0962,2.5930,8426.9451,9509.0972,2966.7551,2966.7561,9509.0962
103,2961.9044,9492.0028,2.2092,8411.6946,9492.0036,2961.9037,2961.9044,9492.0028
104,2971.4387,9566.9433,5.3645,8481.0585,9566.9476,2971.4343,2971.4387,9566.9433
105,2970.5117,9545.8876,7.7425,8461.2008,9545.8967,2970.5026,2970.5117,9545.8876
106,2971.3546,9537.1260,-4.7753,8452.6686,9537.1295,2971.3511,2971.3546,9537.1260
107,2969.8297,9568.0829,-2.7136,8482.4845,9568.0840,2969.8286,2969.8297,9568.0829
108,2969.2218,9554.2988,6.5723,8469.4865,9554.3054,2969.2152,2969.2218,9554.2988
109,2975.5243,9572.6336,-4.7152,8485.6068,9572.6370,2975.5209,2975.5243,9572.6336
110,2973.2716,9538.0387,-4.2728,8453.1296,9538.0414,2973.2688,2973.2716,9538.0387
111,2964.3926,9532.6229,9.9423,8449.8747,9532.6379,2964.3776,2964.3926,9532.6229
112,2968.3927,9571.3924,4.2639,8485.9479,9571.3952,2968.3900,2968.3927,9571.3924
113,2981.8988,9573.8956,1.9672,8485.4476,9573.8962,2981.8982,2981.8988,9573.8956
114,2983.9898,9578.8730,2.8322,8489.7449,9578.8743,2983.9885,2983.9898,9578.8730
115,2967.9596,9566.6112,6.0004,8481.4873,9566.6167,2967.9542,2967.9596,9566.6112
116,2971.4355,9524.6648,1.8315,8440.7791,9524.6654,2971.4350,2971.4355,9524.6648
117,2962.9266,9502.2204,0.1912,8421.2080,9502.2204,2962.9266,2962.9266,9502.2204
118,2970.0152,9523.8185,-1.3678,8440.2742,9523.8188,2970.0150,2970.0152,9523.8185
119,2976.6214,9564.7630,3.3590,8477.8725,9564.7647,2976.6197,2976.6214,9564.7630
120,2982.8402,9570.8572,2.0297,8482.3533,9570.8578,2982.8396,2982.8402,9570.8572
121,2990.5153,9586.9988,-0.0492,8496.0968,9586.9988,2990.5153,2990.5153,9586.9988
122,2988.0107,9580.4282,-0.3539,8490.3705,9580.4282,2988.0107,2988.0107,9580.4282
123,2978.6511,9578.1341,-1.3369,8490.1767,9578.1344,2978.6508,2978.6511,9578.1341
124,2976.9560,9553.7954,-5.1875,8467.3564,9553.7994,2976.9519,2976.9560,9553.7954
125,2976.4567,9556.0547,-5.4146,8469.6152,9556.0592,2976.4522,2976.4567,9556.0547
126,2970.1916,9538.7609,-5.2786,8454.4742,9538.7652,2970.1874,2970.1916,9538.7609
127,2976.7844,9567.9882,3.5113,8480.9105,9567.9901,2976.7826,2976.7844,9567.9882
128,2965.2664,9537.2058,9.9513,8454.0547,9537.2209,2965.2513,2965.2664,9537.2058
129,2987.0926,9583.3425,-0.2908,8493.3412,9583.3426,2987.0925,2987.0926,9583.3425
130,2984.0851,9572.2331,-3.0260,8483.4002,9572.2345,2984.0837,2984.0851,9572.2331
131,2978.1501,9557.2728,-4.0743,8470.4131,9557.2753,2978.1476,2978.1501,9557.2728
132,2983.1477,9578.9977,0.6282,8490.0414,9578.9977,2983.1476,2983.1477,9578.9977
133,2974.1394,9572.9086,0.0535,8486.1605,9572.9086,2974.1394,2974.1394,9572.9086
134,2968.8633,9522.4130,6.2688,8439.1868,9522.4190,2968.8573,2968.8633,9522.4130
135,2966.4260,9544.8456,7.2834,8461.0780,9544.8536,2966.4179,2966.4260,9544.8456
136,2968.9545,9545.5798,7.8978,8461.2398,9545.5893,2968.9450,2968.9545,9545.5798
137,2962.5053,9497.9850,5.6280,8417.2692,9497.9898,2962.5005,2962.5053,9497.9850
138,2980.0553,9550.4410,0.2229,8463.4987,9550.4410,2980.0553,2980.0553,9550.4410
139,2968.4868,9525.0710,3.3119,8441.7935,9525.0727,2968.4852,2968.4868,9525.0710
140,2982.8103,9583.1397,0.5124,8494.0590,9583.1398,2982.8103,2982.8103,9583.1397
141,2990.3781,9585.0359,-0.0753,8494.2565,9585.0359,2990.3781,2990.3781,9585.0359
142,2982.6795,9564.2026,-1.2749,8476.0487,9564.2029,2982.6793,2982.6795,9564.2026
143,2984.9353,9580.4654,0.8681,8491.0594,9580.4655,2984.9352,2984.9353,9580.4654
144,2977.9913,9577.3844,2.4836,8489.6039,9577.3853,2977.9904,2977.9913,9577.3844
145,2985.6688,9577.7316,-1.7492,8488.2999,9577.7321,2985.6684,2985.6688,9577.7316
146,2985.4555,9569.3659,-0.3319,8480.3769,9569.3659,2985.4555,2985.4555,9569.3659
147,2982.9403,9577.0893,-1.6905,8488.2681,9577.0897,2982.9399,2982.9403,9577.0893
148,2980.7948,9563.9061,-4.0302,8476.1692,9563.9085,2980.7924,2980.7948,9563.9061
149,2975.4435,9565.2444,-6.1901,8478.5868,9565.2502,2975.4377,2975.4435,9565.2444
150,2969.3535,9560.2107,-2.8045,8475.0851,9560.2119,2969.3523,2969.3535,9560.2107
151,2972.2488,9531.6977,-2.2084,8447.3050,9531.6984,2972.2481,2972.2488,9531.6977
152,2976.2162,9539.8012,2.3114,8454.1810,9539.8021,2976.2154,2976.2162,9539.8012
153,2983.3546,9571.2826,2.1213,8482.6493,9571.2833,2983.3539,2983.3546,9571.2826
154,2961.8979,9492.6840,-2.9130,8412.3453,9492.6853,2961.8966,2961.8979,9492.6840
155,2968.0990,9520.0411,0.3531,8437.0830,9520.0411,2968.0990,2968.0990,9520.0411
156,2971.8544,9566.1330,-6.0912,8480.1991,9566.1387,2971.8488,2971.8544,9566.1330
157,2969.8872,9535.1298,5.1842,8451.0798,9535.1339,2969.8831,2969.8872,9535.1298
158,2965.6195,9538.2494,-10.0700,8454.9740,9538.2648,2965.6041,2965.6195,9538.2494
159,2976.8077,9567.0664,-3.4816,8480.0273,9567.0682,2976.8058,2976.8077,9567.0664
160,2962.0343,9500.7392,-6.5872,8419.9945,9500.7458,2962.0277,2962.0343,9500.7392
161,2967.5114,9511.1647,-2.8014,8428.7551,9511.1659,2967.5102,2967.5114,9511.1647
162,2973.3952,9553.0242,5.9689,8467.3810,9553.0296,2973.3897,2973.3952,9553.0242
163,2978.4625,9575.3035,-3.5903,8487.5222,9575.3055,2978.4605,2978.4625,9575.3035
164,2968.7104,9574.3256,2.5475,8488.6731,9574.3266,2968.7094,2968.7104,9574.3256
165,2972.8207,9577.4655,2.1497,8490.7852,9577.4662,2972.8200,2972.8207,9577.4655
166,2961.1616,9490.7926,1.1612,8410.6989,9490.7928,2961.1614,2961.1616,9490.7926
167,2970.9620,9522.5202,2.6484,8438.8377,9522.5213,2970.9610,2970.9620,9522.5202
168,2967.8814,9563.8006,7.2870,8478.8286,9563.8086,2967.8733,2967.8814,9563.8006
169,2970.1963,9522.8284,3.8201,8439.2950,9522.8306,2970.1941,2970.1963,9522.8284
170,2962.0451,9493.9418,3.7156,8413.5129,9493.9439,2962.0430,2962.0451,9493.9418
171,2965.7786,9547.5667,9.1459,8463.8144,9547.5794,2965.7659,2965.7786,9547.5667
172,2988.4854,9586.5556,-0.8349,8496.1058,9586.5557,2988.4853,2988.4854,9586.5556
173,2988.7489,9584.0455,0.3430,8493.6590,9584.0455,2988.7488,2988.7489,9584.0455
174,2988.5836,9583.4230,-1.2922,8493.1014,9583.4232,2988.5834,2988.5836,9583.4230
175,2979.7572,9555.6943,-0.3999,8468.5653,9555.6943,2979.7572,2979.7572,9555.6943
176,2982.4171,9564.9002,2.0178,8476.7693,9564.9008,2982.4164,2982.4171,9564.9002
177,2985.2664,9574.5885,1.2309,8485.3914,9574.5887,2985.2662,2985.2664,9574.5885
178,2983.5304,9561.8769,0.4989,8473.6529,9561.8769,2983.5303,2983.5304,9561.8769
179,2983.0382,9572.1115,-2.9191,8483.5067,9572.1128,2983.0369,2983.0382,9572.1115
180,2972.7315,9573.2779,4.5353,8486.8168,9573.2810,2972.7283,2972.7315,9573.2779
181,2985.9698,9575.3545,-2.0399,8485.9721,9575.3551,2985.9692,2985.9698,9575.3545
182,2989.3078,9581.0485,-0.0028,8490.6860,9581.0485,2989.3078,2989.3078,9581.0485
183,2975.7725,9570.5203,3.5912,8483.5387,9570.5222,2975.7705,2975.7725,9570.5203
184,2976.3072,9569.7379,3.8587,8482.6796,9569.7402,2976.3050,2976.3072,9569.7379
185,2965.8962,9545.7546,-9.3677,8462.0634,9545.7679,2965.8829,2965.8962,9545.7546
186,2972.7193,9542.1859,-6.3920,8457.2013,9542.1921,2972.7131,2972.7193,9542.1859
187,2978.6150,9564.7785,-5.2315,8477.4657,9564.7827,2978.6109,2978.6150,9564.7785
188,2970.7293,9564.5905,3.5267,8478.9653,9564.5924,2970.7274,2970.7293,9564.5905
189,2978.9078,9580.3524,1.9322,8492.2357,9580.3529,2978.9072,2978.9078,9580.3524
190,2976.3273,9579.1135,-1.6457,8491.6059,9579.1139,2976.3269,2976.3273,9579.1135
191,2967.9492,9567.5627,-5.2485,8482.3947,9567.5668,2967.9450,2967.9492,9567.5627
192,2968.3111,9523.6236,-2.8891,8440.4516,9523.6248,2968.3098,2968.3111,9523.6236
193,2968.5721,9522.3038,-1.4467,8439.1380,9522.3041,2968.5718,2968.5721,9522.3038
194,2966.5578,9551.5357,-9.0657,8467.4295,9551.5482,2966.5454,2966.5578,9551.5357
195,2977.6727,9576.6686,-2.7949,8488.9902,9576.6698,2977.6715,2977.6727,9576.6686
196,2976.6257,9573.4060,-1.8261,8486.1043,9573.4065,2976.6251,2976.6257,9573.4060
197,2963.6873,9507.2019,1.7372,8425.7917,9507.2023,2963.6869,2963.6873,9507.2019
198,2971.5677,9524.0270,-0.9039,8440.1432,9524.0272,2971.5676,2971.5677,9524.0270
199,2972.7415,9540.8350,6.3010,8455.9096,9540.8410,2972.7355,2972.7415,9540.8350
200,2976.5625,9562.7202,4.4320,8475.9405,9562.7232,2976.5595,2976.5625,9562.7202
201,2970.1620,9539.0035,6.1563,8454.7134,9539.0093,2970.1562,2970.1620,9539.0035
202,2968.4037,9515.0822,0.6549,8432.2954,9515.0822,2968.4036,2968.4037,9515.0822
203,2970.1004,9527.4171,-5.0232,8443.6878,9527.4210,2970.0966,2970.1004,9527.4171
204,2979.9136,9577.6767,0.2475,8489.4716,9577.6767,2979.9136,2979.9136,9577.6767
205,2970.9031,9569.9319,0.8268,8484.0157,9569.9320,2970.9030,2970.9031,9569.9319
206,2964.6788,9528.1516,10.1571,8445.5547,9528.1674,2964.6631,2964.6788,9528.1516
207,2969.9703,9559.5834,5.2588,8474.3591,9559.5876,2969.9662,2969.9703,9559.5834
208,2968.8804,9526.6534,7.2044,8443.2243,9526.6613,2968.8725,2968.8804,9526.6534
209,2967.6421,9563.7756,-6.7335,8478.8547,9563.7825,2967.6352,2967.6421,9563.7756
210,2968.1905,9541.7704,-6.7591,8457.7705,9541.7773,2968.1835,2968.1905,9541.7704
211,2984.8738,9572.8371,1.1619,8483.8066,9572.8373,2984.8736,2984.8738,9572.8371
212,2974.8373,9544.1411,3.0238,8458.6079,9544.1425,2974.8359,2974.8373,9544.1411
213,2984.4313,9569.3216,1.0226,8480.5522,9569.3217,2984.4311,2984.4313,9569.3216
214,2981.2635,9584.3903,0.3118,8495.5798,9584.3903,2981.2635,2981.2635,9584.3903
215,2980.9281,9583.0852,0.1891,8494.4080,9583.0852,2980.9281,2980.9281,9583.0852
216,2990.9845,9587.6384,0.0409,8496.6064,9587.6384,2990.9845,2990.9845,9587.6384
217,2988.0984,9578.7289,0.0337,8488.7334,9578.7289,2988.0984,2988.0984,9578.7289
218,2990.9209,9588.1698,-0.1052,8497.1260,9588.1698,2990.9209,2990.9209,9588.1698
219,2987.7707,9578.8931,1.3311,8488.9596,9578.8934,2987.7704,2987.7707,9578.8931
220,2979.8767,9550.3036,-0.8179,8463.4058,9550.3037,2979.8766,2979.8767,9550.3036
221,2981.4697,9565.5760,-3.0491,8477.6151,9565.5774,2981.4683,2981.4697,9565.5760
222,2987.1722,9578.2070,-0.6750,8488.4330,9578.2071,2987.1721,2987.1722,9578.2070
223,2981.6004,9568.5526,-4.0755,8480.4239,9568.5552,2981.5979,2981.6004,9568.5526
224,2976.6936,9580.5187,-0.0483,8492.8661,9580.5187,2976.6936,2976.6936,9580.5187
225,2981.2084,9577.7293,-0.3122,8489.2459,9577.7293,2981.2084,2981.2084,9577.7293
226,2973.2397,9532.3985,-1.6884,8447.7617,9532.3989,2973.2393,2973.2397,9532.3985
227,2979.0208,9553.7187,-1.9257,8466.8406,9553.7192,2979.0202,2979.0208,9553.7187
228,2984.9631,9573.1290,-1.9275,8484.0661,9573.1296,2984.9625,2984.9631,9573.1290
229,2983.2875,9572.1505,-2.4380,8483.4905,9572.1514,2983.2866,2983.2875,9572.1505
230,2977.5893,9561.8317,4.2409,8474.8752,9561.8344,2977.5865,2977.5893,9561.8317
231,2970.9988,9551.6537,6.7314,8466.5876,9551.6606,2970.9919,2970.9988,9551.6537
232,2975.1818,9561.1455,-6.5190,8474.7385,9561.1520,2975.1753,2975.1818,9561.1455
233,2970.2096,9534.6511,-4.7103,8450.5544,9534.6544,2970.2063,2970.2096,9534.6511
234,2964.6441,9514.4243,-5.6147,8432.4728,9514.4291,2964.6393,2964.6441,9514.4243
235,2978.6518,9567.8137,4.9051,8480.3486,9567.8174,2978.6482,2978.6518,9567.8137
236,2972.9361,9563.6629,4.7689,8477.6121,9563.6663,2972.9326,2972.9361,9563.6629
237,2974.6512,9568.1373,-5.1565,8481.5099,9568.1414,2974.6472,2974.6512,9568.1373
238,2976.3397,9563.9070,-3.8569,8477.1177,9563.9093,2976.3374,2976.3397,9563.9070
239,2973.0376,9536.5987,5.4150,8451.8098,9536.6032,2973.0331,2973.0376,9536.5987
240,2972.0434,9544.1417,6.7358,8459.2089,9544.1486,2972.0365,2972.0434,9544.1417
241,2973.2014,9554.4667,6.1388,8468.7968,9554.4724,2973.1956,2973.2014,9554.4667
242,2970.2886,9562.2462,4.9884,8476.8279,9562.2500,2970.2848,2970.2886,9562.2462
243,2975.6931,9573.9647,4.3730,8486.8384,9573.9676,2975.6902,2975.6931,9573.9647
244,2969.5523,9536.9330,-5.6436,8452.8697,9536.9378,2969.5474,2969.5523,9536.9330
245,2963.8306,9508.1403,-2.5097,8426.6556,9508.1412,2963.8296,2963.8306,9508.1403
246,2961.0664,9490.4298,-0.0854,8410.3733,9490.4298,2961.0664,2961.0664,9490.4298
247,2970.8084,9569.1806,0.3686,8483.3199,9569.1806,2970.8084,2970.8084,9569.1806
248,2971.6869,9530.0348,4.8240,8445.8437,9530.0383,2971.6833,2971.6869,9530.0348
249,2963.3471,9506.5380,8.0643,8425.2427,9506.5479,2963.3371,2963.3471,9506.5380
250,2968.1200,9572.7248,-0.1322,8487.2729,9572.7248,2968.1200,2968.1200,9572.7248
251,2968.4681,9570.3403,-5.3453,8484.9309,9570.3447,2968.4638,2968.4681,9570.3403
252,2972.8779,9576.3634,-3.6644,8489.7244,9576.3654,2972.8759,2972.8779,9576.3634
253,2968.6404,9523.1796,1.8234,8439.9579,9523.1801,2968.6399,2968.6404,9523.1796
254,2962.8612,9505.1016,0.5585,8423.9662,9505.1016,2962.8612,2962.8612,9505.1016
255,2963.5555,9514.5986,9.0385,8432.8792,9514.6111,2963.5430,2963.5555,9514.5986
256,2991.0308,9587.9258,0.0802,8496.8703,9587.9258,2991.0308,2991.0308,9587.9258
257,2989.9424,9586.6248,0.1827,8495.8622,9586.6248,2989.9424,2989.9424,9586.6248
258,2988.7751,9586.5539,-0.1852,8496.0426,9586.5539,2988.7751,2988.7751,9586.5539
259,2982.5920,9575.6247,3.4320,8486.9486,9575.6265,2982.5902,2982.5920,9575.6247
260,2986.3203,9586.3677,0.1221,8496.3869,9586.3677,2986.3203,2986.3203,9586.3677
261,2986.4915,9579.0066,2.1651,8489.3398,9579.0073,2986.4908,2986.4915,9579.0066
262,2985.0580,9570.7233,1.1686,8481.7542,9570.7235,2985.0578,2985.0580,9570.7233
263,2978.5508,9546.7038,1.5876,8460.2591,9546.7042,2978.5504,2978.5508,9546.7038
264,2986.9206,9576.6415,0.5852,8486.9953,9576.6415,2986.9206,2986.9206,9576.6415
265,2989.6991,9584.8639,0.7686,8494.2369,9584.8640,2989.6990,2989.6991,9584.8639
266,2975.7285,9542.1257,-2.2598,8456.4982,9542.1264,2975.7277,2975.7285,9542.1257
267,2978.8901,9547.3813,-0.4181,8460.8319,9547.3813,2978.8901,2978.8901,9547.3813
268,2984.5169,9577.3320,-2.4653,8488.1646,9577.3329,2984.5159,2984.5169,9577.3320
269,2978.8627,9568.9098,-5.0572,8481.3481,9568.9137,2978.8588,2978.8627,9568.9098
270,2980.8066,9558.6988,-0.6317,8471.2042,9558.6989,2980.8066,2980.8066,9558.6988
271,2977.0202,9547.9428,-1.1659,8461.7638,9547.9430,2977.0200,2977.0202,9547.9428
272,2972.7214,9538.2929,3.3866,8453.4875,9538.2947,2972.7196,2972.7214,9538.2929
273,2967.5217,9514.1792,4.1292,8431.6255,9514.1818,2967.5191,2967.5217,9514.1792
274,2972.4029,9565.4399,5.3271,8479.4200,9565.4442,2972.3985,2972.4029,9565.4399
275,2981.7685,9573.8267,-3.8360,8485.4116,9573.8289,2981.7663,2981.7685,9573.8267
276,2985.1416,9581.2817,-2.2778,8491.7938,9581.2825,2985.1408,2985.1416,9581.2817
277,2981.2185,9569.8138,2.7354,8481.7048,9569.8150,2981.2173,2981.2185,9569.8138
278,2978.5144,9557.9397,-3.3665,8470.9700,9557.9414,2978.5127,2978.5144,9557.9397
279,2976.8094,9549.2896,-3.6631,8463.0935,9549.2916,2976.8073,2976.8094,9549.2896
280,2984.3559,9584.8628,0.2210,8495.3713,9584.8629,2984.3559,2984.3559,9584.8628
281,2977.8121,9574.0700,2.1002,8486.4841,9574.0707,2977.8114,2977.8121,9574.0700
282,2974.0893,9545.0230,4.0194,8459.6080,9545.0254,2974.0869,2974.0893,9545.0230
283,2979.7041,9556.7750,3.7034,8469.6082,9556.7771,2979.7020,2979.7041,9556.7750
284,2962.1197,9491.3558,-0.5901,8411.0319,9491.3558,2962.1197,2962.1197,9491.3558
285,2962.4137,9501.8984,-0.0371,8421.0103,9501.8984,2962.4137,2962.4137,9501.8984
286,2965.3809,9521.4697,-5.6858,8439.0273,9521.4746,2965.3759,2965.3809,9521.4697
287,2973.8242,9548.7730,-6.7266,8463.2417,9548.7799,2973.8173,2973.8242,9548.7730
288,2989.5672,9584.3340,0.1784,8493.7600,9584.3340,2989.5672,2989.5672,9584.3340
289,2988.2310,9581.4145,-1.3703,8491.2634,9581.4148,2988.2308,2988.2310,9581.4145
290,2974.2324,9573.4943,0.1815,8486.6987,9573.4943,2974.2324,2974.2324,9573.4943
291,2972.8346,9569.8448,-2.1290,8483.5207,9569.8455,2972.8339,2972.8346,9569.8448
292,2968.1110,9568.6688,-5.3412,8483.4144,9568.6731,2968.1067,2968.1110,9568.6688
293,2984.6800,9570.9894,-1.2006,8482.0880,9570.9897,2984.6798,2984.6800,9570.9894
294,2982.5397,9568.1947,-2.0050,8479.8811,9568.1953,2982.5391,2982.5397,9568.1947
295,2978.4135,9575.7513,3.9915,8487.9598,9575.7537,2978.4111,2978.4135,9575.7513
296,2971.9077,9569.2779,5.7653,8483.1836,9569.2830,2971.9027,2971.9077,9569.2779
297,2967.1968,9555.1213,-9.0113,8470.7094,9555.1336,2967.1844,2967.1968,9555.1213
298,2973.6604,9562.4270,-4.6730,8476.2799,9562.4303,2973.6571,2973.6604,9562.4270
299,2974.4256,9570.9770,2.8781,8484.2604,9570.9782,2974.4243,2974.4256,9570.9770
300,2976.8240,9561.3182,4.9443,8474.5501,9561.3220,2976.8202,2976.8240,9561.3182
301,2964.8857,9527.3887,5.8548,8444.7715,9527.3939,2964.8805,2964.8857,9527.3887
302,2975.9232,9551.8288,5.5187,8465.7034,9551.8334,2975.9186,2975.9232,9551.8288
303,2969.3804,9539.1901,5.6978,8455.0565,9539.1950,2969.3755,2969.3804,9539.1901
304,2972.7532,9559.2760,-4.8621,8473.4717,9559.2796,2972.7496,2972.7532,9559.2760
305,2973.2658,9560.8109,-4.9470,8474.8249,9560.8146,2973.2620,2973.2658,9560.8109
306,2960.4368,9496.7608,-5.7060,8416.5426,9496.7658,2960.4318,2960.4368,9496.7608
307,2970.5950,9554.9932,6.5967,8469.8551,9554.9999,2970.5884,2970.5950,9554.9932
308,2970.6461,9566.3467,1.5465,8480.6547,9566.3471,2970.6458,2970.6461,9566.3467
309,2972.5107,9577.8958,1.0197,8491.2610,9577.8960,2972.5106,2972.5107,9577.8958
310,2971.9453,9526.4538,-2.8845,8442.3756,9526.4551,2971.9440,2971.9453,9526.4538
311,2967.4886,9514.1882,-4.2711,8431.6413,9514.1910,2967.4858,2967.4886,9514.1882
312,2967.2407,9509.8212,-1.3749,8427.5319,9509.8215,2967.2404,2967.2407,9509.8212
313,2974.8563,9563.0934,6.0297,8476.6624,9563.0989,2974.8507,2974.8563,9563.0934
314,2978.8726,9562.1151,4.9304,8474.8733,9562.1188,2978.8689,2978.8726,9562.1151
315,2978.2482,9575.2743,-1.2188,8487.5380,9575.2745,2978.2479,2978.2482,9575.2743
316,2972.9980,9578.2510,-0.9744,8491.4952,9578.2511,2972.9978,2972.9980,9578.2510
317,2965.6427,9517.8017,-5.8072,8435.4780,9517.8069,2965.6375,2965.6427,9517.8017
318,2962.1713,9504.9222,7.6236,8423.9523,9504.9311,2962.1625,2962.1713,9504.9222
319,2981.5515,9578.5894,1.7294,8489.9927,9578.5899,2981.5511,2981.5515,9578.5894
320,2985.3722,9580.4493,2.5256,8490.9522,9580.4503,2985.3712,2985.3722,9580.4493
321,2981.9558,9566.3189,3.7991,8478.2204,9566.3211,2981.9536,2981.9558,9566.3189
322,2988.1598,9581.6215,1.4521,8491.4757,9581.6218,2988.1594,2988.1598,9581.6215
323,2989.3643,9587.4223,-0.2357,8496.7445,9587.4223,2989.3643,2989.3643,9587.4223
324,2988.7308,9584.9905,-1.1998,8494.5631,9584.9907,2988.7306,2988.7308,9584.9905
325,2986.7601,9581.5832,-2.0668,8491.7369,9581.5839,2986.7595,2986.7601,9581.5832
326,2986.3923,9583.9632,1.0811,8494.0814,9583.9634,2986.3921,2986.3923,9583.9632
327,2984.6862,9567.0008,-0.1353,8478.2876,9567.0008,2984.6862,2984.6862,9567.0008
328,2987.3916,9575.3876,-0.3045,8485.7012,9575.3876,2987.3916,2987.3916,9575.3876
329,2989.8545,9585.3592,-0.3842,8494.6755,9585.3593,2989.8545,2989.8545,9585.3592
330,2977.3228,9549.0889,1.2664,8462.7912,9549.0891,2977.3225,2977.3228,9549.0889
331,2975.7079,9540.4813,3.3432,8454.9376,9540.4830,2975.7062,2975.7079,9540.4813
332,2989.9782,9587.6001,-0.1620,8496.7835,9587.6001,2989.9782,2989.9782,9587.6001
333,2989.7492,9585.5385,-0.7157,8494.8687,9585.5386,2989.7491,2989.7492,9585.5385
334,2982.3700,9557.9208,-0.0679,8470.1314,9557.9209,2982.3700,2982.3700,9557.9208
335,2975.2777,9535.7313,-0.6299,8450.5030,9535.7314,2975.2777,2975.2777,9535.7313
336,2989.0242,9580.7202,-0.2594,8490.4335,9580.7202,2989.0242,2989.0242,9580.7202
337,2986.9125,9574.9397,-0.3322,8485.3763,9574.9397,2986.9125,2986.9125,9574.9397
338,2971.1174,9528.6837,-2.8444,8444.6751,9528.6850,2971.1162,2971.1174,9528.6837
339,2964.3649,9509.8778,-6.0968,8428.2025,9509.8835,2964.3592,2964.3649,9509.8778
340,2976.7920,9570.9550,-2.5012,8483.7342,9570.9559,2976.7911,2976.7920,9570.9550
341,2981.5060,9579.1909,-0.7534,8490.5750,9579.1910,2981.5059,2981.5060,9579.1909
342,2979.7341,9565.4228,-3.0284,8477.8381,9565.4242,2979.7327,2979.7341,9565.4228
343,2974.8051,9548.8289,-4.4994,8463.0819,9548.8320,2974.8020,2974.8051,9548.8289
344,2974.7492,9555.3664,-6.6143,8469.3254,9555.3730,2974.7426,2974.7492,9555.3664
345,2979.0547,9558.5489,-2.8862,8471.4349,9558.5502,2979.0534,2979.0547,9558.5489
346,2974.2424,9547.6398,-5.0952,8462.0698,9547.6437,2974.2385,2974.2424,9547.6398
347,2972.3677,9536.7924,-3.3964,8452.1335,9536.7942,2972.3659,2972.3677,9536.7924
348,2977.0542,9565.8965,-3.6871,8478.8605,9565.8986,2977.0521,2977.0542,9565.8965
349,2981.5266,9578.6657,-3.0264,8490.0718,9578.6671,2981.5252,2981.5266,9578.6657
350,2979.6772,9562.6048,3.6976,8475.1668,9562.6069,2979.6751,2979.6772,9562.6048
351,2974.9491,9561.6617,5.6811,8475.2779,9561.6666,2974.9442,2974.9491,9561.6617
352,2974.2708,9572.1970,0.7892,8485.4545,9572.1971,2974.2707,2974.2708,9572.1970
353,2976.1340,9538.7396,-1.7362,8453.1869,9538.7401,2976.1336,2976.1340,9538.7396
354,2975.0554,9572.3019,1.5102,8485.3872,9572.3022,2975.0551,2975.0554,9572.3019
355,2975.8535,9556.4753,-4.0417,8470.1418,9556.4777,2975.8510,2975.8535,9556.4753
356,2970.3578,9546.0398,-8.2428,8461.3800,9546.0501,2970.3475,2970.3578,9546.0398
357,2969.0178,9552.5184,-5.8836,8467.8322,9552.5237,2969.0125,2969.0178,9552.5184
358,2971.1030,9551.1265,-7.9284,8466.0663,9551.1361,2971.0934,2971.1030,9551.1265
359,2966.6817,9550.2320,9.3233,8466.1617,9550.2452,2966.6685,2966.6817,9550.2320
360,2968.2296,9567.0798,6.5815,8481.8773,9567.0863,2968.2230,2968.2296,9567.0798
361,2966.9203,9516.1600,0.1790,8433.6368,9516.1601,2966.9203,2966.9203,9516.1600
362,2975.1351,9550.5373,4.3884,8464.6389,9550.5402,2975.1322,2975.1351,9550.5373
363,2970.2752,9529.9837,4.4991,8446.0944,9529.9868,2970.2721,2970.2752,9529.9837
364,2975.8449,9578.0327,2.2057,8490.6795,9578.0335,2975.8441,2975.8449,9578.0327
365,2973.5506,9547.8317,4.6703,8462.3990,9547.8350,2973.5473,2973.5506,9547.8317
366,2973.1692,9551.8199,5.3089,8466.2806,9551.8242,2973.1649,2973.1692,9551.8199
367,2979.5471,9578.2989,-1.1930,8490.1426,9578.2991,2979.5469,2979.5471,9578.2989
368,2979.4723,9579.0421,-0.6822,8490.8665,9579.0422,2979.4722,2979.4723,9579.0421
369,2972.3492,9572.4589,-4.7381,8486.1185,9572.4623,2972.3458,2972.3492,9572.4589
370,2988.7070,9585.1505,1.1324,8494.7206,9585.1507,2988.7068,2988.7070,9585.1505
371,2989.8160,9583.9530,-0.0401,8493.3443,9583.9530,2989.8160,2989.8160,9583.9530
372,2971.5717,9543.1129,-5.2631,8458.3261,9543.1171,2971.5675,2971.5717,9543.1129
373,2964.6185,9529.5605,-10.1161,8446.9096,9529.5761,2964.6029,2964.6185,9529.5605
374,2970.3280,9564.0490,3.0314,8478.5344,9564.0504,2970.3266,2970.3280,9564.0490
375,2983.3930,9564.6912,-0.9852,8476.3626,9564.6914,2983.3928,2983.3930,9564.6912
376,2975.4050,9546.7505,-4.8241,8460.9752,9546.7541,2975.4015,2975.4050,9546.7505
377,2961.7590,9499.7199,6.3387,8419.0815,9499.7260,2961.7528,2961.7590,9499.7199
378,2967.6048,9517.8630,5.8363,8435.1195,9517.8682,2967.5996,2967.6048,9517.8630
379,2973.3344,9564.8453,-2.9527,8478.6512,9564.8467,2973.3331,2973.3344,9564.8453
380,2977.5585,9572.1339,2.1092,8484.6936,9572.1346,2977.5578,2977.5585,9572.1339
381,2960.8424,9503.6517,-2.0219,8423.0150,9503.6523,2960.8418,2960.8424,9503.6517
382,2968.6995,9518.8441,-2.3424,8435.8164,9518.8449,2968.6987,2968.6995,9518.8441
383,2968.6527,9574.7721,-0.8360,8489.1100,9574.7723,2968.6526,2968.6527,9574.7721
384,2973.6849,9534.6510,4.1394,8449.8151,9534.6536,2973.6822,2973.6849,9534.6510
385,2980.5835,9563.0928,3.2239,8475.4385,9563.0944,2980.5819,2980.5835,9563.0928
386,2967.8389,9525.0642,-4.6207,8441.9265,9525.0674,2967.8356,2967.8389,9525.0642
387,2971.0395,9554.2187,-7.6908,8469.0252,9554.2277,2971.0305,2971.0395,9554.2187
388,2971.3586,9560.2942,-7.4076,8474.7448,9560.3025,2971.3503,2971.3586,9560.2942
389,2974.4065,9565.0356,5.4399,8478.6075,9565.0401,2974.4021,2974.4065,9565.0356
390,2986.6142,9576.7353,0.6737,8487.1498,9576.7354,2986.6141,2986.6142,9576.7353
391,2989.2615,9581.4161,0.3934,8491.0459,9581.4161,2989.2615,2989.2615,9581.4161
392,2983.9792,9580.4647,1.3715,8491.2622,9580.4650,2983.9789,2983.9792,9580.4647
393,2983.9863,9582.2765,-2.0793,8492.9870,9582.2771,2983.9856,2983.9863,9582.2765
394,2983.9786,9579.7586,-0.8410,8490.5895,9579.7587,2983.9785,2983.9786,9579.7586
395,2979.9774,9583.5661,0.4081,8495.0689,9583.5662,2979.9774,2979.9774,9583.5661
396,2985.0785,9576.9886,1.3276,8487.7174,9576.9888,2985.0782,2985.0785,9576.9886
397,2986.2720,9580.7341,2.0439,8491.0318,9580.7347,2986.2714,2986.2720,9580.7341
398,2983.9952,9576.5649,1.4697,8487.5442,9576.5653,2983.9949,2983.9952,9576.5649
399,2984.6541,9576.3659,2.8691,8487.2156,9576.3671,2984.6529,2984.6541,9576.3659
400,2970.9315,9532.2697,2.8345,8448.1302,9532.2709,2970.9302,2970.9315,9532.2697
401,2971.4612,9531.5622,0.9439,8447.3425,9531.5623,2971.4611,2971.4612,9531.5622
402,2987.8295,9577.7199,-1.2015,8487.8297,9577.7201,2987.8293,2987.8295,9577.7199
403,2983.4190,9566.6701,-2.0070,8478.2423,9566.6707,2983.4184,2983.4190,9566.6701
404,2982.8847,9561.5602,1.0081,8473.4885,9561.5604,2982.8846,2982.8847,9561.5602
405,2990.3126,9586.0669,-0.0870,8495.2523,9586.0669,2990.3126,2990.3126,9586.0669
406,2988.1860,9585.5840,0.8098,8495.2439,9585.5841,2988.1859,2988.1860,9585.5840
407,2990.9917,9587.8218,0.1508,8496.7795,9587.8218,2990.9917,2990.9917,9587.8218
408,2990.3718,9587.9765,-0.2037,8497.0585,9587.9765,2990.3718,2990.3718,9587.9765
409,2987.7482,9582.4966,-0.5130,8492.3963,9582.4967,2987.7482,2987.7482,9582.4966
410,2986.0331,9581.0500,-0.7315,8491.3828,9581.0501,2986.0330,2986.0331,9581.0500
411,2987.2274,9577.7042,-1.1342,8487.9425,9577.7044,2987.2272,2987.2274,9577.7042
412,2987.2966,9575.1635,-0.0244,8485.5079,9575.1635,2987.2966,2987.2966,9575.1635
413,2984.6572,9570.3743,-1.7975,8481.5073,9570.3748,2984.6568,2984.6572,9570.3743
414,2979.8891,9554.2647,-1.6200,8467.1762,9554.2651,2979.8887,2979.8891,9554.2647
415,2967.3681,9517.7415,-2.6419,8435.0492,9517.7425,2967.3670,2967.3681,9517.7415
416,2976.0741,9544.8406,-1.1055,8459.0100,9544.8408,2976.0739,2976.0741,9544.8406
417,2982.1700,9563.5108,1.3910,8475.4981,9563.5111,2982.1697,2982.1700,9563.5108
418,2967.3918,9510.7951,2.5930,8428.4282,9510.7961,2967.3907,2967.3918,9510.7951
419,2972.0538,9526.5535,2.6833,8442.4474,9526.5546,2972.0527,2972.0538,9526.5535
420,2976.0384,9554.5673,-3.9820,8468.2849,9554.5697,2976.0360,2976.0384,9554.5673
421,2972.4266,9549.5662,-5.0765,8464.2913,9549.5701,2972.4227,2972.4266,9549.5662
422,2974.2995,9572.6649,3.4742,8485.8962,9572.6667,2974.2976,2974.2995,9572.6649
423,2972.3055,9573.9579,2.8081,8487.5536,9573.9591,2972.3043,2972.3055,9573.9579
424,2972.2079,9552.8978,-4.8850,8467.5114,9552.9014,2972.2043,2972.2079,9552.8978
425,2973.3696,9538.8123,-3.4577,8453.8446,9538.8141,2973.3678,2973.3696,9538.8123
426,2968.6999,9525.7178,-4.3045,8442.3656,9525.7206,2968.6971,2968.6999,9525.7178
427,2978.2804,9549.7731,-2.8059,8463.2406,9549.7743,2978.2792,2978.2804,9549.7731
428,2975.5180,9539.0721,-2.8273,8453.6351,9539.0733,2975.5168,2975.5180,9539.0721
429,2971.9233,9539.5031,4.7663,8454.8119,9539.5066,2971.9199,2971.9233,9539.5031
430,2976.8038,9549.1030,2.5159,8462.9157,9549.1040,2976.8028,2976.8038,9549.1030
431,2972.8636,9536.1075,-1.8619,8451.3744,9536.1081,2972.8631,2972.8636,9536.1075
432,2974.4482,9539.3529,-3.8537,8454.1309,9539.3552,2974.4459,2974.4482,9539.3529
433,2974.1716,9569.2807,1.9072,8482.6975,9569.2812,2974.1710,2974.1716,9569.2807
434,2975.8415,9578.9247,1.7932,8491.5298,9578.9252,2975.8410,2975.8415,9578.9247
435,2975.7463,9570.5657,-4.8970,8483.5894,9570.5693,2975.7427,2975.7463,9570.5657
436,2978.8880,9573.0191,-4.2959,8485.2562,9573.0219,2978.8852,2978.8880,9573.0191
437,2973.0611,9562.5171,6.0235,8476.4962,9562.5226,2973.0556,2973.0611,9562.5171
438,2973.7892,9551.3356,5.5461,8465.6876,9551.3403,2973.7845,2973.7892,9551.3356
439,2972.0548,9551.6443,6.4108,8466.3529,9551.6506,2972.0486,2972.0548,9551.6443
440,2990.6730,9587.0609,0.0048,8496.1225,9587.0609,2990.6730,2990.6730,9587.0609
441,2990.3558,9586.1315,0.3112,8495.3046,9586.1315,2990.3558,2990.3558,9586.1315
442,2978.6525,9567.6369,-5.3777,8480.1809,9567.6413,2978.6481,2978.6525,9567.6369
443,2981.1938,9571.2771,-3.8611,8483.1053,9571.2794,2981.1915,2981.1938,9571.2771
444,2985.2759,9579.9909,-1.1324,8490.5351,9579.9911,2985.2757,2985.2759,9579.9909
445,2983.0059,9573.2367,-1.9664,8484.5846,9573.2373,2983.0053,2983.0059,9573.2367
446,2975.6031,9576.5229,-3.4659,8489.2938,9576.5247,2975.6012,2975.6031,9576.5229
447,2974.4685,9569.8402,-1.7677,8483.1672,9569.8407,2974.4680,2974.4685,9569.8402
448,2973.0072,9535.1634,-0.0950,8450.4440,9535.1634,2973.0072,2973.0072,9535.1634
449,2974.1101,9566.8053,3.7182,8480.3540,9566.8074,2974.1080,2974.1101,9566.8053
450,2972.0587,9554.8885,6.1145,8469.4422,9554.8942,2972.0530,2972.0587,9554.8885
451,2968.1874,9544.2224,-5.9736,8460.1054,9544.2278,2968.1820,2968.1874,9544.2224
452,2970.3214,9543.4556,-8.4373,8458.9265,9543.4664,2970.3105,2970.3214,9543.4556
453,2979.4298,9557.8876,-3.8019,8470.7264,9557.8898,2979.4276,2979.4298,9557.8876
454,2973.6921,9578.5476,0.5846,8491.6294,9578.5477,2973.6920,2973.6921,9578.5476
455,2981.2764,9581.4170,1.6482,8492.7449,9581.4174,2981.2760,2981.2764,9581.4170
456,2978.0182,9569.9800,4.3905,8482.5464,9569.9829,2978.0152,2978.0182,9569.9800
457,2967.5742,9557.4948,-8.7266,8472.8896,9557.5064,2967.5626,2967.5742,9557.4948
458,2971.9940,9562.2522,-7.3848,8476.4747,9562.2605,2971.9857,2971.9940,9562.2522
459,2973.5873,9564.9553,-3.6083,8478.7028,9564.9573,2973.5853,2973.5873,9564.9553
460,2970.3687,9564.0892,-3.6323,8478.5648,9564.0912,2970.3667,2970.3687,9564.0892
461,2975.0702,9573.7514,-4.2113,8486.7679,9573.7541,2975.0675,2975.0702,9573.7514
462,2965.4164,9524.6206,6.3684,8442.0227,9524.6268,2965.4103,2965.4164,9524.6206
463,2965.4218,9506.8849,-1.7758,8425.1216,9506.8854,2965.4213,2965.4218,9506.8849
464,2963.4914,9514.0026,-5.2020,8432.3154,9514.0068,2963.4873,2963.4914,9514.0026
465,2963.1101,9510.6018,-3.7734,8429.1547,9510.6039,2963.1080,2963.1101,9510.6018
466,2979.0073,9569.2474,4.3088,8481.6377,9569.2502,2979.0045,2979.0073,9569.2474
467,2977.0530,9569.5585,4.8000,8482.3511,9569.5620,2977.0495,2977.0530,9569.5585
468,2969.9042,9558.2445,-5.0145,8473.0971,9558.2483,2969.9004,2969.9042,9558.2445
469,2969.3674,9554.6686,-5.9965,8469.8065,9554.6741,2969.3619,2969.3674,9554.6686
470,2963.7355,9518.2062,-9.4927,8436.2789,9518.2200,2963.7218,2963.7355,9518.2062
471,2969.3204,9536.6744,-8.0427,8452.6786,9536.6843,2969.3106,2969.3204,9536.6744
472,2978.4487,9580.9233,0.9180,8492.8771,9580.9234,2978.4486,2978.4487,9580.9233
473,2975.3981,9578.6801,0.7821,8491.3910,9578.6802,2975.3980,2975.3981,9578.6801
474,2987.0948,9582.2905,0.7099,8492.3388,9582.2906,2987.0947,2987.0948,9582.2905
475,2990.4503,9587.2274,0.3924,8496.3284,9587.2274,2990.4503,2990.4503,9587.2274
476,2989.0559,9583.5243,-0.2563,8493.0974,9583.5243,2989.0558,2989.0559,9583.5243
477,2986.3577,9584.3633,-1.5208,8494.4700,9584.3636,2986.3574,2986.3577,9584.3633
478,2985.3082,9581.8380,2.0014,8492.2881,9581.8386,2985.3075,2985.3082,9581.8380
479,2987.1976,9583.9595,1.5963,8493.9070,9583.9598,2987.1972,2987.1976,9583.9595
480,2985.9680,9570.4138,0.5484,8481.2662,9570.4138,2985.9679,2985.9680,9570.4138
481,2983.7292,9565.4585,1.5490,8477.0222,9565.4589,2983.7288,2983.7292,9565.4585
482,2978.8457,9554.6834,2.0838,8467.7968,9554.6841,2978.8451,2978.8457,9554.6834
483,2989.6321,9585.5348,-0.2797,8494.8899,9585.5348,2989.6320,2989.6321,9585.5348
484,2990.6784,9587.2196,0.3632,8496.2726,9587.2197,2990.6784,2990.6784,9587.2196
485,2979.0689,9558.7383,2.8605,8471.6122,9558.7395,2979.0677,2979.0689,9558.7383
486,2985.8173,9574.2031,1.9621,8484.9078,9574.2037,2985.8168,2985.8173,9574.2031
487,2987.2730,9584.4378,-1.6796,8494.3466,9584.4383,2987.2726,2987.2730,9584.4378
488,2985.3006,9583.1489,-1.8545,8493.5383,9583.1494,2985.3001,2985.3006,9583.1489
489,2975.7621,9544.0132,0.5557,8458.2880,9544.0133,2975.7621,2975.7621,9544.0132
490,2975.4315,9544.1391,1.7543,8458.4786,9544.1395,2975.4310,2975.4315,9544.1391
491,2989.2425,9581.5826,-0.6404,8491.2086,9581.5826,2989.2424,2989.2425,9581.5826
492,2990.9577,9587.2645,-0.0666,8496.2560,9587.2645,2990.9577,2990.9577,9587.2645
493,2978.3478,9575.4546,0.4442,8487.6883,9575.4546,2978.3478,2978.3478,9575.4546
494,2979.3155,9581.5421,1.3760,8493.2819,9581.5423,2979.3153,2979.3155,9581.5421
495,2981.6283,9559.1745,-1.9070,8471.4834,9559.1750,2981.6277,2981.6283,9559.1745
496,2985.5223,9572.4880,-1.7767,8483.3368,9572.4885,2985.5218,2985.5223,9572.4880
497,2986.5704,9578.2414,2.0943,8488.5942,9578.2421,2986.5698,2986.5704,9578.2414
498,2980.0471,9576.2767,-1.5389,8488.1097,9576.2770,2980.0468,2980.0471,9576.2767
499,2981.7314,9575.7593,-3.5375,8487.2600,9575.7612,2981.7295,2981.7314,9575.7593
500,2981.5043,9561.8987,-1.8840,8474.1043,9561.8993,2981.5037,2981.5043,9561.8987
501,2981.3415,9561.3460,-2.5105,8473.6129,9561.3469,2981.3405,2981.3415,9561.3460
502,2977.9652,9551.9195,4.0430,8465.3533,9551.9219,2977.9627,2977.9652,9551.9195
503,2973.5713,9540.7914,5.0687,8455.6893,9540.7954,2973.5674,2973.5713,9540.7914
504,2979.5387,9571.1243,-2.4904,8483.3103,9571.1252,2979.5378,2979.5387,9571.1243
505,2979.3421,9573.9378,-1.8939,8486.0320,9573.9383,2979.3416,2979.3421,9573.9378
506,2984.8130,9582.0074,0.3632,8492.5541,9582.0074,2984.8130,2984.8130,9582.0074
507,2981.1608,9578.9960,-2.2145,8490.4636,9578.9968,2981.1601,2981.1608,9578.9960
508,2969.1996,9532.4618,-7.6470,8448.6903,9532.4707,2969.1907,2969.1996,9532.4618
509,2983.2092,9582.5753,-2.2262,8493.4371,9582.5760,2983.2084,2983.2092,9582.5753
510,2979.6644,9582.1101,-0.3843,8493.7484,9582.1101,2979.6644,2979.6644,9582.1101
511,2988.5745,9580.0534,-0.1880,8489.8938,9580.0534,2988.5745,2988.5745,9580.0534
512,2988.0012,9579.9214,-0.1417,8489.8898,9579.9214,2988.0012,2988.0012,9579.9214
513,2982.0307,9568.9517,3.8931,8480.7124,9568.9540,2982.0283,2982.0307,9568.9517
514,2979.7789,9571.3168,2.8366,8483.4429,9571.3180,2979.7777,2979.7789,9571.3168
515,2973.1402,9537.2210,2.0771,8452.3763,9537.2216,2973.1396,2973.1402,9537.2210
516,2968.3767,9520.3950,0.3762,8437.3611,9520.3950,2968.3767,2968.3767,9520.3950
517,2977.2826,9576.2650,-0.2084,8488.6875,9576.2650,2977.2826,2977.2826,9576.2650
518,2972.0632,9541.2442,5.9093,8456.4428,9541.2495,2972.0579,2972.0632,9541.2442
519,2967.5347,9541.5285,6.6479,8457.6796,9541.5353,2967.5279,2967.5347,9541.5285
520,2980.4554,9575.1645,3.6630,8486.9652,9575.1665,2980.4533,2980.4554,9575.1645
521,2975.2454,9560.3776,4.6199,8473.9896,9560.3808,2975.2421,2975.2454,9560.3776
522,2980.1085,9573.3878,2.1843,8485.3450,9573.3885,2980.1077,2980.1085,9573.3878
523,2976.2031,9577.9421,3.0275,8490.5174,9577.9435,2976.2018,2976.2031,9577.9421
524,2976.4812,9547.8685,-2.4865,8461.8083,9547.8694,2976.4802,2976.4812,9547.8685
525,2980.2104,9557.9820,-1.7937,8470.6485,9557.9824,2980.2099,2980.2104,9557.9820
526,2975.6813,9564.1255,5.8097,8477.4694,9564.1306,2975.6762,2975.6813,9564.1255
527,2971.6072,9557.8777,6.4897,8472.3871,9557.8841,2971.6008,2971.6072,9557.8777
528,2968.8692,9524.7023,-5.1413,8441.3637,9524.7063,2968.8652,2968.8692,9524.7023
529,2961.8946,9507.6704,-8.2520,8426.6306,9507.6808,2961.8842,2961.8946,9507.6704
530,2976.6288,9560.6772,-3.8891,8473.9793,9560.6795,2976.6265,2976.6288,9560.6772
531,2978.0175,9559.7874,-5.2821,8472.8386,9559.7917,2978.0133,2978.0175,9559.7874
532,2977.9235,9563.0364,-5.4014,8475.9537,9563.0409,2977.9191,2977.9235,9563.0364
533,2973.8659,9551.8616,-6.9011,8466.1754,9551.8689,2973.8587,2973.8659,9551.8616
534,2982.8398,9564.7914,0.5154,8476.5753,9564.7914,2982.8398,2982.8398,9564.7914
535,2985.9668,9572.8113,0.5773,8483.5499,9572.8114,2985.9667,2985.9668,9572.8113
536,2980.1051,9564.0325,2.9116,8476.4348,9564.0338,2980.1038,2980.1051,9564.0325
537,2980.0720,9567.6802,3.0393,8479.9166,9567.6816,2980.0706,2980.0720,9567.6802
538,2964.0831,9513.7244,4.5434,8431.9234,9513.7275,2964.0799,2964.0831,9513.7244
539,2968.5987,9527.6461,4.3525,8444.2239,9527.6490,2968.5958,2968.5987,9527.6461
540,2961.8026,9494.9095,4.4845,8414.4871,9494.9126,2961.7996,2961.8026,9494.9095
541,2967.2912,9519.5102,2.5309,8436.7501,9519.5112,2967.2902,2967.2912,9519.5102
542,2968.4512,9552.6564,4.8615,8468.0827,9552.6600,2968.4476,2968.4512,9552.6564
543,2978.5766,9550.8226,3.1279,8464.1776,9550.8241,2978.5752,2978.5766,9550.8226
544,2980.6808,9559.4945,1.8832,8471.9892,9559.4950,2980.6803,2980.6808,9559.4945
545,2989.3693,9586.0898,0.7329,8495.4744,9586.0899,2989.3692,2989.3693,9586.0898
546,2987.0991,9583.6729,0.5152,8493.6545,9583.6729,2987.0990,2987.0991,9583.6729
547,2984.8573,9584.6399,-0.9931,8495.0524,9584.6401,2984.8571,2984.8573,9584.6399
548,2991.0159,9587.5586,-0.0686,8496.5237,9587.5586,2991.0159,2991.0159,9587.5586
549,2990.4153,9586.6695,0.4464,8495.8044,9586.6695,2990.4153,2990.4153,9586.6695
550,2986.3111,9576.2117,2.0779,8486.7161,9576.2124,2986.3104,2986.3111,9576.2117
551,2984.4664,9571.0467,1.3229,8482.1880,9571.0470,2984.4661,2984.4664,9571.0467
552,2987.7995,9586.0362,-0.7370,8495.7568,9586.0363,2987.7995,2987.7995,9586.0362
553,2989.5202,9586.3836,0.4395,8495.7222,9586.3837,2989.5201,2989.5202,9586.3836
554,2988.0198,9580.3489,1.3045,8490.2933,9580.3492,2988.0195,2988.0198,9580.3489
555,2986.8191,9582.1597,-1.8187,8492.2732,9582.1602,2986.8186,2986.8191,9582.1597
556,2987.7786,9581.9760,-0.8164,8491.8941,9581.9761,2987.7785,2987.7786,9581.9760
557,2983.5973,9584.9159,-0.4318,8495.5834,9584.9159,2983.5972,2983.5973,9584.9159
558,2985.8720,9585.1027,-0.8172,8495.2774,9585.1028,2985.8719,2985.8720,9585.1027
559,2985.9046,9582.0869,0.5113,8492.3977,9582.0869,2985.9046,2985.9046,9582.0869
560,2987.6829,9583.7984,0.3073,8493.6500,9583.7984,2987.6828,2987.6829,9583.7984
561,2990.5657,9586.0079,-0.2713,8495.1425,9586.0080,2990.5657,2990.5657,9586.0079
562,2989.2857,9583.2659,-0.6439,8492.8026,9583.2660,2989.2857,2989.2857,9583.2659
563,2981.8909,9571.9329,-3.8696,8483.5817,9571.9352,2981.8886,2981.8909,9571.9329
564,2980.1164,9572.8674,-2.2459,8484.8476,9572.8681,2980.1157,2980.1164,9572.8674
565,2978.0641,9554.8723,3.0773,8468.1436,9554.8737,2978.0626,2978.0641,9554.8723
566,2979.3837,9554.8615,0.9785,8467.8515,9554.8616,2979.3836,2979.3837,9554.8615
567,2984.0301,9568.7105,1.4205,8480.0555,9568.7108,2984.0298,2984.0301,9568.7105
568,2981.1190,9559.9232,0.6128,8472.3040,9559.9233,2981.1190,2981.1190,9559.9232
569,2970.4482,9523.1317,-0.6583,8439.5279,9523.1317,2970.4481,2970.4482,9523.1317
570,2974.9520,9541.4785,-2.7875,8456.0472,9541.4797,2974.9508,2974.9520,9541.4785
571,2984.9015,9579.8541,1.1778,8490.4844,9579.8543,2984.9013,2984.9015,9579.8541
572,2979.3540,9575.1806,2.3413,8487.2138,9575.1815,2979.3532,2979.3540,9575.1806
573,2968.0455,9544.4130,6.3480,8460.3181,9544.4191,2968.0394,2968.0455,9544.4130
574,2970.3162,9541.9252,7.1398,8457.4661,9541.9329,2970.3085,2970.3162,9541.9252
575,2981.3620,9574.1663,3.4453,8485.8211,9574.1681,2981.3602,2981.3620,9574.1663
576,2982.7093,9577.3841,1.5256,8488.5980,9577.3844,2982.7089,2982.7093,9577.3841
577,2986.1664,9574.6330,-0.6068,8485.2425,9574.6331,2986.1664,2986.1664,9574.6330
578,2983.2552,9560.9625,-0.1185,8472.8404,9560.9625,2983.2552,2983.2552,9560.9625
579,2975.5678,9547.8935,-3.7751,8462.0277,9547.8957,2975.5656,2975.5678,9547.8935
580,2973.1822,9535.4771,0.4114,8450.7057,9535.4771,2973.1822,2973.1822,9535.4771
581,2983.4555,9580.3111,-2.7948,8491.2284,9580.3123,2983.4543,2983.4555,9580.3111
582,2985.8964,9578.0333,-1.4054,8488.5387,9578.0336,2985.8961,2985.8964,9578.0333
583,2982.7130,9574.5549,2.0009,8485.9025,9574.5555,2982.7124,2982.7130,9574.5549
584,2984.4435,9573.6370,2.9603,8484.6612,9573.6383,2984.4422,2984.4435,9573.6370
585,2986.2447,9573.1926,-0.5433,8483.8540,9573.1926,2986.2446,2986.2447,9573.1926
586,2983.0120,9567.4803,-2.8621,8479.1011,9567.4815,2983.0108,2983.0120,9567.4803
587,2987.4457,9581.8181,-0.5943,8491.8142,9581.8181,2987.4457,2987.4457,9581.8181
588,2984.5915,9575.5533,-3.0215,8486.4551,9575.5547,2984.5901,2984.5915,9575.5533
589,2963.9856,9510.2493,3.4945,8428.6326,9510.2512,2963.9838,2963.9856,9510.2493
590,2963.5021,9507.6135,3.4528,8426.2247,9507.6153,2963.5003,2963.5021,9507.6135
591,2973.0883,9562.1054,4.7037,8476.0956,9562.1087,2973.0850,2973.0883,9562.1054
592,2983.3520,9579.0557,2.9666,8490.0547,9579.0570,2983.3507,2983.3520,9579.0557
593,2979.1688,9578.4856,3.1693,8490.4027,9578.4872,2979.1673,2979.1688,9578.4856
594,2985.8420,9572.5489,-0.9566,8483.3265,9572.5490,2985.8419,2985.8420,9572.5489
595,2987.4559,9576.8741,0.9176,8487.1033,9576.8742,2987.4557,2987.4559,9576.8741
596,2977.4802,9550.4218,-3.3567,8464.0290,9550.4235,2977.4785,2977.4802,9550.4218
597,2976.8837,9552.6335,4.6472,8466.2641,9552.6367,2976.8804,2976.8837,9552.6335
598,2975.1010,9551.9748,5.3213,8466.0170,9551.9791,2975.0967,2975.1010,9551.9748
599,2975.0256,9534.6942,1.4067,8449.5691,9534.6945,2975.0253,2975.0256,9534.6942
600,2970.5199,9520.8948,1.7476,8437.3827,9520.8952,2970.5195,2970.5199,9520.8948
601,2966.4083,9520.7530,-6.9159,8438.1289,9520.7603,2966.4010,2966.4083,9520.7530
602,2971.0063,9534.0883,-5.9152,8449.8513,9534.0936,2971.0009,2971.0063,9534.0883
603,2976.4381,9548.9631,4.9493,8462.8633,9548.9668,2976.4344,2976.4381,9548.9631
604,2976.9899,9546.7044,3.8857,8460.5932,9546.7067,2976.9876,2976.9899,9546.7044
605,2980.3923,9578.3519,0.4124,8490.0128,9578.3519,2980.3923,2980.3923,9578.3519
606,2977.4989,9575.0534,0.7776,8487.4872,9575.0535,2977.4988,2977.4989,9575.0534
607,2978.6530,9573.0502,-4.7501,8485.3366,9573.0537,2978.6496,2978.6530,9573.0502
608,2977.4871,9573.1890,-2.6843,8485.7146,9573.1901,2977.4860,2977.4871,9573.1890
609,2978.5149,9575.2248,-3.9351,8487.4364,9575.2271,2978.5125,2978.5149,9575.2248
610,2990.2901,9584.8303,-0.2151,8494.0793,9584.8303,2990.2901,2990.2901,9584.8303
611,2989.4340,9584.8617,-0.3491,8494.2910,9584.8617,2989.4339,2989.4340,9584.8617
612,2968.2552,9525.0065,7.2397,8441.7886,9525.0145,2968.2472,2968.2552,9525.0065
613,2989.1336,9585.3195,0.1502,8494.7907,9585.3196,2989.1336,2989.1336,9585.3195
614,2987.1594,9581.8323,1.9256,8491.8892,9581.8328,2987.1588,2987.1594,9581.8323
615,2985.8494,9582.9096,-0.1004,8493.1930,9582.9096,2985.8494,2985.8494,9582.9096
616,2983.5744,9579.9854,-0.0343,8490.8914,9579.9854,2983.5744,2983.5744,9579.9854
617,2981.2644,9562.7135,3.5628,8474.9329,9562.7154,2981.2624,2981.2644,9562.7135
618,2981.2584,9560.8900,3.6396,8473.1975,9560.8921,2981.2564,2981.2584,9560.8900
619,2989.9087,9584.9611,0.1169,8494.2849,9584.9611,2989.9087,2989.9087,9584.9611
620,2990.6758,9587.2985,-0.0653,8496.3482,9587.2985,2990.6758,2990.6758,9587.2985
621,2987.0069,9579.4633,0.7314,8489.6647,9579.4634,2987.0068,2987.0069,9579.4633
622,2988.1748,9583.3222,1.3994,8493.0923,9583.3225,2988.1745,2988.1748,9583.3222
623,2990.2674,9585.2373,-0.3366,8494.4718,9585.2374,2990.2674,2990.2674,9585.2373
624,2988.9878,9585.5268,-0.4075,8495.0191,9585.5268,2988.9878,2988.9878,9585.5268
625,2984.0635,9583.5107,-1.7842,8494.1460,9583.5112,2984.0631,2984.0635,9583.5107
626,2982.8735,9577.9150,-1.4002,8489.0687,9577.9153,2982.8732,2982.8735,9577.9150
627,2990.4203,9586.9302,0.2309,8496.0516,9586.9302,2990.4202,2990.4203,9586.9302
628,2990.7985,9587.0392,-0.0688,8496.0752,9587.0392,2990.7985,2990.7985,9587.0392
629,2985.0790,9584.0870,-0.0375,8494.4784,9584.0870,2985.0790,2985.0790,9584.0870
630,2982.8760,9577.2192,2.2156,8488.4059,9577.2200,2982.8753,2982.8760,9577.2192
631,2983.5751,9567.2415,-1.2928,8478.7530,9567.2418,2983.5748,2983.5751,9567.2415
632,2984.4391,9567.5553,-1.1105,8478.8683,9567.5555,2984.4389,2984.4391,9567.5553
633,2988.1753,9584.9734,-1.1297,8494.6648,9584.9736,2988.1751,2988.1753,9584.9734
634,2986.9275,9583.9377,0.2676,8493.9432,9583.9377,2986.9275,2986.9275,9583.9377
635,2977.1164,9547.9512,0.0457,8461.7512,9547.9512,2977.1164,2977.1164,9547.9512
636,2980.0577,9551.2580,1.1337,8464.2765,9551.2582,2980.0575,2980.0577,9551.2580
637,2968.8747,9530.3140,6.6120,8446.7109,9530.3207,2968.8680,2968.8747,9530.3140
638,2983.7078,9570.3255,2.7717,8481.6632,9570.3267,2983.7067,2983.7078,9570.3255
639,2981.6764,9564.0795,2.3485,8476.1452,9564.0803,2981.6756,2981.6764,9564.0795
640,2980.2625,9569.6385,-2.7783,8481.7412,9569.6397,2980.2613,2980.2625,9569.6385
641,2979.8548,9564.7235,-2.9219,8477.1463,9564.7248,2979.8535,2979.8548,9564.7235
642,2978.8317,9546.5967,0.4430,8460.0971,9546.5967,2978.8317,2978.8317,9546.5967
643,2981.9662,9557.0897,0.6714,8469.4256,9557.0898,2981.9661,2981.9662,9557.0897
644,2989.0150,9582.2700,0.6404,8491.9115,9582.2700,2989.0149,2989.0150,9582.2700
645,2974.9079,9535.9841,-0.5870,8450.8222,9535.9842,2974.9079,2974.9079,9535.9841
646,2972.7474,9531.8738,0.7897,8447.3661,9531.8739,2972.7473,2972.7474,9531.8738
647,2964.7931,9525.4697,-5.3457,8442.9622,9525.4741,2964.7888,2964.7931,9525.4697
648,2987.3690,9578.4582,-1.2847,8488.6306,9578.4584,2987.3688,2987.3690,9578.4582
649,2984.2169,9577.1558,-2.5582,8488.0606,9577.1568,2984.2159,2984.2169,9577.1558
650,2967.3311,9533.1716,7.4530,8449.7636,9533.1801,2967.3226,2967.3311,9533.1716
651,2968.7618,9532.5796,7.8689,8448.8963,9532.5890,2968.7524,2968.7618,9532.5796
652,2989.6098,9587.4117,-0.5523,8496.6823,9587.4117,2989.6097,2989.6098,9587.4117
653,2988.6349,9585.4296,0.5156,8495.0015,9585.4296,2988.6348,2988.6349,9585.4296
654,2980.0079,9565.0578,-4.0963,8477.4336,9565.0603,2980.0053,2980.0079,9565.0578
655,2984.0595,9568.1685,-0.2071,8479.5328,9568.1686,2984.0595,2984.0595,9568.1685
656,2988.9005,9585.1758,-0.0018,8494.7033,9585.1758,2988.9005,2988.9005,9585.1758
657,2987.5270,9584.4025,-0.0036,8494.2585,9584.4025,2987.5270,2987.5270,9584.4025
658,2985.9979,9573.1755,-1.6386,8483.8906,9573.1759,2985.9974,2985.9979,9573.1755
659,2989.1302,9582.5891,-0.9173,8492.1911,9582.5892,2989.1300,2989.1302,9582.5891
660,2991.1010,9588.1397,-0.0223,8497.0591,9588.1397,2991.1010,2991.1010,9588.1397
661,2990.7078,9587.0988,0.1043,8496.1512,9587.0988,2990.7077,2990.7078,9587.0988
662,2975.9107,9549.0218,3.4653,8463.0291,9549.0236,2975.9089,2975.9107,9549.0218
663,2979.5020,9551.2445,1.9850,8464.3820,9551.2451,2979.5014,2979.5020,9551.2445
664,2989.1841,9583.9417,0.8367,8493.4679,9583.9418,2989.1840,2989.1841,9583.9417
665,2989.5781,9585.4650,0.8777,8494.8351,9585.4652,2989.5780,2989.5781,9585.4650
666,2987.5867,9580.9647,0.6170,8490.9715,9580.9647,2987.5866,2987.5867,9580.9647
667,2988.5979,9583.3501,1.3216,8493.0290,9583.3504,2988.5976,2988.5979,9583.3501
668,2980.3147,9558.5341,-2.7053,8471.1529,9558.5352,2980.3136,2980.3147,9558.5341
669,2979.2873,9557.4052,-2.8880,8470.2961,9557.4064,2979.2860,2979.2873,9557.4052
670,2966.3426,9547.6243,9.6042,8463.7504,9547.6383,2966.3286,2966.3426,9547.6243
671,2980.7753,9576.8237,1.1632,8488.4756,9576.8239,2980.7751,2980.7753,9576.8237
672,2982.5906,9584.5281,-0.5330,8495.4284,9584.5281,2982.5906,2982.5906,9584.5281
673,2981.9915,9577.1397,-1.6060,8488.5180,9577.1401,2981.9911,2981.9915,9577.1397
674,2982.3896,9577.0551,-2.7091,8488.3534,9577.0562,2982.3885,2982.3896,9577.0551
675,2988.7855,9586.0295,-0.1958,8495.5409,9586.0295,2988.7855,2988.7855,9586.0295
676,2988.5670,9585.6101,0.1133,8495.1878,9585.6101,2988.5670,2988.5670,9585.6101
677,2981.4726,9580.0958,2.4174,8491.4450,9580.0967,2981.4717,2981.4726,9580.0958
678,2983.8993,9580.6245,0.8666,8491.4313,9580.6246,2983.8991,2983.8993,9580.6245
679,2980.5347,9556.5484,2.5019,8469.2147,9556.5493,2980.5338,2980.5347,9556.5484
680,2981.3565,9556.6733,1.6005,8469.1587,9556.6737,2981.3561,2981.3565,9556.6733
681,2965.3490,9513.7312,-4.5798,8431.6609,9513.7344,2965.3458,2965.3490,9513.7312
682,2977.2147,9555.5475,3.6771,8468.9680,9555.5495,2977.2127,2977.2147,9555.5475
683,2976.9606,9558.7947,4.0069,8472.1157,9558.7972,2976.9581,2976.9606,9558.7947
684,2984.3935,9576.2985,2.9682,8487.2069,9576.2999,2984.3921,2984.3935,9576.2985
685,2981.6770,9571.7070,3.9841,8483.4122,9571.7095,2981.6746,2981.6770,9571.7070
686,2971.6135,9568.1964,0.5519,8482.2101,9568.1964,2971.6134,2971.6135,9568.1964
687,2971.5770,9571.1305,2.3655,8485.0147,9571.1313,2971.5762,2971.5770,9571.1305
688,2982.1997,9567.5951,2.0435,8479.3823,9567.5957,2982.1991,2982.1997,9567.5951
689,2981.0415,9569.9977,3.5446,8481.9185,9569.9996,2981.0396,2981.0415,9569.9977
690,2986.1227,9572.4439,1.6567,8483.1673,9572.4444,2986.1223,2986.1227,9572.4439
691,2984.2423,9565.2358,0.7920,8476.7009,9565.2359,2984.2422,2984.2423,9565.2358
692,2976.2567,9538.6451,1.2971,8453.0706,9538.6453,2976.2564,2976.2567,9538.6451
693,2988.5229,9581.4763,0.3978,8491.2600,9581.4763,2988.5229,2988.5229,9581.4763
694,2988.1069,9580.2816,0.0983,8490.2104,9580.2816,2988.1069,2988.1069,9580.2816
695,2960.4866,9493.3647,-3.7578,8413.2941,9493.3669,2960.4845,2960.4866,9493.3647
696,2981.6284,9560.7084,1.6593,8472.9441,9560.7088,2981.6280,2981.6284,9560.7084
697,2986.1914,9575.9674,-0.6288,8486.5081,9575.9674,2986.1913,2986.1914,9575.9674
698,2984.2300,9572.1966,-2.0560,8483.3338,9572.1972,2984.2293,2984.2300,9572.1966
699,2989.8778,9586.2418,0.7117,8495.5112,9586.2418,2989.8777,2989.8778,9586.2418
700,2990.7593,9588.0921,-0.1304,8497.0863,9588.0921,2990.7593,2990.7593,9588.0921
701,2983.9299,9583.5673,1.5018,8494.2283,9583.5676,2983.9296,2983.9299,9583.5673
702,2988.8805,9582.5942,0.2249,8492.2488,9582.5942,2988.8804,2988.8805,9582.5942
703,2971.2931,9569.5673,-2.6949,8483.5861,9569.5684,2971.2920,2971.2931,9569.5673
704,2985.8826,9582.2299,1.5908,8492.5390,9582.2302,2985.8822,2985.8826,9582.2299
705,2990.6478,9587.7736,-0.1446,8496.8066,9587.7736,2990.6478,2990.6478,9587.7736
706,2989.9950,9584.9386,0.0539,8494.2451,9584.9386,2989.9950,2989.9950,9584.9386
707,2986.9280,9575.9906,1.1052,8486.3740,9575.9908,2986.9279,2986.9280,9575.9906
708,2989.4368,9583.8361,0.0884,8493.3136,9583.8361,2989.4368,2989.4368,9583.8361
709,2987.6843,9575.8039,-0.5282,8486.0356,9575.8040,2987.6842,2987.6843,9575.8039
710,2965.1682,9533.0874,-10.2530,8450.1530,9533.1034,2965.1522,2965.1682,9533.0874
711,2983.0494,9566.7695,2.5597,8478.4159,9566.7705,2983.0484,2983.0494,9566.7695
712,2979.6818,9558.1792,2.9646,8470.9496,9558.1806,2979.6805,2979.6818,9558.1792
713,2968.1169,9547.8505,-5.5885,8463.5763,9547.8552,2968.1121,2968.1169,9547.8505
714,2966.9610,9525.0869,-6.6788,8442.1390,9525.0937,2966.9542,2966.9610,9525.0869
715,2966.8219,9534.1257,-6.6367,8450.7789,9534.1324,2966.8152,2966.8219,9534.1257
716,2969.5894,9540.0244,-8.3882,8455.8135,9540.0351,2969.5787,2969.5894,9540.0244
717,2987.7961,9578.7870,0.4066,8488.8530,9578.7871,2987.7961,2987.7961,9578.7870
718,2987.8947,9586.8703,-0.1000,8496.5309,9586.8703,2987.8947,2987.8947,9586.8703
719,2963.7572,9512.2491,-8.9475,8430.5980,9512.2613,2963.7449,2963.7572,9512.2491
720,2970.8754,9574.6114,-3.4898,8488.4830,9574.6133,2970.8736,2970.8754,9574.6114
721,2987.7836,9584.0444,1.1608,8493.8632,9584.0446,2987.7834,2987.7836,9584.0444
722,2986.1251,9585.9679,0.3285,8496.0476,9585.9679,2986.1250,2986.1251,9585.9679
723,2963.2773,9508.4838,-8.4158,8427.1118,9508.4946,2963.2665,2963.2773,9508.4838
724,2974.2017,9575.8097,-3.1096,8488.9132,9575.8112,2974.2002,2974.2017,9575.8097
725,2972.0450,9574.1175,-4.6996,8487.7639,9574.1209,2972.0417,2972.0450,9574.1175
726,2979.8007,9574.2012,2.7110,8486.1859,9574.2023,2979.7995,2979.8007,9574.2012
727,2982.2720,9584.2963,0.8030,8495.2755,9584.2964,2982.2719,2982.2720,9584.2963
728,2984.6928,9581.1135,0.5656,8491.7281,9581.1135,2984.6927,2984.6928,9581.1135
729,2963.7562,9505.2469,-3.3871,8423.9165,9505.2487,2963.7544,2963.7562,9505.2469
730,2965.7894,9507.7921,-1.6061,8425.9075,9507.7925,2965.7890,2965.7894,9507.7921
731,2971.4469,9569.0740,-0.8826,8483.0820,9569.0741,2971.4468,2971.4469,9569.0740
732,2969.1878,9573.8370,-5.3435,8488.1092,9573.8413,2969.1834,2969.1878,9573.8370
733,2966.9041,9532.0741,6.8327,8448.8074,9532.0812,2966.8970,2966.9041,9532.0741
734,2961.5411,9491.4354,-1.7502,8411.2308,9491.4358,2961.5406,2961.5411,9491.4354
