face,S11,S22,S12,von_mises,principal_1,principal_2,T_wale_Nm,T_course_Nm
0,331.8940,689.9545,29.7132,599.8731,692.4035,329.4450,331.8940,689.9545
1,292.4805,682.6896,16.4267,593.9243,683.3799,291.7902,292.4805,682.6896
2,316.0635,689.4068,33.1266,600.4779,692.3234,313.1469,316.0635,689.4068
3,269.4634,690.9788,9.4739,603.4385,691.1916,269.2505,269.4634,690.9788
4,285.8598,722.9870,11.1577,630.9727,723.2716,285.5752,285.8598,722.9870
5,289.2931,673.4685,16.8157,585.8915,674.2031,288.5584,289.2931,673.4685
6,289.2100,705.6545,-28.4928,616.3959,707.5949,287.2696,289.2100,705.6545
7,285.1746,664.4437,-8.3253,577.5253,664.6263,284.9919,285.1746,664.4437
8,287.5851,719.5134,-5.6339,627.3584,719.5868,287.5116,287.5851,719.5134
9,314.3280,675.5584,-26.1306,587.2672,677.4388,312.4476,314.3280,675.5584
10,298.5836,674.7659,23.3197,587.0422,676.2060,297.1435,298.5836,674.7659
11,308.8418,674.9763,32.0987,587.8830,677.7691,306.0490,308.8418,674.9763
12,311.4193,712.5762,18.8763,619.6013,713.4624,310.5330,311.4193,712.5762
13,279.2151,727.3604,26.4604,637.2006,728.9173,277.6582,279.2151,727.3604
14,288.4408,701.0885,-17.0716,611.0442,701.7936,287.7358,288.4408,701.0885
15,282.5571,676.1093,-18.4542,589.0199,676.9728,281.6936,282.5571,676.1093
16,312.8758,690.6031,-16.5628,599.6448,691.3279,312.1509,312.8758,690.6031
17,263.2600,353.3517,45.3233,327.5705,372.2067,244.4049,263.2600,353.3517
18,275.3967,690.8870,-10.2203,602.6720,691.1382,275.1455,275.3967,690.8870
19,288.3818,620.5006,-3.4513,537.8473,620.5364,288.3460,288.3818,620.5006
20,267.9719,688.1274,1.9946,600.7840,688.1369,267.9625,267.9719,688.1274
21,275.1369,700.0417,-18.6467,611.7144,700.8584,274.3202,275.1369,700.0417
22,279.5619,699.4004,-10.5367,610.0190,699.6647,279.2976,279.5619,699.4004
23,310.5517,697.9571,-18.0386,606.4742,698.7952,309.7136,310.5517,697.9571
24,286.5846,704.4146,-19.4729,614.4867,705.3202,285.6791,286.5846,704.4146
25,302.2813,667.4854,-16.4481,579.6154,668.2247,301.5420,302.2813,667.4854
26,309.4156,682.5477,28.7342,594.0500,684.7475,307.2158,309.4156,682.5477
27,290.0974,689.3222,24.4200,600.9492,690.8103,288.6092,290.0974,689.3222
28,299.7396,695.4211,20.1226,605.1643,696.4418,298.7189,299.7396,695.4211
29,266.5157,702.3157,-21.2440,615.1859,703.3488,265.4825,266.5157,702.3157
30,282.9423,710.2121,-6.8257,619.3935,710.3211,282.8333,282.9423,710.2121
31,309.1387,688.5027,-25.6743,598.9469,690.2324,307.4090,309.1387,688.5027
32,322.3827,700.1433,22.3911,608.2115,701.4658,321.0601,322.3827,700.1433
33,279.0923,715.8084,16.7347,625.5699,716.4487,278.4520,279.0923,715.8084
34,291.1782,720.6367,16.2366,628.5374,721.2497,290.5652,291.1782,720.6367
35,283.9954,715.0201,26.5631,625.2691,716.6509,282.3645,283.9954,715.0201
36,282.5746,666.9045,-21.0795,580.9413,668.0572,281.4219,282.5746,666.9045
37,279.5143,718.4054,-32.5657,629.7710,720.8086,277.1110,279.5143,718.4054
38,274.9802,682.0933,-6.1066,594.4872,682.1848,274.8886,274.9802,682.0933
39,298.3785,679.0193,-18.9646,590.3992,679.9619,297.4359,298.3785,679.0193
40,299.5090,664.3953,-16.7744,577.0429,665.1648,298.7395,299.5090,664.3953
41,298.2497,671.4414,-8.3582,582.8712,671.6285,298.0626,298.2497,671.4414
42,278.2853,724.3014,-15.4448,633.4102,724.8356,277.7511,278.2853,724.3014
43,277.1582,669.3412,9.6248,582.7511,669.5773,276.9222,277.1582,669.3412
44,264.4205,643.3116,16.2594,560.7641,644.0080,263.7240,264.4205,643.3116
45,285.7886,720.2826,-7.5180,628.3336,720.4126,285.6585,285.7886,720.2826
46,313.9918,660.9855,-28.7750,574.8327,663.3555,311.6218,313.9918,660.9855
47,302.7589,674.4160,-28.0418,587.0890,676.5198,300.6550,302.7589,674.4160
48,309.2566,685.6261,-19.1670,595.6430,686.5997,308.2831,309.2566,685.6261
49,304.5214,675.7056,29.6759,588.3761,678.0632,302.1638,304.5214,675.7056
50,278.1016,725.8300,32.6366,636.7972,728.1965,275.7351,278.1016,725.8300
51,287.3123,668.8746,20.8502,582.2971,670.0106,286.1764,287.3123,668.8746
52,281.1807,670.7714,28.6625,585.5369,672.8688,279.0833,281.1807,670.7714
53,277.6564,677.0652,27.1735,591.3832,678.9055,275.8162,277.6564,677.0652
54,289.7176,617.6022,5.9133,535.2975,617.7088,289.6110,289.7176,617.6022
55,283.5730,614.7529,-6.6515,533.0480,614.8864,283.4395,283.5730,614.7529
56,278.2874,769.3923,13.6542,675.1707,769.7716,277.9080,278.2874,769.3923
57,287.2451,619.2547,37.0426,540.5781,623.3373,283.1624,287.2451,619.2547
58,307.3039,690.6850,24.3314,600.8389,692.2231,305.7659,307.3039,690.6850
59,299.3370,671.4187,28.5226,584.6929,673.5924,297.1633,299.3370,671.4187
60,311.1474,661.9194,30.4910,576.0075,664.5501,308.5167,311.1474,661.9194
61,309.6831,660.1757,25.6604,573.8168,662.0444,307.8144,309.6831,660.1757
62,278.3710,698.3098,21.8549,610.0579,699.4441,277.2367,278.3710,698.3098
63,283.5055,644.4110,10.9258,559.7365,644.7415,283.1751,283.5055,644.4110
64,274.7102,659.6930,-4.4898,574.0179,659.7453,274.6579,274.7102,659.6930
65,272.4165,715.1626,9.9298,625.4134,715.3852,272.1939,272.4165,715.1626
66,278.8873,774.9144,16.5192,680.4229,775.4639,278.3377,278.8873,774.9144
67,306.2304,612.8792,7.4816,530.9271,613.0616,306.0480,306.2304,612.8792
68,287.8829,655.8136,51.3470,576.2639,662.8450,280.8515,287.8829,655.8136
69,297.0143,594.6419,-1.5080,514.9817,594.6496,297.0067,297.0143,594.6419
70,269.1723,535.9810,38.9389,469.0488,541.5477,263.6056,269.1723,535.9810
71,307.1242,102.9239,-18.6464,272.6742,308.8129,101.2352,307.1242,102.9239
72,290.0324,598.1594,3.3098,518.1319,598.1949,289.9969,290.0324,598.1594
73,315.4758,643.2504,9.9696,557.3727,643.5533,315.1728,315.4758,643.2504
74,296.7277,616.7531,1.0149,534.2538,616.7563,296.7244,296.7277,616.7531
75,306.7887,624.9485,8.6309,541.4575,625.1824,306.5548,306.7887,624.9485
76,303.4354,629.0680,1.1519,544.9056,629.0721,303.4313,303.4354,629.0680
77,299.8986,739.4241,3.7995,644.1880,739.4570,299.8658,299.8986,739.4241
78,268.2568,355.0430,-19.0293,322.2746,359.0321,264.2677,268.2568,355.0430
79,286.6756,577.1093,5.2521,499.8776,577.2043,286.5807,286.6756,577.1093
80,287.3912,566.3467,15.2929,491.2034,567.1826,286.5553,287.3912,566.3467
81,283.0527,570.3374,11.7683,494.3516,570.8186,282.5714,283.0527,570.3374
82,292.3842,616.2796,-8.2743,534.1386,616.4909,292.1730,292.3842,616.2796
83,295.2723,616.3420,-5.3996,534.0056,616.4328,295.1816,295.2723,616.3420
84,288.4355,531.6333,38.2150,465.6911,537.4968,282.5719,288.4355,531.6333
85,296.4157,575.3144,14.0436,498.9072,576.0197,295.7104,296.4157,575.3144
86,296.8458,579.5489,23.9743,503.6686,581.5677,294.8271,296.8458,579.5489
87,277.7125,615.4999,-27.3260,535.9780,617.6962,275.5162,277.7125,615.4999
88,256.0606,604.4643,-7.7536,525.6853,604.6368,255.8882,256.0606,604.4643
89,277.7098,554.3487,20.4182,481.3812,555.8476,276.2109,277.7098,554.3487
90,307.4227,600.7921,6.2867,520.4626,600.9268,307.2881,307.4227,600.7921
91,315.3308,591.2612,-5.0057,512.4994,591.3520,315.2400,315.3308,591.2612
92,322.0436,610.2252,28.7551,531.0822,613.0664,319.2024,322.0436,610.2252
93,308.7661,580.7576,7.9126,503.4734,580.9876,308.5361,308.7661,580.7576
94,269.3283,649.8981,-49.8491,572.1224,656.3192,262.9072,269.3283,649.8981
95,255.0798,679.7248,-51.7552,601.4509,685.9416,248.8629,255.0798,679.7248
96,258.4873,480.4463,-8.9422,416.7672,480.8059,258.1276,258.4873,480.4463
97,321.8438,614.6448,-35.2485,535.9845,618.8283,317.6602,321.8438,614.6448
98,379.8464,662.7582,-2.5903,576.0257,662.7819,379.8227,379.8464,662.7582
99,317.6798,645.2414,31.1788,561.4207,648.1828,314.7385,317.6798,645.2414
100,315.0424,608.0592,28.2506,528.9778,610.7581,312.3435,315.0424,608.0592
101,280.2145,583.0860,2.7237,505.1163,583.1105,280.1900,280.2145,583.0860
102,259.6371,569.8204,-23.8492,495.8494,571.6434,257.8141,259.6371,569.8204
103,251.0306,565.9275,-14.5194,491.7902,566.5955,250.3626,251.0306,565.9275
104,253.5993,425.1788,-17.2938,371.7013,426.9046,251.8736,253.5993,425.1788
105,253.8595,467.6491,-17.1405,406.5766,469.0146,252.4939,253.8595,467.6491
106,259.8220,443.7788,9.8339,386.5666,444.3030,259.2978,259.8220,443.7788
107,232.4612,457.9630,6.0790,396.7626,458.1268,232.2975,232.4612,457.9630
108,244.5609,399.9745,8.7489,349.5728,400.4655,244.0699,244.5609,399.9745
109,283.7813,527.1237,36.3334,461.2632,532.4329,278.4722,283.7813,527.1237
110,250.5010,485.6166,-9.9721,420.9811,486.0388,250.0788,250.5010,485.6166
111,232.7156,381.8033,-2.7198,333.3180,381.8529,232.6660,232.7156,381.8033
112,225.0891,405.4272,-1.8554,351.8372,405.4463,225.0700,225.0891,405.4272
113,240.3204,413.0795,-16.6018,360.4775,414.6605,238.7394,240.3204,413.0795
114,224.7238,384.5978,5.4602,334.7797,384.7841,224.5376,224.7238,384.5978
115,226.7228,386.2749,5.4801,336.3396,386.4629,226.5348,226.7228,386.2749
116,221.1677,385.6048,-3.1843,335.1914,385.6664,221.1061,221.1677,385.6048
117,229.6178,402.7186,-8.5887,350.2235,403.1437,229.1928,229.6178,402.7186
118,212.8759,383.8679,9.2778,333.4857,384.3698,212.3740,212.8759,383.8679
119,215.6840,384.6632,6.5966,334.1410,384.9203,215.4269,215.6840,384.6632
120,209.5052,392.3359,-3.9718,340.1041,392.4222,209.4190,209.5052,392.3359
121,206.1280,504.8144,-0.5043,439.6257,504.8153,206.1271,206.1280,504.8144
122,217.0695,505.2798,5.6156,439.1362,505.3892,216.9601,217.0695,505.2798
123,212.8634,388.4043,-13.9381,337.7492,389.5041,211.7636,212.8634,388.4043
124,231.7816,591.6432,21.8876,517.7544,592.9696,230.4552,231.7816,591.6432
125,202.5986,382.3524,-15.0315,332.3452,383.6007,201.3503,202.5986,382.3524
126,221.7825,510.0049,2.7212,442.9498,510.0306,221.7568,221.7825,510.0049
127,207.7133,510.2382,0.5905,444.4161,510.2394,207.7121,207.7133,510.2382
128,210.4633,391.0981,-16.1540,340.1817,392.5313,209.0300,210.4633,391.0981
129,206.7338,508.0787,0.0863,442.5447,508.0788,206.7338,206.7338,508.0787
130,210.5108,383.4280,-12.7669,333.3242,384.3655,209.5733,210.5108,383.4280
131,222.1845,508.7404,-1.7361,441.7664,508.7509,222.1740,222.1845,508.7404
132,207.1379,505.0381,0.1603,439.7240,505.0382,207.1378,207.1379,505.0381
133,220.3740,508.1766,-1.9615,441.3964,508.1899,220.3607,220.3740,508.1766
134,206.2487,505.2970,0.3737,440.0536,505.2975,206.2482,206.2487,505.2970
135,211.8229,389.2992,-8.4842,337.8997,389.7038,211.4182,211.8229,389.2992
136,222.2077,511.6588,3.3354,444.4208,511.6973,222.1693,222.2077,511.6588
137,292.0694,661.1656,7.0678,574.0105,661.3009,291.9341,292.0694,661.1656
138,285.5550,616.0884,0.2044,534.0221,616.0886,285.5549,285.5550,616.0884
139,292.8168,611.7180,3.3565,529.9557,611.7533,292.7815,292.8168,611.7180
140,287.0357,603.4873,-5.5664,522.9312,603.5852,286.9378,287.0357,603.4873
141,293.3350,603.8673,-17.6453,523.9273,604.8667,292.3356,293.3350,603.8673
142,306.6917,600.2828,-13.5088,520.4277,600.9031,306.0715,306.6917,600.2828
143,343.6604,625.7949,-1.1042,542.8300,625.7992,343.6561,343.6604,625.7949
144,254.6728,564.2070,2.0011,489.3992,564.2199,254.6598,254.6728,564.2070
145,243.9486,542.3292,15.4425,471.2185,543.1263,243.1515,243.9486,542.3292
146,230.0726,444.5338,-9.3418,385.3965,444.9399,229.6664,230.0726,444.5338
147,224.7152,410.2754,-1.8598,355.8625,410.2941,224.6965,224.7152,410.2754
148,221.1083,386.0184,-2.1599,335.5015,386.0467,221.0800,221.1083,386.0184
149,300.8755,652.6124,-30.7995,568.2603,655.2889,298.1989,300.8755,652.6124
150,294.1008,611.2181,3.6587,529.4934,611.2603,294.0586,294.1008,611.2181
151,300.4390,612.8719,1.1998,530.8006,612.8765,300.4344,300.4390,612.8719
152,296.5025,624.5609,-4.3398,541.1679,624.6183,296.4451,296.5025,624.5609
153,307.3352,612.4070,3.1218,530.3888,612.4389,307.3032,307.3352,612.4070
154,297.6055,616.5638,-3.7788,534.1067,616.6085,297.5607,297.6055,616.5638
155,296.9170,586.7685,-1.5896,508.1762,586.7773,296.9082,296.9170,586.7685
156,304.0897,615.1733,11.0968,533.1138,615.5687,303.6943,304.0897,615.1733
157,292.8836,640.4166,17.3732,556.1045,641.2829,292.0173,292.8836,640.4166
158,290.3266,608.8845,15.9801,528.2240,609.6842,289.5270,290.3266,608.8845
159,343.2943,642.5188,2.1738,556.8865,642.5346,343.2785,343.2943,642.5188
160,315.9255,642.2548,28.8320,558.4706,644.7826,313.3977,315.9255,642.2548
161,300.2830,622.8056,9.4947,539.7306,623.0848,300.0037,300.2830,622.8056
162,331.1095,641.4833,19.4913,556.6622,642.7025,329.8902,331.1095,641.4833
163,228.3690,467.4336,6.3947,404.9961,467.6045,228.1980,228.3690,467.4336
164,235.5194,411.5062,2.7478,357.6474,411.5490,235.4765,235.5194,411.5062
165,247.5961,462.5804,16.9980,402.0176,463.9161,246.2604,247.5961,462.5804
166,243.2191,495.6969,11.0228,429.7354,496.1772,242.7388,243.2191,495.6969
167,223.5236,411.3741,1.8609,356.7212,411.3926,223.5052,223.5236,411.3741
168,228.2044,449.2179,11.0814,389.5239,449.7721,227.6502,228.2044,449.2179
169,222.9040,381.2826,-6.6635,331.9735,381.5624,222.6241,222.9040,381.2826
170,226.2499,401.0583,1.3074,348.2851,401.0681,226.2402,226.2499,401.0583
171,308.6217,645.7650,-3.1394,559.4571,645.7942,308.5925,308.6217,645.7650
172,318.1395,663.7733,-16.6725,575.7336,664.5757,317.3371,318.1395,663.7733
173,313.6950,659.9136,-11.4363,572.0763,660.2910,313.3177,313.6950,659.9136
174,295.3959,627.4306,13.8166,544.2060,628.0046,294.8219,295.3959,627.4306
175,301.8721,628.7921,-0.0008,544.6939,628.7921,301.8721,301.8721,628.7921
176,277.9334,624.2661,-4.4129,541.7649,624.3223,277.8772,277.9334,624.2661
177,297.6797,639.3049,35.7914,557.5472,643.0144,293.9702,297.6797,639.3049
178,267.3719,684.3798,56.2512,605.2868,691.8344,259.9173,267.3719,684.3798
179,277.2479,628.2517,19.3623,546.3606,629.3166,276.1831,277.2479,628.2517
180,255.4146,560.9155,-2.4512,486.4307,560.9352,255.3949,255.4146,560.9155
181,278.2288,574.5543,-19.4589,498.8009,575.8267,276.9564,278.2288,574.5543
182,252.2505,467.5564,-4.5056,405.4119,467.6506,252.1563,252.2505,467.5564
183,273.5272,489.8972,25.5043,427.5133,492.8629,270.5616,273.5272,489.8972
184,228.5226,377.1178,-3.4996,329.0854,377.2002,228.4402,228.5226,377.1178
185,254.1999,413.3489,18.5612,362.5399,415.4850,252.0638,254.1999,413.3489
186,229.6493,387.7602,-3.2669,337.7572,387.8276,229.5818,229.6493,387.7602
187,241.7356,388.2525,5.7745,339.7377,388.4797,241.5084,241.7356,388.2525
188,212.5078,381.7175,-5.1584,331.4056,381.8746,212.3507,212.5078,381.7175
189,319.9909,683.4593,22.4260,593.5645,684.8377,318.6124,319.9909,683.4593
190,284.0275,672.6596,1.6005,584.8901,672.6662,284.0209,284.0275,672.6596
191,301.1825,655.8883,13.6684,569.1386,656.4143,300.6566,301.1825,655.8883
192,297.9299,640.1351,0.8483,554.8170,640.1372,297.9278,297.9299,640.1351
193,316.0746,664.2061,15.3814,576.0590,664.8844,315.3964,316.0746,664.2061
194,290.5809,643.0306,9.5249,557.9833,643.2878,290.3237,290.5809,643.0306
195,291.7922,651.9548,4.4094,565.6949,652.0087,291.7383,291.7922,651.9548
196,291.7561,647.1231,-7.3582,561.4715,647.2754,291.6038,291.7561,647.1231
197,276.0225,644.3813,-25.9393,561.7566,646.1989,274.2049,276.0225,644.3813
198,288.7902,625.8342,-6.1893,542.6309,625.9478,288.6765,288.7902,625.8342
199,274.7885,640.1576,-20.5476,557.3770,641.3095,273.6366,274.7885,640.1576
200,295.7723,661.0127,-55.1247,581.4000,669.1511,287.6338,295.7723,661.0127
201,283.9355,603.2706,-15.0996,523.4012,603.9830,283.2231,283.9355,603.2706
202,258.1001,556.6952,16.1936,483.3517,557.5709,257.2245,258.1001,556.6952
203,275.4486,524.7320,-28.4830,457.2885,527.9450,272.2356,275.4486,524.7320
204,255.7811,432.4478,-8.8146,376.9035,432.8865,255.3424,255.7811,432.4478
205,265.7100,502.3542,1.4144,435.3010,502.3626,265.7016,265.7100,502.3542
206,228.8155,383.0302,1.3949,333.8132,383.0428,228.8029,228.8155,383.0302
207,222.1516,385.4987,7.7996,335.4161,385.8703,221.7801,222.1516,385.4987
208,234.3265,395.3850,-3.6056,344.4242,395.4656,234.2458,234.3265,395.3850
209,308.7658,635.1995,9.7569,550.4293,635.4909,308.4745,308.7658,635.1995
210,273.4953,676.6622,11.8076,589.9370,677.0077,273.1498,273.4953,676.6622
211,289.5652,645.0331,4.6923,559.6451,645.0950,289.5032,289.5652,645.0331
212,299.5783,640.5612,-4.2130,555.1764,640.6132,299.5262,299.5783,640.5612
213,296.4102,642.5604,-3.9676,557.0715,642.6059,296.3648,296.4102,642.5604
214,298.5000,644.0029,-21.6421,559.4749,645.3532,297.1496,298.5000,644.0029
215,318.4656,652.4056,2.9062,565.0752,652.4309,318.4403,318.4656,652.4056
216,251.8421,479.2802,5.0379,415.3399,479.3918,251.7306,251.8421,479.2802
217,253.6055,575.8788,11.9651,500.3355,576.3224,253.1619,253.6055,575.8788
218,238.5060,433.6269,-6.9418,376.3500,433.8736,238.2593,238.5060,433.6269
219,242.0447,434.2130,3.2449,376.9074,434.2677,241.9899,242.0447,434.2130
220,220.2182,389.4280,1.3360,338.2254,389.4386,220.2076,220.2182,389.4280
221,234.4505,414.9601,-8.4661,360.6748,415.3563,234.0543,234.4505,414.9601
222,223.3011,404.0787,1.2050,350.5939,404.0867,223.2930,223.3011,404.0787
223,290.2157,665.2936,7.3583,577.8620,665.4379,290.0714,290.2157,665.2936
224,273.1870,690.8689,-11.6329,602.9930,691.1927,272.8632,273.1870,690.8689
225,298.4843,630.2818,-0.3680,546.0945,630.2822,298.4839,298.4843,630.2818
226,295.9296,650.9847,-8.3850,564.7306,651.1826,295.7317,295.9296,650.9847
227,296.1776,628.8754,6.8181,545.0561,629.0151,296.0380,296.1776,628.8754
228,296.5531,616.6799,-2.6584,534.2104,616.7020,296.5310,296.5531,616.6799
229,288.0034,648.8095,13.0722,563.5185,649.2825,287.5304,288.0034,648.8095
230,297.0706,637.3631,7.0741,552.5314,637.5101,296.9236,297.0706,637.3631
231,405.3154,666.5755,21.9449,582.9879,668.4060,403.4849,405.3154,666.5755
232,281.7460,664.5821,52.0941,584.7634,671.5442,274.7839,281.7460,664.5821
233,306.5202,660.5336,-1.9303,572.5413,660.5441,306.5096,306.5202,660.5336
234,243.3998,485.8773,-1.6516,420.7921,485.8886,243.3886,243.3998,485.8773
235,247.8400,554.6450,-5.2348,481.3260,554.7343,247.7507,247.8400,554.6450
236,228.1241,432.1060,3.5889,374.4610,432.1691,228.0610,228.1241,432.1060
237,222.3235,426.7231,0.6874,369.6636,426.7254,222.3212,222.3235,426.7231
238,228.6730,375.3747,1.2989,327.6652,375.3862,228.6615,228.6730,375.3747
239,223.6588,407.1385,-1.2828,353.1711,407.1474,223.6498,223.6588,407.1385
240,218.2273,388.9346,1.0289,337.6689,388.9408,218.2211,218.2273,388.9346
241,302.5800,662.0223,-24.3258,575.5769,663.6611,300.9411,302.5800,662.0223
242,315.6992,673.8572,-26.4549,585.7584,675.8007,313.7557,315.6992,673.8572
243,315.6776,682.8156,-21.5605,593.0720,684.0774,314.4158,315.6776,682.8156
244,289.7650,642.1219,3.8380,557.0135,642.1637,289.7232,289.7650,642.1219
245,308.8467,647.5822,-9.4724,561.2616,647.8469,308.5821,308.8467,647.5822
246,296.5345,633.1843,1.9718,548.7310,633.1958,296.5229,296.5345,633.1843
247,299.7419,641.7896,-1.5194,556.2147,641.7963,299.7352,299.7419,641.7896
248,304.0770,659.7086,33.7477,574.8850,662.8828,300.9028,304.0770,659.7086
249,278.3400,655.9161,17.4176,571.0005,656.7179,277.5382,278.3400,655.9161
250,270.0786,630.0362,-3.1096,547.5014,630.0630,270.0518,270.0786,630.0362
251,251.5013,485.1506,-8.1397,420.4840,485.4338,251.2181,251.5013,485.1506
252,279.1853,520.8161,27.6286,453.9600,523.9350,276.0664,279.1853,520.8161
253,222.0646,382.4120,-6.0826,332.7799,382.6424,221.8342,222.0646,382.4120
254,294.5021,580.6975,-15.0700,503.5929,581.4889,293.7108,294.5021,580.6975
255,279.0521,580.9443,-22.0638,504.6910,582.5483,277.4480,279.0521,580.9443
256,297.9207,560.9938,5.5753,486.2432,561.1119,297.8026,297.9207,560.9938
257,291.0287,571.7373,-5.4322,495.2553,571.8424,290.9236,291.0287,571.7373
258,268.7423,527.8039,0.8413,457.1195,527.8066,268.7395,268.7423,527.8039
259,297.8818,582.4575,7.9292,504.6538,582.6782,297.6610,297.8818,582.4575
260,273.3012,672.4130,11.4823,586.0520,672.7430,272.9712,273.3012,672.4130
261,279.0968,640.9668,-10.4493,556.9284,641.2683,278.7953,279.0968,640.9668
262,262.5743,651.2124,-4.9528,567.5427,651.2755,262.5112,262.5743,651.2124
263,261.2241,646.8004,-47.6156,569.5881,652.5935,255.4310,261.2241,646.8004
264,249.9605,644.5077,-29.6479,565.1601,646.7232,247.7451,249.9605,644.5077
265,260.3088,583.2129,14.6138,506.6786,583.8729,259.6488,260.3088,583.2129
266,254.6126,450.3614,-18.7060,392.4730,452.1330,252.8410,254.6126,450.3614
267,239.0918,443.8571,-7.0333,384.9673,444.0984,238.8505,239.0918,443.8571
268,235.7765,399.7037,-6.9776,348.2226,400.0002,235.4801,235.7765,399.7037
269,225.9962,385.8543,-7.0017,336.0109,386.1604,225.6901,225.9962,385.8543
270,219.9634,407.0603,1.0545,352.9121,407.0663,219.9575,219.9634,407.0603
271,243.5336,402.0484,-6.0991,350.9285,402.2827,243.2993,243.5336,402.0484
272,220.8879,370.9743,5.4843,323.3572,371.1745,220.6878,220.8879,370.9743
273,228.0881,376.3803,0.7319,328.3901,376.3839,228.0845,228.0881,376.3803
274,209.8604,377.1286,18.3544,328.8368,379.1189,207.8701,209.8604,377.1286
275,216.8303,392.3194,-1.9998,340.4044,392.3422,216.8075,216.8303,392.3194
276,287.4085,590.3694,7.0914,511.4815,590.5353,287.2426,287.4085,590.3694
277,284.2059,631.0351,-3.9796,547.4321,631.0808,284.1602,284.2059,631.0351
278,279.1482,714.8102,10.2311,624.2222,715.0503,278.9081,279.1482,714.8102
279,303.3297,627.2573,-7.9107,543.4911,627.4504,303.1367,303.3297,627.2573
280,296.6490,602.8509,9.8231,522.3832,603.1657,296.3342,296.6490,602.8509
281,296.3038,630.6949,2.9999,546.5544,630.7218,296.2769,296.3038,630.6949
282,293.6263,591.7847,1.8268,512.5153,591.7959,293.6151,293.6263,591.7847
283,307.4797,587.9791,-3.7351,509.4246,588.0288,307.4299,307.4797,587.9791
284,303.9376,599.6596,-4.3848,519.3922,599.7246,303.8726,303.9376,599.6596
285,353.3051,662.2705,8.9329,574.1799,662.5286,353.0471,353.3051,662.2705
286,320.2670,652.0129,9.5519,564.9312,652.2877,319.9922,320.2670,652.0129
287,246.7406,555.4276,5.8999,482.1189,555.5403,246.6278,246.7406,555.4276
288,248.2228,503.5235,-16.8475,437.0538,504.6305,247.1158,248.2228,503.5235
289,230.0299,455.5976,-4.6671,394.6482,455.6941,229.9333,230.0299,455.5976
290,218.4326,392.2700,-2.7024,340.4789,392.3120,218.3906,218.4326,392.2700
291,296.2673,638.0692,-12.5879,553.4826,638.5322,295.8043,296.2673,638.0692
292,283.4287,687.6648,-19.9098,599.5831,688.6430,282.4505,283.4287,687.6648
293,318.3394,656.7557,42.2553,573.5445,661.9520,313.1431,318.3394,656.7557
294,304.0317,624.9072,6.4149,541.3651,625.0354,303.9035,304.0317,624.9072
295,301.8748,632.5873,-39.1904,552.2143,637.1681,297.2941,301.8748,632.5873
296,310.1044,654.6671,46.8406,572.9928,660.9212,303.8503,310.1044,654.6671
297,234.3082,557.2873,-1.7168,484.6662,557.2965,234.2991,234.3082,557.2873
298,242.7541,481.5125,-10.4346,417.3983,481.9677,242.2989,242.7541,481.5125
299,254.7620,560.5484,-11.1808,486.5047,560.9567,254.3538,254.7620,560.5484
300,247.3977,572.1795,-2.4459,497.0484,572.1979,247.3793,247.3977,572.1795
301,242.2704,465.2650,11.7008,403.5558,465.8773,241.6582,242.2704,465.2650
302,225.2180,397.3068,2.5462,345.1299,397.3445,225.1803,225.2180,397.3068
303,220.7788,397.8792,-2.9889,345.3037,397.9296,220.7284,220.7788,397.8792
304,227.0661,392.3255,-2.4387,341.1925,392.3615,227.0301,227.0661,392.3255
305,232.4565,421.5382,8.6387,366.0123,421.9320,232.0626,232.4565,421.5382
306,294.8743,643.2867,-9.2435,557.9751,643.5317,294.6292,294.8743,643.2867
307,309.9875,682.5545,-24.3200,593.4340,684.1353,308.4067,309.9875,682.5545
308,303.1666,639.6125,-10.3564,554.4608,639.9310,302.8481,303.1666,639.6125
309,299.6771,624.7021,-7.3420,541.3058,624.8679,299.5113,299.6771,624.7021
310,307.5765,653.8968,-18.8489,567.5623,654.9197,306.5537,307.5765,653.8968
311,318.0747,670.8563,-20.6409,582.3362,672.0599,316.8711,318.0747,670.8563
312,284.5241,629.7391,13.6557,546.7255,630.2784,283.9848,284.5241,629.7391
313,306.2070,639.1153,-5.0066,553.7190,639.1906,306.1317,306.2070,639.1153
314,298.1326,648.8038,-13.5446,562.9834,649.3262,297.6102,298.1326,648.8038
315,296.2604,632.9713,4.8000,548.6052,633.0397,296.1920,296.2604,632.9713
316,277.4055,658.0998,23.2971,573.6871,659.5202,275.9851,277.4055,658.0998
317,243.9230,554.0394,-12.1232,481.4105,554.5126,243.4498,243.9230,554.0394
318,256.0480,497.9318,-4.1759,431.3404,498.0039,255.9759,256.0480,497.9318
319,265.0609,570.1972,-0.8419,494.2138,570.1996,265.0586,265.0609,570.1972
320,248.1048,430.8431,6.9503,374.7432,431.1071,247.8408,248.1048,430.8431
321,230.9348,394.1186,0.0639,342.9937,394.1186,230.9348,230.9348,394.1186
322,217.1956,392.4733,-10.4373,341.0169,393.0926,216.5763,217.1956,392.4733
323,302.1386,659.3338,27.2706,573.6110,661.4038,300.0686,302.1386,659.3338
324,306.0711,666.2145,26.3666,579.3944,668.1346,304.1510,306.0711,666.2145
325,324.5720,688.5042,22.8614,597.8994,689.9346,323.1415,324.5720,688.5042
326,312.1208,633.3637,12.4322,548.9505,633.8441,311.6404,312.1208,633.3637
327,294.7566,618.3512,7.6013,535.8637,618.5297,294.5782,294.7566,618.3512
328,295.9329,626.5408,-3.1746,542.9050,626.5713,295.9024,295.9329,626.5408
329,305.7336,633.0722,4.5414,548.4194,633.1352,305.6706,305.7336,633.0722
330,293.7789,622.5299,-5.3876,539.4909,622.6182,293.6906,293.7789,622.5299
331,262.5174,615.8586,0.1553,535.2791,615.8587,262.5173,262.5174,615.8586
332,270.9831,634.3350,-2.1398,551.3006,634.3476,270.9705,270.9831,634.3350
333,284.8948,658.4042,-17.6024,572.7257,659.2319,284.0671,284.8948,658.4042
334,267.3000,556.2172,3.8830,481.8664,556.2693,267.2478,267.3000,556.2172
335,258.2580,503.4783,-6.9993,436.2422,503.6779,258.0584,258.2580,503.4783
336,252.3454,475.3677,-15.1175,412.7729,476.3878,251.3253,252.3454,475.3677
337,248.3023,503.4889,-11.1773,436.4773,503.9775,247.8137,248.3023,503.4889
338,248.9822,566.1562,11.4108,491.8869,566.5662,248.5722,248.9822,566.1562
339,245.0333,431.9044,-17.6061,376.4063,433.5487,243.3890,245.0333,431.9044
340,226.9067,397.3526,1.7700,345.2871,397.3710,226.8883,226.9067,397.3526
341,219.1001,386.2833,6.8378,335.7458,386.5625,218.8209,219.1001,386.2833
342,218.6231,395.7954,8.1982,343.6883,396.1739,218.2446,218.6231,395.7954
343,316.4769,643.5251,25.1134,559.0290,645.4423,314.5597,316.4769,643.5251
344,286.5758,603.6060,17.8884,523.8769,604.6121,285.5696,286.5758,603.6060
345,285.7294,663.3647,11.9228,576.6954,663.7407,285.3534,285.7294,663.3647
346,266.2141,735.2121,12.6375,645.1063,735.5524,265.8738,266.2141,735.2121
347,277.5829,614.2621,-6.6221,532.9101,614.3923,277.4527,277.5829,614.2621
348,286.8675,600.7269,0.2896,520.4200,600.7271,286.8672,286.8675,600.7269
349,295.1162,630.1571,-5.5545,546.1818,630.2492,295.0242,295.1162,630.1571
350,306.5970,609.7524,1.7900,528.0730,609.7630,306.5865,306.5970,609.7524
351,288.7202,607.9365,-3.2542,526.7394,607.9697,288.6870,288.7202,607.9365
352,296.5813,644.3342,-18.5731,559.5216,645.3233,295.5921,296.5813,644.3342
353,322.1077,649.6252,1.3630,562.6034,649.6309,322.1020,322.1077,649.6252
354,256.5413,584.6679,7.8281,507.7818,584.8545,256.3547,256.5413,584.6679
355,233.0247,421.5958,11.1825,366.3010,422.2566,232.3639,233.0247,421.5958
356,222.3516,403.4263,-2.9237,350.0231,403.4735,222.3044,222.3516,403.4263
357,287.2911,653.0965,-17.1863,567.7398,653.9022,286.4855,287.2911,653.0965
358,288.7245,617.2146,-7.8210,535.0647,617.4007,288.5384,288.7245,617.2146
359,292.0001,651.1988,-8.4743,565.1454,651.3986,291.8003,292.0001,651.1988
360,294.6750,616.3583,1.6769,533.9607,616.3671,294.6662,294.6750,616.3583
361,289.2637,648.2962,-0.1870,562.5237,648.2962,289.2636,289.2637,648.2962
362,311.1575,657.1050,-28.4466,571.4634,659.4285,308.8340,311.1575,657.1050
363,287.0135,671.2933,50.8374,589.9954,677.9050,280.4019,287.0135,671.2933
364,328.7681,668.0393,18.2095,579.4219,669.0138,327.7935,328.7681,668.0393
365,228.7043,463.6229,4.7171,401.6043,463.7176,228.6096,228.7043,463.6229
366,253.4016,586.2003,-14.7674,509.8562,586.8543,252.7476,253.4016,586.2003
367,231.8828,468.4589,-2.7094,405.7312,468.4899,231.8518,231.8828,468.4589
368,233.4733,423.9242,0.6895,367.7607,423.9267,233.4708,233.4733,423.9242
369,321.6676,684.1542,-24.4018,594.3510,685.7895,320.0323,321.6676,684.1542
370,290.8262,634.9262,-11.7504,550.8831,635.3270,290.4254,290.8262,634.9262
371,315.4545,667.4791,-16.2765,579.0297,668.2301,314.7035,315.4545,667.4791
372,301.7505,645.6016,-1.9159,559.5134,645.6123,301.7399,301.7505,645.6016
373,286.5478,619.5025,4.0062,537.0513,619.5507,286.4996,286.5478,619.5025
374,292.2371,635.4426,7.8380,551.0664,635.6215,292.0582,292.2371,635.4426
375,289.3347,631.6322,10.8880,547.9747,631.9781,288.9887,289.3347,631.6322
376,296.6473,658.5098,32.0368,573.9065,661.3242,293.8329,296.6473,658.5098
377,274.9132,656.4806,23.7286,572.5016,657.9506,273.4433,274.9132,656.4806
378,286.1006,541.7683,29.6714,472.2366,545.1666,282.7023,286.1006,541.7683
379,265.2905,487.6050,7.6735,423.0335,487.8695,265.0260,265.2905,487.6050
380,225.3531,395.5921,-1.2035,343.7056,395.6006,225.3446,225.3531,395.5921
381,256.6238,485.1701,13.4234,421.0465,485.9558,255.8381,256.6238,485.1701
382,237.4552,408.5275,4.7630,355.4445,408.6600,237.3226,237.4552,408.5275
383,211.2178,383.5266,-13.0752,333.4829,384.5132,210.2313,211.2178,383.5266
384,320.7520,689.1777,25.4678,598.9478,690.9299,318.9999,320.7520,689.1777
385,308.9663,670.1512,17.1376,581.7128,670.9625,308.1549,308.9663,670.1512
386,312.3195,648.1986,19.9917,562.5467,649.3843,311.1337,312.3195,648.1986
387,289.6928,655.9474,10.3966,569.6402,656.2423,289.3979,289.6928,655.9474
388,303.9780,642.9275,4.8022,557.1281,642.9955,303.9100,303.9780,642.9275
389,289.0115,641.2442,-5.5751,556.3165,641.3324,288.9233,289.0115,641.2442
390,294.7558,642.1627,2.1575,556.7645,642.1761,294.7424,294.7558,642.1627
391,269.2987,635.8753,3.8040,552.8672,635.9148,269.2592,269.2987,635.8753
392,285.0977,643.9765,-12.4423,559.3341,644.4073,284.6669,285.0977,643.9765
393,288.0820,641.0121,-4.3887,556.1308,641.0667,288.0275,288.0820,641.0121
394,273.9585,650.9997,1.3099,566.1379,651.0043,273.9539,273.9585,650.9997
395,261.0418,480.0251,-7.2842,416.4366,480.2671,260.7998,261.0418,480.0251
396,281.8283,461.3586,-19.4077,404.2091,463.4327,279.7542,281.8283,461.3586
397,244.7592,439.8442,-3.8698,381.7840,439.9209,244.6825,244.7592,439.8442
398,242.7284,412.6584,-5.8394,359.3639,412.8588,242.5280,242.7284,412.6584
399,233.1298,409.5735,-4.8780,355.9320,409.7083,232.9950,233.1298,409.5735
400,220.6525,388.6938,1.9417,337.6617,388.7162,220.6300,220.6525,388.6938
401,209.9441,385.0352,14.1214,334.7999,386.1668,208.8125,209.9441,385.0352
402,285.1299,640.8196,7.7403,556.2479,640.9880,284.9615,285.1299,640.8196
403,288.1629,630.9663,-4.8346,547.1795,631.0345,288.0948,288.1629,630.9663
404,284.4562,637.6883,-3.3723,553.3547,637.7204,284.4240,284.4562,637.6883
405,292.2569,625.9121,-0.6739,542.4521,625.9135,292.2555,292.2569,625.9121
406,285.3062,625.0323,0.1049,541.9773,625.0323,285.3062,285.3062,625.0323
407,288.4074,628.6961,-4.8332,545.1486,628.7647,288.3388,288.4074,628.6961
408,291.2918,642.9509,-14.6751,558.2083,643.5623,290.6805,291.2918,642.9509
409,298.0974,619.1210,-7.7305,536.4641,619.3070,297.9114,298.0974,619.1210
410,300.6438,683.8779,-15.8659,594.3292,684.5336,299.9881,300.6438,683.8779
411,310.6118,634.9965,11.0590,550.2997,635.3731,310.2353,310.6118,634.9965
412,252.9903,551.4668,8.2471,478.3388,551.6945,252.7626,252.9903,551.4668
413,257.4286,557.0969,12.7619,483.4277,557.6394,256.8861,257.4286,557.0969
414,250.3362,548.7859,10.0141,476.1870,549.1215,250.0006,250.3362,548.7859
415,246.4855,479.3787,1.3461,415.2163,479.3865,246.4777,246.4855,479.3787
416,235.6246,449.6318,-3.9309,389.6020,449.7040,235.5525,235.6246,449.6318
417,220.9260,415.2561,2.3340,359.8908,415.2841,220.8980,220.9260,415.2561
418,232.5848,421.5192,-2.6143,365.7262,421.5554,232.5487,232.5848,421.5192
419,219.9202,379.7514,1.7985,330.2585,379.7716,219.9000,219.9202,379.7514
420,298.6244,641.7097,-3.7592,556.2195,641.7509,298.5832,298.6244,641.7097
421,299.9993,657.5190,-15.1807,570.7600,658.1625,299.3559,299.9993,657.5190
422,289.0186,696.1097,-10.4405,606.0023,696.3773,288.7510,289.0186,696.1097
423,296.5176,625.2459,-8.2316,541.9059,625.4519,296.3116,296.5176,625.2459
424,296.9082,616.4418,5.9688,534.0741,616.5532,296.7968,296.9082,616.4418
425,290.1796,645.7816,-12.8565,560.6615,646.2458,289.7154,290.1796,645.7816
426,297.3473,640.4016,-25.4415,556.8211,642.2781,295.4708,297.3473,640.4016
427,295.0258,635.9376,13.1751,551.6880,636.4460,294.5174,295.0258,635.9376
428,324.6094,681.8357,-12.8914,591.1340,682.3003,324.1447,324.6094,681.8357
429,353.4368,685.5140,83.6802,611.2023,705.4087,333.5421,353.4368,685.5140
430,272.9290,649.1493,37.6229,568.2955,652.8747,269.2036,272.9290,649.1493
431,324.1416,614.9855,11.4608,533.2228,615.4364,323.6907,324.1416,614.9855
432,248.5030,560.6370,-2.1199,486.5810,560.6514,248.4886,248.5030,560.6370
433,248.9965,582.9268,-11.7010,507.0177,583.3363,248.5870,248.9965,582.9268
434,246.8106,562.3646,1.9276,488.2448,562.3764,246.7989,246.8106,562.3646
435,233.6672,465.2210,0.4517,402.8953,465.2219,233.6663,233.6672,465.2210
436,233.2430,431.5630,1.3268,374.1593,431.5719,233.2341,233.2430,431.5630
437,243.4689,470.4060,14.1146,408.2001,471.2805,242.5944,243.4689,470.4060
438,225.3133,404.9385,3.6121,351.4860,405.0111,225.2407,225.3133,404.9385
439,219.1388,401.9136,-1.9606,348.5585,401.9347,219.1177,219.1388,401.9136
440,218.4287,401.6502,-2.2189,348.3057,401.6771,218.4018,218.4287,401.6502
441,318.5555,682.0952,-25.6692,592.8094,683.8987,316.7519,318.5555,682.0952
442,313.2571,675.4874,-28.1661,587.5304,677.6644,311.0801,313.2571,675.4874
443,292.2729,630.0351,-0.6049,546.1013,630.0362,292.2719,292.2729,630.0351
444,288.2115,630.6881,2.1402,546.8780,630.7014,288.1981,288.2115,630.6881
445,312.3431,681.4567,-27.3782,592.7409,683.4763,310.3234,312.3431,681.4567
446,292.8030,632.9482,6.2190,548.7658,633.0618,292.6893,292.8030,632.9482
447,308.1374,647.8357,-9.0485,561.4828,648.0765,307.8965,308.1374,647.8357
448,289.0636,644.3735,20.7407,560.1791,645.5801,287.8569,289.0636,644.3735
449,281.8003,631.8725,-6.8751,548.4106,632.0074,281.6653,281.8003,631.8725
450,280.6302,662.2950,27.9724,577.8195,664.3342,278.5909,280.6302,662.2950
451,263.6012,634.4391,5.6072,552.1358,634.5238,263.5164,263.6012,634.4391
452,282.2077,633.1205,13.5313,549.8733,633.6415,281.6867,282.2077,633.1205
453,250.9852,583.6019,-17.0347,507.9172,584.4721,250.1151,250.9852,583.6019
454,248.9098,479.0495,-0.7922,414.9774,479.0522,248.9071,248.9098,479.0495
455,262.6655,494.7488,1.5960,428.7467,494.7598,262.6545,262.6655,494.7488
456,263.4983,496.2669,22.0360,431.7447,498.3347,261.4306,263.4983,496.2669
457,249.1347,437.0236,6.5697,379.8808,437.2530,248.9053,249.1347,437.0236
458,227.7558,396.7678,-1.5240,344.8742,396.7816,227.7420,227.7558,396.7678
459,231.3173,397.1332,1.3383,345.4910,397.1440,231.3065,231.3173,397.1332
460,235.2636,398.2426,2.9462,346.8144,398.2959,235.2104,235.2636,398.2426
461,217.4075,395.9701,-8.8367,343.8106,396.4063,216.9713,217.4075,395.9701
462,293.6383,573.8416,-6.2237,497.1237,573.9797,293.5001,293.6383,573.8416
463,288.3002,582.0313,-1.8227,504.0711,582.0426,288.2889,288.3002,582.0313
464,285.4032,581.0688,-7.4377,503.4114,581.2558,285.2162,285.4032,581.0688
465,290.9871,569.1827,-3.0812,492.9970,569.2168,290.9529,290.9871,569.1827
466,280.2421,573.2428,3.3784,496.5183,573.2817,280.2031,280.2421,573.2428
467,283.9707,574.2361,-8.3044,497.5210,574.4735,283.7333,283.9707,574.2361
468,280.7368,589.8908,-17.0787,511.9133,590.8314,279.7962,280.7368,589.8908
469,296.4436,564.5374,-15.1095,489.8088,565.3862,295.5947,296.4436,564.5374
470,284.6582,568.9327,-17.4701,493.6385,570.0023,283.5886,284.6582,568.9327
471,266.2214,508.0218,-7.5757,440.3247,508.2589,265.9843,266.2214,508.0218
472,308.8591,652.3110,19.5666,566.1978,653.4221,307.7480,308.8591,652.3110
473,312.3952,586.2942,17.9442,509.0600,587.4647,311.2246,312.3952,586.2942
474,234.1571,463.9207,-16.4184,402.7782,465.0880,232.9898,234.1571,463.9207
475,252.5527,551.4094,-3.0186,478.1240,551.4398,252.5222,252.5527,551.4094
476,220.4519,629.1654,-16.2605,553.6612,629.8113,219.8060,220.4519,629.1654
477,219.4573,383.0567,-56.1204,346.8110,400.4573,202.0567,219.4573,383.0567
478,246.5751,438.8346,-13.3929,381.7165,439.7631,245.6466,246.5751,438.8346
479,283.6131,421.1951,-12.6881,372.6502,422.3554,282.4527,283.6131,421.1951
480,254.7856,433.3181,6.9926,377.3907,433.5916,254.5121,254.7856,433.3181
481,224.9594,420.7850,-2.5126,364.7275,420.8172,224.9272,224.9594,420.7850
482,222.6305,393.8963,2.1703,342.1102,393.9238,222.6030,222.6305,393.8963
483,218.8432,380.3332,-4.0811,330.6997,380.4363,218.7401,218.8432,380.3332
484,294.5055,597.0413,-0.1510,517.0686,597.0414,294.5054,294.5055,597.0413
485,287.7418,595.9261,-17.5966,517.0873,596.9275,286.7403,287.7418,595.9261
486,283.2961,713.1081,14.0828,622.3778,713.5691,282.8352,283.2961,713.1081
487,286.0847,570.5258,8.9597,494.3342,570.8077,285.8027,286.0847,570.5258
488,288.7015,593.7413,-11.7549,514.6628,594.1936,288.2492,288.7015,593.7413
489,311.9847,629.2582,8.5681,545.1621,629.4895,311.7535,311.9847,629.2582
490,284.1432,608.4721,-10.3158,527.6379,608.7999,283.8154,284.1432,608.4721
491,314.3482,664.5077,15.6923,576.4002,665.2095,313.6464,314.3482,664.5077
492,304.8317,630.0270,3.4896,545.7479,630.0645,304.7943,304.8317,630.0270
493,250.2433,573.0760,-4.2401,497.6779,573.1317,250.1876,250.2433,573.0760
494,246.5564,469.9349,-25.4005,409.5106,472.7867,243.7046,246.5564,469.9349
495,235.3156,465.8050,6.1103,403.5450,465.9669,235.1538,235.3156,465.8050
496,223.3534,390.4869,-5.1729,339.4561,390.6468,223.1934,223.3534,390.4869
497,218.6509,382.5748,5.4419,332.5812,382.7553,218.4704,218.6509,382.5748
498,284.9834,607.3046,14.6323,526.8824,607.9675,284.3205,284.9834,607.3046
499,284.7753,615.8340,-7.0925,533.9710,615.9859,284.6234,284.7753,615.8340
500,286.3527,581.4360,8.5426,503.7746,581.6831,286.1056,286.3527,581.4360
501,282.2416,604.5664,-6.9304,524.0908,604.7153,282.0926,282.2416,604.5664
502,287.7865,649.2231,-6.6206,563.5650,649.3443,287.6652,287.7865,649.2231
503,290.5075,604.9072,2.8509,524.0245,604.9330,290.4816,290.5075,604.9072
504,290.3565,589.7004,9.3078,510.9697,589.9896,290.0674,290.3565,589.7004
505,294.6351,641.0352,1.2588,555.7600,641.0397,294.6305,294.6351,641.0352
506,304.7865,655.6918,27.4101,570.2933,657.8200,302.6584,304.7865,655.6918
507,298.5049,629.0368,20.2868,546.1287,630.2773,297.2644,298.5049,629.0368
508,258.0162,562.2904,-13.9272,488.1032,562.9266,257.3800,258.0162,562.2904
509,222.9092,451.7112,-2.3933,391.2264,451.7362,222.8841,222.9092,451.7112
510,226.1009,407.7251,2.7287,353.8314,407.7661,226.0599,226.1009,407.7251
511,238.1576,409.9493,-10.4169,357.0300,410.5786,237.5283,238.1576,409.9493
512,300.7212,664.6895,-26.4247,578.3199,666.5979,298.8127,300.7212,664.6895
513,314.2906,676.6206,-26.1851,588.2138,678.5032,312.4080,314.2906,676.6206
514,315.3267,669.9782,-25.3453,582.2086,671.7803,313.5245,315.3267,669.9782
515,305.1774,674.9972,-33.9042,588.3953,678.0797,302.0949,305.1774,674.9972
516,280.2766,599.5813,-4.9144,519.6889,599.6570,280.2010,280.2766,599.5813
517,305.9586,634.6313,-19.6149,550.7730,635.7978,304.7921,305.9586,634.6313
518,284.9166,615.6303,1.7130,533.6513,615.6392,284.9077,284.9166,615.6303
519,305.1985,633.4831,-9.4486,548.9779,633.7549,304.9268,305.1985,633.4831
520,288.2904,632.4947,10.7386,548.7848,632.8294,287.9557,288.2904,632.4947
521,288.8583,614.6153,8.8434,532.8124,614.8552,288.6184,288.8583,614.6153
522,265.4492,618.3788,-2.5355,537.3330,618.3970,265.4310,265.4492,618.3788
523,283.6629,637.6384,15.7950,554.0050,638.3419,282.9595,283.6629,637.6384
524,265.3735,489.6988,10.5461,424.9807,490.1936,264.8788,265.3735,489.6988
525,275.9701,605.0548,-10.0247,524.9526,605.3599,275.6651,275.9701,605.0548
526,248.4617,491.7949,0.3439,425.9150,491.7954,248.4612,248.4617,491.7949
527,251.4329,432.7127,3.4180,376.4248,432.7771,251.3684,251.4329,432.7127
528,277.2419,608.6353,1.5277,527.7952,608.6423,277.2349,277.2419,608.6353
529,251.0541,429.1938,14.3280,374.3000,430.3389,249.9090,251.0541,429.1938
530,218.2194,396.9223,-3.7315,344.3729,397.0002,218.1415,218.2194,396.9223
531,229.0995,410.5661,-0.9974,356.3616,410.5716,229.0940,229.0995,410.5661
532,224.5149,399.2571,-5.0852,346.7731,399.4050,224.3670,224.5149,399.2571
533,216.7824,383.5153,1.8854,333.0914,383.5366,216.7611,216.7824,383.5153
534,313.4310,649.5845,24.9106,564.3233,651.4205,311.5950,313.4310,649.5845
535,315.3314,669.1745,16.9111,580.5813,669.9809,314.5250,315.3314,669.1745
536,300.1785,647.7146,12.3870,561.8466,648.1555,299.7375,300.1785,647.7146
537,296.7036,612.9297,-0.4871,530.9031,612.9305,296.7029,296.7036,612.9297
538,301.8187,622.5532,2.6819,539.2498,622.5756,301.7963,301.8187,622.5532
539,289.9357,654.4950,19.9816,569.0894,655.5869,288.8438,289.9357,654.4950
540,287.4092,613.2871,-15.5316,532.1507,614.0256,286.6706,287.4092,613.2871
541,297.1244,629.5000,-4.6541,545.5074,629.5652,297.0593,297.1244,629.5000
542,278.8328,628.0285,-19.0797,546.0263,629.0679,277.7934,278.8328,628.0285
543,300.7289,677.2734,-62.2857,597.5784,687.3088,290.6935,300.7289,677.2734
544,269.8012,640.4448,-29.5143,559.2699,642.7804,267.4657,269.8012,640.4448
545,268.7791,489.8822,-23.6857,426.8955,492.3911,266.2702,268.7791,489.8822
546,248.4060,475.9188,4.4644,412.3627,476.0064,248.3184,248.4060,475.9188
547,260.0061,504.2588,-7.3436,436.9571,504.4794,259.7855,260.0061,504.2588
548,228.9099,387.0316,-0.6668,337.0447,387.0344,228.9071,228.9099,387.0316
549,236.1742,426.3966,-3.6986,370.0398,426.4685,236.1023,236.1742,426.3966
550,217.5621,378.1858,7.0090,328.9776,378.4911,217.2568,217.5621,378.1858
551,219.1878,369.0961,4.9584,321.6328,369.2600,219.0240,219.1878,369.0961
552,285.5893,632.7637,20.5727,550.0094,633.9785,284.3744,285.5893,632.7637
553,286.2588,674.7111,18.3417,587.4065,675.5752,285.3947,286.2588,674.7111
554,286.2182,654.4917,23.9296,569.7989,656.0401,284.6698,286.2182,654.4917
555,297.0573,601.8055,-12.1137,521.6152,602.2863,296.5765,297.0573,601.8055
556,286.4672,615.9484,2.5340,533.8784,615.9679,286.4477,286.4672,615.9484
557,282.5244,603.5088,-7.8965,523.1864,603.7029,282.3303,282.5244,603.5088
558,289.4000,630.2445,-15.2618,547.0526,630.9265,288.7179,289.4000,630.2445
559,305.4513,601.9981,-10.8498,521.7032,602.3945,305.0549,305.4513,601.9981
560,296.8890,599.5706,-10.7617,519.5859,599.9528,296.5069,296.8890,599.5706
561,300.4484,633.1080,-26.3712,550.4226,635.1856,298.3709,300.4484,633.1080
562,308.9976,635.1095,-15.3867,550.7327,635.8338,308.2732,308.9976,635.1095
563,314.9402,655.5262,-42.5985,572.6205,660.7733,309.6930,314.9402,655.5262
564,363.4795,671.3257,-9.5076,582.2831,671.6191,363.1862,363.4795,671.3257
565,251.3117,571.3499,9.1906,496.2507,571.6136,251.0480,251.3117,571.3499
566,228.0872,449.3766,6.2207,389.3355,449.5513,227.9125,228.0872,449.3766
567,234.5921,449.6831,-2.3822,389.5809,449.7095,234.5657,234.5921,449.6831
568,241.0659,472.5863,-8.8957,409.5895,472.9276,240.7246,241.0659,472.5863
569,224.0621,424.0777,-0.6749,367.4607,424.0800,224.0598,224.0621,424.0777
570,292.0713,613.7955,3.3521,531.8009,613.8304,292.0364,292.0713,613.7955
571,282.7314,597.7463,8.8046,518.1395,597.9922,282.4856,282.7314,597.7463
572,283.9862,642.0055,14.3325,557.7767,642.5784,283.4134,283.9862,642.0055
573,279.9761,584.1724,15.7826,506.7909,584.9891,279.1594,279.9761,584.1724
574,289.7057,582.5581,1.8004,504.5222,582.5691,289.6947,289.7057,582.5581
575,306.0790,585.0081,-4.7873,506.8815,585.0902,305.9968,306.0790,585.0081
576,332.0704,625.3032,3.4178,541.9088,625.3430,332.0305,332.0704,625.3032
577,320.9179,647.2901,-48.8614,566.9287,654.4482,313.7598,320.9179,647.2901
578,313.2892,643.1931,31.5136,559.7511,646.1764,310.3059,313.2892,643.1931
579,237.6963,480.2662,-4.1085,415.9907,480.3357,237.6268,237.6963,480.2662
580,253.2466,558.4843,-9.8114,484.6577,558.7993,252.9316,253.2466,558.4843
581,228.2724,457.4983,4.1611,396.2710,457.5739,228.1969,228.2724,457.4983
582,223.5756,423.9854,-0.4905,367.3658,423.9866,223.5743,223.5756,423.9854
583,233.9740,428.7642,10.5390,372.2849,429.3327,233.4054,233.9740,428.7642
584,220.1034,385.1916,-0.9183,334.7217,385.1967,220.0983,220.1034,385.1916
585,225.7665,398.7270,4.0711,346.3874,398.8228,225.6708,225.7665,398.7270
586,284.8487,619.3628,-2.9905,536.9834,619.3895,284.8220,284.8487,619.3628
587,301.3318,584.0514,12.3536,506.3412,584.5901,300.7930,301.3318,584.0514
588,232.0413,549.1964,83.0467,498.7122,569.6260,211.6117,232.0413,549.1964
589,292.1504,541.5330,11.4219,469.8853,542.0551,291.6283,292.1504,541.5330
590,293.0833,565.8411,9.4116,490.4091,566.1655,292.7589,293.0833,565.8411
591,280.7540,576.5522,20.7065,500.6517,577.9946,279.3115,280.7540,576.5522
592,290.2675,558.0804,4.2081,483.4972,558.1465,290.2014,290.2675,558.0804
593,292.0546,554.6047,-1.3231,480.5337,554.6113,292.0479,292.0546,554.6047
594,262.8904,508.1474,36.3706,444.6420,513.4273,257.6105,262.8904,508.1474
595,285.1590,539.5368,10.6365,467.8688,539.9808,284.7151,285.1590,539.5368
596,301.7206,601.4180,6.4951,520.9657,601.5587,301.5799,301.7206,601.4180
597,292.5937,571.2585,-18.5203,495.8122,572.4840,291.3682,292.5937,571.2585
598,280.4114,651.1457,14.7073,566.2874,651.7282,279.8289,280.4114,651.1457
599,270.0344,666.8687,-2.6664,581.0131,666.8866,270.0165,270.0344,666.8687
600,248.6972,576.7554,0.7118,501.0600,576.7569,248.6957,248.6972,576.7554
601,268.9450,472.4861,8.1333,410.7313,472.8106,268.6205,268.9450,472.4861
602,251.1913,642.0502,-5.5475,560.4824,642.1290,251.1126,251.1913,642.0502
603,258.1399,596.1475,-18.5403,518.8157,597.1614,257.1259,258.1399,596.1475
604,243.2269,464.8936,15.1351,403.6062,465.9223,242.1983,243.2269,464.8936
605,238.4053,478.1537,0.9419,414.0970,478.1574,238.4016,238.4053,478.1537
606,229.7184,383.2342,-1.9136,334.0869,383.2580,229.6946,229.7184,383.2342
607,231.7893,387.3283,-0.7132,337.5980,387.3315,231.7860,231.7893,387.3283
608,217.7994,378.3912,-11.7617,329.5726,379.2481,216.9425,217.7994,378.3912
609,221.0935,380.3056,-6.3135,330.9852,380.5556,220.8435,221.0935,380.3056
610,309.3375,641.9497,9.0628,556.2880,642.1964,309.0908,309.3375,641.9497
611,312.3615,674.3691,24.6912,586.1104,676.0454,310.6852,312.3615,674.3691
612,306.5090,628.3896,6.2753,544.3642,628.5119,306.3867,306.5090,628.3896
613,294.0010,613.8336,-4.6091,531.8123,613.9000,293.9346,294.0010,613.8336
614,305.5595,621.3800,13.1387,538.6363,621.9257,305.0138,305.5595,621.3800
615,292.2880,610.8321,-9.9797,529.4412,611.1444,291.9757,292.2880,610.8321
616,288.6358,609.8523,-15.6696,529.0953,610.6149,287.8732,288.6358,609.8523
617,304.1923,601.5886,-16.8875,521.8225,602.5445,303.2364,304.1923,601.5886
618,281.9077,626.7536,-33.5016,546.7837,629.9781,278.6832,281.9077,626.7536
619,283.7949,565.3822,-25.9172,491.6901,567.7478,281.4293,283.7949,565.3822
620,249.1883,630.9520,6.0425,550.5260,631.0476,249.0926,249.1883,630.9520
621,243.5747,469.6227,5.0570,406.8939,469.7358,243.4616,243.5747,469.6227
622,234.1581,421.8649,-5.6059,366.2120,422.0322,233.9908,234.1581,421.8649
623,259.1015,502.2832,-9.2389,435.3570,502.6337,258.7510,259.1015,502.2832
624,246.3120,412.4945,-11.2340,359.9966,413.2505,245.5560,246.3120,412.4945
625,224.5018,392.4531,6.8051,341.2521,392.7284,224.2265,224.5018,392.4531
626,221.3116,393.9265,-0.9084,342.0218,393.9313,221.3068,221.3116,393.9265
627,245.3891,405.3208,-10.7852,354.1023,406.0449,244.6651,245.3891,405.3208
628,215.6975,389.6722,14.2245,339.0067,390.8276,214.5421,215.6975,389.6722
629,209.8743,384.9998,1.3156,333.8797,385.0097,209.8644,209.8743,384.9998
630,298.3259,635.8392,13.4039,551.4903,636.3707,297.7945,298.3259,635.8392
631,295.6559,588.9357,0.7873,510.0365,588.9378,295.6538,295.6559,588.9357
632,283.0658,564.6287,-3.0581,489.0120,564.6619,283.0326,283.0658,564.6287
633,294.1397,610.9284,-1.6437,529.2084,610.9370,294.1312,294.1397,610.9284
634,315.0951,597.2295,-13.2810,517.9894,597.8533,314.4713,315.0951,597.2295
635,312.9147,645.8729,-51.9602,566.6250,653.7932,304.9944,312.9147,645.8729
636,296.8760,580.4791,-10.3075,503.0704,580.8533,296.5019,296.8760,580.4791
637,387.0612,645.2100,-8.1024,562.6487,645.4641,386.8072,387.0612,645.2100
638,325.8132,646.4765,-12.5966,560.2960,646.9706,325.3191,325.8132,646.4765
639,251.8484,529.9818,14.9814,459.8984,530.7864,251.0438,251.8484,529.9818
640,266.6265,580.2277,-2.8611,503.0649,580.2538,266.6004,266.6265,580.2277
641,253.3719,552.3894,7.6546,479.1108,552.5852,253.1761,253.3719,552.3894
642,248.3103,532.5449,-2.9084,461.5746,532.5747,248.2806,248.3103,532.5449
643,214.7006,383.4806,-2.7673,332.9312,383.5260,214.6553,214.7006,383.4806
644,231.0543,410.7397,-4.3906,356.7182,410.8470,230.9471,231.0543,410.7397
645,279.1340,717.4776,-24.6583,627.8866,718.8603,277.7513,279.1340,717.4776
646,279.6442,656.4641,10.1053,570.8555,656.7349,279.3734,279.6442,656.4641
647,322.5300,657.1016,-25.1177,570.7590,658.9768,320.6548,322.5300,657.1016
648,266.0941,760.5794,8.6366,668.6742,760.7302,265.9433,266.0941,760.5794
649,311.7643,648.8342,36.9167,565.6748,652.8300,307.7685,311.7643,648.8342
650,319.1368,675.3238,21.8489,586.3634,676.6591,317.8015,319.1368,675.3238
651,319.3128,661.6200,-27.0926,575.0130,663.7510,317.1818,319.3128,661.6200
652,299.8779,654.7448,27.7108,569.7172,656.8956,297.7271,299.8779,654.7448
653,312.2626,660.7862,30.3769,574.9572,663.4140,309.6348,312.2626,660.7862
654,280.4290,717.4562,-27.3099,628.0333,719.1562,278.7291,280.4290,717.4562
655,297.0211,495.4457,-19.0478,433.1497,497.2577,295.2091,297.0211,495.4457
656,310.6356,661.3022,-29.0117,575.2531,663.6862,308.2516,310.6356,661.3022
657,298.0044,573.7980,-0.6544,497.0490,573.7995,298.0029,298.0044,573.7980
658,266.2166,714.2574,-22.8563,626.4623,715.4204,265.0536,266.2166,714.2574
659,268.8666,689.2347,-28.7871,603.7447,691.1969,266.9044,268.8666,689.2347
660,280.2510,702.3145,-11.0120,612.6384,702.6016,279.9639,280.2510,702.3145
661,305.5293,675.6355,-6.8571,586.1280,675.7625,305.4023,305.5293,675.6355
662,290.1850,791.8346,-39.7192,697.2544,794.9600,287.0596,290.1850,791.8346
663,305.8804,672.8940,9.6851,583.7855,673.1494,305.6250,305.8804,672.8940
664,290.8802,810.2555,-44.8622,715.1754,814.1021,287.0336,290.8802,810.2555
665,290.1409,626.2824,11.7137,543.2430,626.6901,289.7332,290.1409,626.2824
666,289.6928,627.9666,3.1558,544.4047,627.9960,289.6634,289.6928,627.9666
667,299.7488,625.8813,-2.6012,542.2083,625.9020,299.7281,299.7488,625.8813
668,300.8555,646.5734,13.7950,560.9073,647.1230,300.3060,300.8555,646.5734
669,303.5658,636.3793,-7.9680,551.4873,636.5700,303.3752,303.5658,636.3793
670,298.3736,614.5374,0.0935,532.2793,614.5374,298.3735,298.3736,614.5374
671,285.6542,570.5356,-11.5941,494.5064,571.0067,285.1831,285.6542,570.5356
672,288.6961,712.9644,16.1134,621.7817,713.5755,288.0850,288.6961,712.9644
673,274.8389,693.6339,1.1029,605.0045,693.6368,274.8360,274.8389,693.6339
674,302.6411,553.4266,-1.1460,479.9864,553.4319,302.6359,302.6411,553.4266
675,300.5031,600.1244,11.6034,520.1116,600.5731,300.0544,300.5031,600.1244
676,289.0409,627.6627,5.0558,544.2073,627.7382,288.9654,289.0409,627.6627
677,292.0045,624.9449,-7.9976,541.7821,625.1369,291.8125,292.0045,624.9449
678,286.7348,669.3313,13.8040,582.1274,669.8287,286.2374,286.7348,669.3313
679,293.6470,634.5925,5.0409,550.1511,634.6670,293.5725,293.6470,634.5925
680,272.3386,653.5892,-1.7044,568.6460,653.5968,272.3310,272.3386,653.5892
681,273.9539,609.9148,-1.2700,529.1154,609.9196,273.9491,273.9539,609.9148
682,281.3186,681.3651,-19.9176,594.0606,682.3543,280.3294,281.3186,681.3651
683,280.1974,708.1401,-26.5946,619.4157,709.7865,278.5510,280.1974,708.1401
684,291.1912,622.6469,-1.0568,539.6068,622.6502,291.1879,291.1912,622.6469
685,295.8034,616.3298,-24.6367,535.6030,618.2124,293.9208,295.8034,616.3298
686,278.6332,551.7419,9.1974,478.0959,552.0512,278.3238,278.6332,551.7419
687,288.8305,549.5689,6.8627,476.2962,549.7494,288.6500,288.8305,549.5689
688,292.5367,568.2530,-0.8041,492.1953,568.2553,292.5344,292.5367,568.2530
689,286.7095,598.0524,-0.3366,518.0753,598.0527,286.7091,286.7095,598.0524
690,300.6100,598.7660,-3.8428,518.5907,598.8155,300.5605,300.6100,598.7660
691,269.7936,609.2381,-10.3657,529.0685,609.5543,269.4773,269.7936,609.2381
692,299.0437,684.1490,-25.0029,595.6274,685.7655,297.4272,299.0437,684.1490
693,319.3820,662.4462,24.6115,575.3987,664.2029,317.6254,319.3820,662.4462
694,314.7225,656.4577,17.0221,569.4333,657.3035,313.8767,314.7225,656.4577
695,296.4822,644.0695,-3.5874,558.4001,644.1066,296.4451,296.4822,644.0695
696,298.4434,637.2492,26.1518,554.0974,639.2560,296.4366,298.4434,637.2492
697,298.4521,631.2377,21.1890,548.1673,632.5814,297.1084,298.4521,631.2377
698,291.4399,617.0499,10.7856,534.9802,617.4068,291.0830,291.4399,617.0499
699,321.4738,646.3082,27.1126,561.6883,648.5556,319.2264,321.4738,646.3082
700,294.3652,585.6967,-0.0966,507.2306,585.6968,294.3651,294.3652,585.6967
701,239.1580,458.3911,-5.9945,397.2390,458.5549,238.9942,239.1580,458.3911
702,266.1648,520.8076,-34.1373,454.9282,525.3046,261.6678,266.1648,520.8076
703,281.4425,638.0333,17.0089,554.6121,638.8427,280.6331,281.4425,638.0333
704,275.9754,624.9555,-29.3665,544.8363,627.4094,273.5215,275.9754,624.9555
705,247.9264,545.7734,2.5390,473.3327,545.7951,247.9047,247.9264,545.7734
706,251.3249,568.3708,-9.8710,493.6154,568.6778,251.0179,251.3249,568.3708
707,287.5024,613.6328,-26.8342,533.7997,615.8260,285.3092,287.5024,613.6328
708,283.6288,623.7192,-17.8150,541.7733,624.6499,282.6981,283.6288,623.7192
709,243.9503,493.2478,-3.1757,427.2089,493.2883,243.9099,243.9503,493.2478
710,284.3567,658.0392,-5.6532,571.7100,658.1247,284.2712,284.3567,658.0392
711,248.2932,561.2319,-1.2055,487.1192,561.2366,248.2886,248.2932,561.2319
712,251.4678,548.8978,-7.9945,476.1161,549.1126,251.2531,251.4678,548.8978
713,306.1259,649.8074,-7.5849,563.2162,649.9747,305.9585,306.1259,649.8074
714,294.3281,658.3760,7.5206,571.3835,658.5313,294.1728,294.3281,658.3760
715,297.9651,633.6480,8.4759,549.2755,633.8619,297.7513,297.9651,633.6480
716,258.3245,558.8744,-9.6994,484.7509,559.1871,258.0118,258.3245,558.8744
717,260.0770,564.1496,-19.7471,490.2574,565.4266,258.7999,260.0770,564.1496
718,270.5164,582.0838,-18.3487,505.5171,583.1607,269.4396,270.5164,582.0838
719,238.3890,546.9907,-3.8014,475.0525,547.0375,238.3422,238.3890,546.9907
720,241.5880,465.0252,-3.1533,402.8629,465.0697,241.5435,241.5880,465.0252
721,283.3790,651.7636,4.1603,566.0877,651.8106,283.3320,283.3790,651.7636
722,295.8822,629.5056,19.2431,546.5116,630.6118,294.7759,295.8822,629.5056
723,351.0965,615.7007,-3.3162,534.9942,615.7423,351.0549,351.0965,615.7007
724,294.1569,620.8965,4.9677,538.0277,620.9720,294.0814,294.1569,620.8965
725,245.5655,503.7069,-12.9431,436.8439,504.3543,244.9182,245.5655,503.7069
726,258.4231,522.1472,8.6155,452.4467,522.4284,258.1419,258.4231,522.1472
727,283.7859,577.2516,-1.3636,499.9436,577.2580,283.7795,283.7859,577.2516
728,288.5495,719.0454,-6.4271,626.8419,719.1413,288.4536,288.5495,719.0454
729,309.1454,682.7217,-9.9461,592.3819,682.9863,308.8808,309.1454,682.7217
730,298.5621,637.7170,-1.9827,552.6627,637.7286,298.5505,298.5621,637.7170
731,248.6139,540.1780,13.3873,468.8742,540.7914,248.0005,248.6139,540.1780
732,219.0450,547.3262,-9.0581,477.3927,547.5760,218.7953,219.0450,547.3262
733,257.6212,595.2265,16.9074,517.8589,596.0711,256.7765,257.6212,595.2265
734,289.1028,572.0180,25.5588,497.3659,574.3085,286.8123,289.1028,572.0180
735,292.5949,615.6518,21.6311,534.7019,617.0938,291.1529,292.5949,615.6518
736,258.6292,570.9355,12.5344,495.6482,571.4378,258.1270,258.6292,570.9355
737,265.3692,524.6710,-8.6486,454.6354,524.9591,265.0810,265.3692,524.6710
738,276.8148,580.4250,-7.8303,503.0242,580.6268,276.6130,276.8148,580.4250
739,290.2852,621.4567,-5.3426,538.6649,621.5429,290.1990,290.2852,621.4567
740,311.8989,658.5617,-22.3782,571.9109,660.0003,310.4603,311.8989,658.5617
741,238.3576,398.6439,4.9222,347.5402,398.7949,238.2066,238.3576,398.6439
742,247.9027,425.8219,12.4890,371.0600,426.6943,247.0303,247.9027,425.8219
743,204.1662,368.1030,19.2083,321.1484,370.3235,201.9457,204.1662,368.1030
744,238.9864,412.2750,3.6130,358.6031,412.3503,238.9111,238.9864,412.2750
745,253.8975,426.5039,-7.9067,371.8451,426.8653,253.5360,253.8975,426.5039
746,244.4580,429.7227,12.9955,374.0038,430.6299,243.5509,244.4580,429.7227
747,250.9283,439.3046,18.3059,383.0469,441.0670,249.1659,250.9283,439.3046
748,207.0188,375.1144,-17.3925,326.8323,376.8951,205.2381,207.0188,375.1144
749,213.3244,374.1459,4.1301,325.1603,374.2519,213.2185,213.3244,374.1459
750,219.5096,385.9815,-8.3189,335.6295,386.3962,219.0949,219.5096,385.9815
751,211.4957,378.0610,-18.9324,329.8144,380.1858,209.3709,211.4957,378.0610
752,280.2357,699.7643,5.1464,610.0677,699.8274,280.1726,280.2357,699.7643
753,276.8306,712.5847,-11.8702,622.5509,712.9078,276.5075,276.8306,712.5847
754,274.2082,689.0644,0.8154,600.8783,689.0660,274.2066,274.2082,689.0644
755,268.3357,688.8426,23.3086,602.7413,690.1307,267.0477,268.3357,688.8426
756,275.6717,719.3715,-9.0392,628.8283,719.5556,275.4876,275.6717,719.3715
757,308.8768,706.7611,-16.6742,614.3680,707.4586,308.1793,308.8768,706.7611
758,303.8755,652.2155,-12.3329,565.6760,652.6516,303.4394,303.8755,652.2155
759,275.5886,692.6273,0.0584,603.9880,692.6273,275.5886,275.5886,692.6273
760,290.0526,675.1341,13.3293,587.0649,675.5949,289.5917,290.0526,675.1341
761,307.7837,651.3516,19.1439,565.3439,652.4150,306.7202,307.7837,651.3516
762,293.3528,662.9398,-24.5111,576.9508,664.5583,291.7343,293.3528,662.9398
763,292.9781,671.8961,-14.8844,584.0328,672.4799,292.3943,292.9781,671.8961
764,284.5750,686.6993,-20.5186,598.6522,687.7435,283.5308,284.5750,686.6993
765,307.2109,621.2728,22.5378,539.4632,622.8819,305.6017,307.2109,621.2728
766,295.0088,608.1593,15.6057,527.4526,608.9351,294.2330,295.0088,608.1593
767,280.3692,641.8258,-6.1255,557.4151,641.9296,280.2654,280.3692,641.8258
768,294.1908,608.4256,0.9629,527.0100,608.4285,294.1879,294.1908,608.4256
769,285.9760,632.7790,4.8260,548.9096,632.8461,285.9088,285.9760,632.7790
770,285.2385,625.1932,-15.6588,542.8020,625.9130,284.5187,285.2385,625.1932
771,291.8112,577.7125,-2.0572,500.3351,577.7273,291.7964,291.8112,577.7125
772,299.8266,611.4432,0.0488,529.5582,611.4432,299.8266,299.8266,611.4432
773,287.3171,616.5717,7.3356,534.5293,616.7350,287.1537,287.3171,616.5717
774,297.3201,647.2407,-20.2504,562.2387,648.4087,296.1521,297.3201,647.2407
775,287.0351,674.6555,19.0341,587.3553,675.5879,286.1027,287.0351,674.6555
776,292.8780,662.4524,-28.5412,577.1021,664.6436,290.6868,292.8780,662.4524
777,294.9109,621.9486,6.3089,538.9736,622.0703,294.7892,294.9109,621.9486
778,290.1607,597.7419,-4.6203,517.7948,597.8113,290.0913,290.1607,597.7419
779,289.9952,580.0439,7.6849,502.5091,580.2474,289.7917,289.9952,580.0439
780,287.2077,609.1161,-0.8012,527.7971,609.1181,287.2057,287.2077,609.1161
781,285.6084,631.3397,12.8296,548.0328,631.8152,285.1329,285.6084,631.3397
782,288.7080,627.9528,13.2127,544.8906,628.4666,288.1942,288.7080,627.9528
783,297.2694,643.1174,-11.1893,557.8222,643.4791,296.9077,297.2694,643.1174
784,286.3525,690.5845,17.4428,601.7199,691.3357,285.6012,286.3525,690.5845
785,282.8432,705.7028,-13.2711,615.5826,706.1189,282.4271,282.8432,705.7028
786,287.5806,553.3946,8.8371,479.6216,553.6881,287.2871,287.5806,553.3946
787,286.5615,619.8325,8.0317,537.4786,620.0259,286.3681,286.5615,619.8325
788,315.7004,673.5866,26.4639,585.5213,675.5329,313.7541,315.7004,673.5866
789,280.7968,519.1336,-38.2977,454.9457,525.1364,274.7941,280.7968,519.1336
790,308.6138,687.2628,24.8728,597.7707,688.8896,306.9869,308.6138,687.2628
791,296.6239,578.0565,-12.1894,501.1142,578.5835,296.0969,296.6239,578.0565
792,289.6904,578.0009,13.6776,501.1242,578.6483,289.0430,289.6904,578.0009
793,301.0748,614.6622,-9.9289,532.6275,614.9762,300.7608,301.0748,614.6622
794,290.6844,702.4648,8.5882,611.5390,702.6439,290.5054,290.6844,702.4648
795,273.6974,643.3513,15.7991,559.8896,644.0253,273.0234,273.6974,643.3513
796,283.3682,625.4336,-8.3694,542.6296,625.6382,283.1635,283.3682,625.4336
797,276.8618,650.6561,-23.1465,566.9843,652.0839,275.4339,276.8618,650.6561
798,287.1951,674.3038,7.5385,586.2426,674.4505,287.0484,287.1951,674.3038
799,290.5443,593.4755,-3.7434,514.0430,593.5217,290.4980,290.5443,593.4755
800,279.8666,629.3381,18.6372,547.0860,630.3292,278.8755,279.8666,629.3381
801,297.0080,613.7090,16.6070,532.3565,614.5775,296.1395,297.0080,613.7090
802,305.6632,640.0015,-12.9185,554.8943,640.4999,305.1648,305.6632,640.0015
803,288.0721,670.7512,-14.9802,583.3877,671.3367,287.4866,288.0721,670.7512
804,286.0297,640.3329,-6.3616,555.7035,640.4471,285.9155,286.0297,640.3329
805,285.8628,640.3937,0.4325,555.6595,640.3943,285.8622,285.8628,640.3937
806,271.3447,561.1871,21.9957,487.5810,562.8468,269.6850,271.3447,561.1871
807,292.7899,598.0413,-7.5189,518.1201,598.2264,292.6048,292.7899,598.0413
808,296.7149,624.4993,0.2898,541.0556,624.4996,296.7146,296.7149,624.4993
809,284.1152,570.3281,20.4158,495.1839,571.7771,282.6663,284.1152,570.3281
810,289.5356,641.8386,15.9022,557.4148,642.5550,288.8193,289.5356,641.8386
811,300.4094,630.0269,-1.2982,545.8193,630.0320,300.4042,300.4094,630.0269
812,293.4013,628.1846,9.2748,544.6541,628.4414,293.1446,293.4013,628.1846
813,292.8945,637.3909,-0.7417,552.6009,637.3925,292.8929,292.8945,637.3909
814,309.3327,661.3431,10.4339,573.4222,661.6521,309.0237,309.3327,661.3431
815,283.9314,562.7729,10.4585,487.7188,563.1647,283.5397,283.9314,562.7729
816,303.6802,660.3258,-16.8634,573.2164,661.1214,302.8846,303.6802,660.3258
817,304.4542,646.7556,10.7882,560.7378,647.0953,304.1145,304.4542,646.7556
818,291.2116,661.9406,-7.2821,574.7728,662.0835,291.0687,291.2116,661.9406
819,276.7311,637.1501,67.2342,565.4931,649.2838,264.5974,276.7311,637.1501
820,313.3602,663.8690,16.8703,575.9691,664.6791,312.5500,313.3602,663.8690
821,314.1665,655.0181,-45.2487,572.8061,660.9226,308.2619,314.1665,655.0181
822,309.3073,681.8828,37.1629,594.8673,685.5535,305.6366,309.3073,681.8828
823,170.8559,398.9127,-166.3498,450.7585,486.5641,83.2045,170.8559,398.9127
824,310.3501,624.3122,12.4728,541.1046,624.8069,309.8554,310.3501,624.3122
825,283.5850,650.6043,20.5030,566.0971,651.7461,282.4432,283.5850,650.6043
826,288.5577,653.2919,-42.0168,571.6989,658.0696,283.7800,288.5577,653.2919
827,300.7653,680.2537,59.4938,599.3552,689.3621,291.6569,300.7653,680.2537
828,291.3320,645.8212,-22.8371,561.5831,647.2864,289.8669,291.3320,645.8212
829,319.6412,629.7402,9.2068,545.6250,630.0133,319.3681,319.6412,629.7402
830,254.3659,463.8099,39.5698,408.0950,471.0365,247.1394,254.3659,463.8099
831,303.1341,663.6263,47.4336,581.2677,669.7631,296.9973,303.1341,663.6263
832,286.6852,668.9621,-12.1976,581.6902,669.3509,286.2964,286.6852,668.9621
833,283.0880,607.5011,-17.9205,527.4311,608.4880,282.1011,283.0880,607.5011
834,289.3241,612.9598,-8.5577,531.3227,613.1860,289.0980,289.3241,612.9598
835,299.5280,592.8757,15.7251,514.1766,593.7162,298.6874,299.5280,592.8757
836,217.7932,409.8895,-1.1258,355.2126,409.8961,217.7866,217.7932,409.8895
837,223.4063,399.9529,0.0764,347.1609,399.9529,223.4062,223.4063,399.9529
838,320.4652,681.8285,-23.9273,592.2865,683.4059,318.8877,320.4652,681.8285
839,290.6513,620.7304,5.0556,538.0009,620.8078,290.5739,290.6513,620.7304
840,284.3325,628.5811,7.3392,545.3391,628.7375,284.1761,284.3325,628.5811
841,297.0222,598.8772,-34.1033,522.0013,602.6822,293.2172,297.0222,598.8772
842,289.0279,583.1033,2.6449,505.0094,583.1271,289.0041,289.0279,583.1033
843,297.0002,602.8909,-3.8390,522.1801,602.9391,296.9520,297.0002,602.8909
844,259.2013,557.6305,0.1719,483.3204,557.6306,259.2012,259.2013,557.6305
845,235.9706,513.3502,17.8339,446.1268,514.4921,234.8286,235.9706,513.3502
846,297.9695,637.4361,13.1767,552.8969,637.9468,297.4588,297.9695,637.4361
847,237.8007,479.9479,5.5090,415.7623,480.0732,237.6754,237.8007,479.9479
848,241.3632,488.8419,10.6988,423.7659,489.3035,240.9015,241.3632,488.8419
849,232.9315,490.8488,-3.7849,425.3216,490.9043,232.8759,232.9315,490.8488
850,260.4617,567.5627,-41.6385,497.3335,573.1081,254.9162,260.4617,567.5627
851,282.0482,564.9674,-52.8846,497.7767,574.5296,272.4860,282.0482,564.9674
852,268.8717,577.6005,-37.3530,504.7768,582.0555,264.4167,268.8717,577.6005
853,292.8649,623.1923,8.4823,540.2252,623.4100,292.6472,292.8649,623.1923
854,295.8951,621.3525,1.1948,538.3140,621.3569,295.8908,295.8951,621.3525
855,311.9005,580.2145,23.6663,504.6205,582.2859,309.8290,311.9005,580.2145
856,292.8708,637.9379,3.2527,553.1152,637.9686,292.8401,292.8708,637.9379
857,288.1848,632.8459,6.4411,548.9010,632.9663,288.0645,288.1848,632.8459
858,256.7671,545.8146,0.3446,472.9652,545.8150,256.7666,256.7671,545.8146
859,291.8570,519.6387,-40.1925,456.4986,526.5227,284.9730,291.8570,519.6387
860,256.7554,646.8716,-8.2520,564.3428,647.0461,256.5809,256.7554,646.8716
861,261.2398,529.5870,-13.4743,459.2429,530.2619,260.5650,261.2398,529.5870
862,239.4019,468.7488,-6.6877,406.1447,468.9436,239.2070,239.4019,468.7488
863,248.0298,490.4566,10.3920,425.1383,490.9013,247.5852,248.0298,490.4566
864,256.3281,512.8283,8.9930,444.3954,513.1432,256.0132,256.3281,512.8283
865,281.8137,583.5780,-18.3793,506.4932,584.6933,280.6984,281.8137,583.5780
866,272.6231,523.1082,2.5119,453.1811,523.1334,272.5979,272.6231,523.1082
867,267.5394,567.5071,5.1343,491.8233,567.5949,267.4516,267.5394,567.5071
868,239.9922,552.7141,12.8148,480.5566,553.2383,239.4679,239.9922,552.7141
869,244.2782,465.6209,1.1730,403.4077,465.6272,244.2720,244.2782,465.6209
870,280.9642,529.5893,-30.9415,462.0414,533.3821,277.1713,280.9642,529.5893
871,283.2930,594.5240,-28.0916,517.3554,597.0392,280.7778,283.2930,594.5240
872,263.6585,579.6731,-0.8775,502.6960,579.6755,263.6560,263.6585,579.6731
873,296.7249,656.6751,-49.8256,576.0762,663.4448,289.9552,296.7249,656.6751
874,264.3222,633.0407,6.7798,550.8339,633.1653,264.1975,264.3222,633.0407
875,279.3719,636.2756,-19.7440,553.4503,637.3645,278.2829,279.3719,636.2756
876,294.8459,581.7670,7.5550,504.0105,581.9658,294.6471,294.8459,581.7670
877,289.4242,623.0528,10.5792,540.3428,623.3879,289.0891,289.4242,623.0528
878,261.9183,636.5091,7.0379,554.2385,636.6413,261.7861,261.9183,636.5091
879,259.8111,734.4041,6.7013,645.1198,734.4987,259.7165,259.8111,734.4041
880,254.4854,440.1429,-24.4717,385.0652,443.3144,251.3139,254.4854,440.1429
881,234.4471,390.7902,1.6155,340.6914,390.8069,234.4304,234.4471,390.7902
882,253.9423,430.9681,7.6587,375.4399,431.2988,253.6116,253.9423,430.9681
883,226.8872,397.7855,5.3579,345.7525,397.9533,226.7194,226.8872,397.7855
884,273.7140,492.4679,26.2765,429.7906,495.5799,270.6019,273.7140,492.4679
885,231.9950,405.3763,-3.0166,352.3260,405.4288,231.9426,231.9950,405.3763
886,305.9581,663.0585,-14.5980,575.3504,663.6542,305.3623,305.9581,663.0585
887,273.6188,702.3326,5.4274,613.2335,702.4013,273.5501,273.6188,702.3326
888,279.0407,709.3934,-16.8394,619.6804,710.0513,278.3828,279.0407,709.3934
889,276.9135,700.1622,-21.8630,611.9296,701.2885,275.7872,276.9135,700.1622
890,268.3117,718.9445,3.5032,629.2916,718.9717,268.2844,268.3117,718.9445
891,274.5528,697.1460,5.1564,608.3323,697.2090,274.4899,274.5528,697.1460
892,307.1896,680.2755,18.9779,590.9713,681.2383,306.2267,307.1896,680.2755
893,276.9713,733.0553,11.7492,641.4531,733.3578,276.6689,276.9713,733.0553
894,275.3912,726.2181,-9.0960,635.2064,726.4015,275.2078,275.3912,726.2181
895,277.2423,699.3409,30.8552,612.2992,701.5845,274.9987,277.2423,699.3409
896,281.7609,701.3891,19.6938,612.2707,702.3114,280.8386,281.7609,701.3891
897,270.4499,684.0715,-25.5765,598.3748,685.6471,268.8743,270.4499,684.0715
898,288.2126,715.4277,-10.2850,623.7189,715.6751,287.9651,288.2126,715.4277
899,282.3965,660.3269,-37.3429,577.4850,663.9814,278.7420,282.3965,660.3269
900,281.1732,612.3140,2.8117,530.8900,612.3378,281.1493,281.1732,612.3140
901,279.1880,700.6722,5.3367,611.0267,700.7397,279.1205,279.1880,700.6722
902,287.7813,675.4213,-5.8092,587.1454,675.5084,287.6942,287.7813,675.4213
903,284.0179,672.9512,-24.1720,586.6448,674.4477,282.5214,284.0179,672.9512
904,290.3259,696.0942,-18.6993,606.4578,696.9541,289.4659,290.3259,696.0942
905,283.7335,651.0339,20.0544,566.4241,652.1256,282.6418,283.7335,651.0339
906,281.3871,622.0034,7.2672,539.6310,622.1584,281.2321,281.3871,622.0034
907,280.2023,709.0831,-18.3594,619.3841,709.8675,279.4179,280.2023,709.0831
908,294.7674,715.5962,3.8175,622.9566,715.6308,294.7328,294.7674,715.5962
909,287.8007,663.3495,-7.7448,576.3066,663.5091,287.6411,287.8007,663.3495
910,280.3181,672.9288,-23.5839,586.8951,674.3404,278.9065,280.3181,672.9288
911,287.7699,712.7105,15.4510,621.6006,713.2716,287.2088,287.7699,712.7105
912,310.3650,713.0218,9.6084,619.4404,713.2509,310.1359,310.3650,713.0218
913,287.1463,612.8940,-3.0848,531.1594,612.9232,287.1171,287.1463,612.8940
914,289.8608,625.3868,0.8382,542.0838,625.3889,289.8587,289.8608,625.3868
915,315.6126,657.2302,20.9515,570.4819,658.5103,314.3324,315.6126,657.2302
916,281.0001,210.6400,46.3574,265.6830,304.0150,187.6252,281.0001,210.6400
917,294.0015,658.6605,-18.6805,572.4249,659.6150,293.0470,294.0015,658.6605
918,313.5499,654.7621,-35.1116,570.4602,658.3377,309.9743,313.5499,654.7621
919,315.4242,676.8054,18.2681,587.4337,677.7265,314.5031,315.4242,676.8054
920,282.4159,563.2674,-11.1766,488.1884,563.7114,281.9718,282.4159,563.2674
921,289.7771,617.8482,4.0566,535.4608,617.8984,289.7270,289.7771,617.8482
922,276.7351,652.5553,-10.2510,567.5747,652.8347,276.4557,276.7351,652.5553
923,288.2543,620.4790,2.7164,537.8207,620.5012,288.2321,288.2543,620.4790
924,314.7739,659.3096,-26.8494,573.0628,661.3894,312.6941,314.7739,659.3096
925,316.8845,681.9783,-21.9098,592.3192,683.2885,315.5743,316.8845,681.9783
926,285.5661,641.9477,-9.5063,557.3127,642.2011,285.3127,285.5661,641.9477
927,282.4709,671.1670,-26.0532,585.4110,672.9055,280.7324,282.4709,671.1670
928,311.6729,682.2772,21.4678,592.7710,683.5166,310.4335,311.6729,682.2772
929,314.1456,660.1991,11.9235,572.3445,660.6095,313.7352,314.1456,660.1991
930,304.7983,677.9109,-31.9611,590.6807,680.6289,302.0803,304.7983,677.9109
931,286.3603,712.4869,-23.0233,622.2556,713.7272,285.1199,286.3603,712.4869
932,285.2286,642.9788,-2.2177,558.0286,642.9926,285.2149,285.2286,642.9788
933,300.7641,620.6792,7.0533,537.7480,620.8346,300.6087,300.7641,620.6792
934,289.5971,592.8586,11.4154,513.8566,593.2877,289.1680,289.5971,592.8586
935,292.2041,633.6469,-5.5967,549.3919,633.7387,292.1124,292.2041,633.6469
936,292.5682,601.3055,-4.3558,520.8633,601.3670,292.5067,292.5682,601.3055
937,292.9303,624.9616,13.3242,542.0771,625.4954,292.3964,292.9303,624.9616
938,298.5516,627.0490,10.1973,543.5338,627.3653,298.2353,298.5516,627.0490
939,289.2088,662.8815,5.4531,575.7010,662.9610,289.1292,289.2088,662.8815
940,282.9792,656.2816,-13.5179,570.6286,656.7705,282.4904,282.9792,656.2816
941,287.3841,583.3056,4.3933,505.2328,583.3708,287.3189,287.3841,583.3056
942,311.9344,651.1747,-20.1885,565.1818,652.3719,310.7372,311.9344,651.1747
943,353.3635,649.4608,0.1177,563.1780,649.4609,353.3634,353.3635,649.4608
944,261.8076,540.7001,6.9435,468.4923,540.8729,261.6349,261.8076,540.7001
945,281.7140,524.1094,-27.5322,456.8135,527.1973,278.6261,281.7140,524.1094
946,296.1109,641.0754,10.6570,556.0311,641.4043,295.7820,296.1109,641.0754
947,306.0097,639.0954,-5.3852,553.7170,639.1825,305.9227,306.0097,639.0954
948,259.8595,478.5238,-8.1462,415.1652,478.8269,259.5565,259.8595,478.5238
949,277.2548,589.7097,-10.4211,511.3255,590.0569,276.9076,277.2548,589.7097
950,251.2053,439.1101,7.2441,381.8015,439.3889,250.9264,251.2053,439.1101
951,316.6875,653.4248,-13.8499,566.4794,653.9935,316.1188,316.6875,653.4248
952,321.0470,663.3769,-19.1947,575.5608,664.4498,319.9742,321.0470,663.3769
953,316.6580,657.5758,21.2355,570.7928,658.8935,315.3404,316.6580,657.5758
954,308.2557,666.4199,-25.2946,579.3347,668.1974,306.4782,308.2557,666.4199
955,301.2359,614.7755,26.5463,534.4284,617.0072,299.0042,301.2359,614.7755
956,217.6738,374.3142,-15.0765,326.6443,375.7521,216.2359,217.6738,374.3142
957,288.3588,635.8293,6.8330,551.5640,635.9636,288.2244,288.3588,635.8293
958,296.4984,653.6239,-14.4432,567.4178,654.2071,295.9152,296.4984,653.6239
959,329.4418,654.7446,-27.2182,568.9856,657.0063,327.1801,329.4418,654.7446
960,289.0801,602.1104,5.6305,521.6716,602.2117,288.9789,289.0801,602.1104
961,293.5105,626.4284,1.8188,542.8697,626.4383,293.5006,293.5105,626.4284
962,307.9939,632.8215,-14.5930,548.6866,633.4758,307.3396,307.9939,632.8215
963,275.5601,519.0616,37.2555,454.4112,524.6341,269.9875,275.5601,519.0616
964,315.4568,679.2589,-23.7250,590.1842,680.7996,313.9161,315.4568,679.2589
965,327.6070,694.1579,-16.8976,602.1853,694.9352,326.8297,327.6070,694.1579
966,317.0937,668.8064,-29.0544,581.6430,671.1903,314.7097,317.0937,668.8064
967,308.6429,645.6153,32.4774,562.1204,648.7169,305.5413,308.6429,645.6153
968,302.4913,634.5899,14.5783,550.3499,635.2287,301.8526,302.4913,634.5899
969,317.8259,672.8933,26.9355,584.9037,674.9250,315.7942,317.8259,672.8933
970,305.3411,674.3589,27.8886,586.8705,676.4547,303.2454,305.3411,674.3589
971,222.9216,395.7024,2.2711,343.6267,395.7322,222.8917,222.9216,395.7024
972,267.4727,547.1275,8.9033,474.1163,547.4106,267.1896,267.4727,547.1275
973,278.3366,563.7831,9.3571,488.5324,564.0895,278.0302,278.3366,563.7831
974,262.9687,452.0259,-33.8050,397.5420,457.8887,257.1059,262.9687,452.0259
975,244.7621,585.7031,5.3414,509.5922,585.7867,244.6785,244.7621,585.7031
976,295.2805,569.0107,-14.7030,493.5530,569.7982,294.4930,295.2805,569.0107
977,291.4274,639.0748,-3.8106,554.2077,639.1165,291.3856,291.4274,639.0748
978,275.2681,575.5784,-48.4466,505.6341,583.2004,267.6461,275.2681,575.5784
979,233.2109,497.9166,93.9658,461.1696,527.8809,203.2466,233.2109,497.9166
980,262.6613,570.1133,-13.1313,494.7633,570.6731,262.1015,262.6613,570.1133
981,267.2151,632.5057,56.2597,558.5228,640.9741,258.7467,267.2151,632.5057
982,284.9113,570.3286,-14.8104,494.5848,571.0951,284.1448,284.9113,570.3286
983,266.4786,649.0147,30.6279,567.5356,651.4514,264.0419,266.4786,649.0147
984,244.8124,566.3332,-10.5193,492.2936,566.6770,244.4686,244.8124,566.3332
985,268.9940,653.4858,-16.4563,569.5876,654.1888,268.2910,268.9940,653.4858
986,271.3021,557.4018,16.5004,483.6260,558.3503,270.3536,271.3021,557.4018
987,283.6778,616.5927,-4.9960,534.6222,616.6676,283.6029,283.6778,616.5927
988,283.3761,628.9539,7.6344,545.7375,629.1225,283.2075,283.3761,628.9539
989,274.1147,614.5524,-0.3637,533.2505,614.5528,274.1144,274.1147,614.5524
990,289.0737,676.8517,-54.8939,595.8790,684.4727,281.4527,289.0737,676.8517
991,258.7310,546.8086,12.0362,474.2358,547.3106,258.2290,258.7310,546.8086
992,251.1243,585.1052,17.4286,509.3021,586.0122,250.2172,251.1243,585.1052
993,275.8871,658.6999,-25.3852,574.6353,660.3759,274.2111,275.8871,658.6999
994,298.0869,647.2191,-11.2300,561.4260,647.5800,297.7261,298.0869,647.2191
995,226.4846,395.7513,-6.6934,344.1180,396.0156,226.2203,226.4846,395.7513
996,291.4986,602.0076,7.5022,521.6024,602.1887,291.3175,291.4986,602.0076
997,290.4131,579.3229,-2.6644,501.7301,579.3474,290.3885,290.4131,579.3229
998,274.4827,601.3387,-1.0158,521.4356,601.3419,274.4795,274.4827,601.3387
999,398.4011,675.9952,-27.5167,590.4636,678.6965,395.6998,398.4011,675.9952
1000,303.6933,636.7392,30.0953,554.0850,639.4369,300.9957,303.6933,636.7392
1001,258.2373,586.1598,-11.4120,509.2074,586.5564,257.8407,258.2373,586.1598
1002,287.9224,609.0576,6.7215,527.8491,609.1982,287.7818,287.9224,609.0576
1003,300.4766,633.3630,-10.5905,549.0543,633.6996,300.1400,300.4766,633.3630
1004,256.6981,576.1530,-20.7205,501.2353,577.4914,255.3597,256.6981,576.1530
1005,391.6852,663.7858,33.7006,580.8967,667.8976,387.5734,391.6852,663.7858
1006,270.7763,601.4595,-41.3033,526.6215,606.5403,265.6954,270.7763,601.4595
1007,286.4015,620.7961,-11.8410,538.5511,621.2149,285.9827,286.4015,620.7961
1008,318.1243,639.4206,36.5600,557.3656,643.5282,314.0167,318.1243,639.4206
1009,226.2983,474.2973,2.8105,410.9256,474.3291,226.2664,226.2983,474.2973
1010,259.3573,565.6324,1.9272,490.4248,565.6446,259.3452,259.3573,565.6324
1011,375.6792,632.1465,-20.3179,551.8135,633.7461,374.0795,375.6792,632.1465
1012,309.8247,643.8896,-17.5712,558.5862,644.8113,308.9030,309.8247,643.8896
1013,278.8398,661.2820,26.4434,576.8462,663.1017,277.0201,278.8398,661.2820
1014,281.6385,642.4199,18.3839,558.6656,643.3542,280.7041,281.6385,642.4199
1015,313.5036,681.6453,-28.5630,593.0211,683.8482,311.3007,313.5036,681.6453
1016,313.3389,678.4413,-27.7891,590.0835,680.5443,311.2359,313.3389,678.4413
1017,279.3718,604.4221,-10.0727,524.2333,604.7339,279.0600,279.3718,604.4221
1018,296.8753,642.7887,3.3727,557.2417,642.8216,296.8424,296.8753,642.7887
1019,241.3666,586.0174,-7.0720,510.2737,586.1624,241.2215,241.3666,586.0174
1020,288.1148,632.9260,13.9428,549.3936,633.4889,287.5519,288.1148,632.9260
1021,235.2900,394.9010,2.4438,344.1074,394.9385,235.2526,235.2900,394.9010
1022,273.4227,472.5134,29.0329,413.9586,476.6608,269.2753,273.4227,472.5134
1023,262.1838,487.5454,-3.2861,422.6662,487.5933,262.1359,262.1838,487.5454
1024,222.8217,419.7274,7.8167,363.9774,420.0373,222.5119,222.8217,419.7274
1025,220.8258,449.1541,3.3947,389.0414,449.2046,220.7754,220.8258,449.1541
1026,289.0391,592.6200,-6.0072,513.3809,592.7388,288.9202,289.0391,592.6200
1027,247.5134,459.1350,-17.1553,399.1350,460.5167,246.1317,247.5134,459.1350
1028,278.2810,619.7518,-1.9268,537.6603,619.7627,278.2702,278.2810,619.7518
1029,209.9669,390.6249,19.6771,340.3192,392.7433,207.8485,209.9669,390.6249
1030,290.5500,650.2498,-4.7192,564.2524,650.3117,290.4881,290.5500,650.2498
1031,297.7530,642.8687,-5.1093,557.3143,642.9444,297.6774,297.7530,642.8687
1032,301.0898,672.4534,-11.2902,583.7484,672.7964,300.7468,301.0898,672.4534
1033,296.3720,634.7663,2.8630,550.1474,634.7905,296.3477,296.3720,634.7663
1034,281.7080,552.7923,9.7514,479.0595,553.1426,281.3576,281.7080,552.7923
1035,271.8387,676.5209,2.4905,589.6531,676.5362,271.8234,271.8387,676.5209
1036,281.5619,700.0857,12.4703,610.5294,700.4569,281.1907,281.5619,700.0857
1037,307.7693,677.0105,28.2489,589.1487,679.1592,305.6206,307.7693,677.0105
1038,289.0499,656.0367,-20.7134,570.6082,657.2021,287.8845,289.0499,656.0367
1039,315.0174,656.9143,34.5648,572.2038,660.3738,311.5580,315.0174,656.9143
1040,317.0084,665.6255,30.1129,579.0191,668.2075,314.4264,317.0084,665.6255
1041,291.2406,638.5658,5.4593,553.8055,638.6516,291.1548,291.2406,638.5658
1042,310.0380,662.6120,-35.9792,577.6044,666.2461,306.4039,310.0380,662.6120
1043,280.2234,687.9732,-22.4521,600.4651,689.2058,278.9909,280.2234,687.9732
1044,291.4463,658.5153,1.3881,571.5482,658.5206,291.4411,291.4463,658.5153
1045,289.3424,651.7750,24.6618,567.2461,653.4454,287.6719,289.3424,651.7750
1046,296.6825,609.0655,7.0115,527.6644,609.2228,296.5252,296.6825,609.0655
1047,318.8501,679.5882,24.4021,590.4280,681.2314,317.2069,318.8501,679.5882
1048,291.8609,633.8681,-7.1558,549.6579,634.0177,291.7112,291.8609,633.8681
1049,300.2785,630.5399,-1.9923,546.2803,630.5520,300.2665,300.2785,630.5399
1050,294.7434,667.4112,-36.0149,582.6556,670.8598,291.2948,294.7434,667.4112
1051,280.8533,694.4139,17.0173,605.7471,695.1129,280.1542,280.8533,694.4139
1052,303.1452,627.2193,5.9999,543.3880,627.3303,303.0342,303.1452,627.2193
1053,287.4702,664.5082,17.6331,578.0283,665.3310,286.6474,287.4702,664.5082
1054,299.4641,659.8916,-47.0188,578.0607,665.9244,293.4314,299.4641,659.8916
1055,276.9822,715.8111,29.2325,627.2172,717.7498,275.0434,276.9822,715.8111
1056,276.2692,685.9659,27.2829,599.6630,687.7748,274.4603,276.2692,685.9659
1057,315.0865,670.8775,-18.5103,582.2367,671.8379,314.1260,315.0865,670.8775
1058,272.5637,673.6659,-6.2902,587.0422,673.7645,272.4651,272.5637,673.6659
1059,295.2210,671.7080,-19.1977,584.0808,672.6844,294.2446,295.2210,671.7080
1060,288.5151,612.0319,-0.4143,530.3245,612.0325,288.5146,288.5151,612.0319
1061,288.7101,662.6040,21.6372,576.6296,663.8520,287.4621,288.7101,662.6040
1062,288.9817,692.1641,14.3997,602.6614,692.6777,288.4680,288.9817,692.1641
1063,269.8188,712.1427,-16.8652,623.4205,712.7848,269.1767,269.8188,712.1427
1064,272.4123,688.3303,26.5384,602.1713,690.0168,270.7258,272.4123,688.3303
1065,281.0017,701.2443,1.7913,611.2809,701.2520,280.9940,281.0017,701.2443
1066,294.3495,573.9097,6.7362,497.2123,574.0719,294.1873,294.3495,573.9097
1067,292.9863,576.1880,-12.7896,499.5089,576.7644,292.4099,292.9863,576.1880
1068,268.3629,734.9684,-16.7642,644.8272,735.5699,267.7614,268.3629,734.9684
1069,299.2158,610.4026,7.9323,528.8365,610.6047,299.0138,299.2158,610.4026
1070,287.4240,595.1976,4.8665,515.6255,595.2745,287.3471,287.4240,595.1976
1071,282.8473,604.1468,3.4638,523.5940,604.1842,282.8100,282.8473,604.1468
1072,286.9793,618.7151,13.7204,536.8164,619.2816,286.4128,286.9793,618.7151
1073,264.9859,720.5233,-22.7606,632.4531,721.6577,263.8515,264.9859,720.5233
1074,314.8550,687.6924,24.7650,597.8052,689.3302,313.2172,314.8550,687.6924
1075,279.3710,722.9908,6.1805,631.5820,723.0769,279.2849,279.3710,722.9908
1076,288.5460,650.7270,5.9731,564.8422,650.8254,288.4475,288.5460,650.7270
1077,283.0581,670.9106,-20.3049,584.4426,671.9707,281.9980,283.0581,670.9106
1078,316.0487,658.5960,-26.2080,572.3178,660.5896,314.0551,316.0487,658.5960
1079,292.8942,541.7851,15.4276,470.4747,542.7378,291.9416,292.8942,541.7851
1080,279.5556,628.1452,-14.7550,545.6825,628.7687,278.9322,279.5556,628.1452
1081,281.4444,597.8985,8.8137,518.3160,598.1438,281.1992,281.4444,597.8985
1082,290.2922,632.4811,2.2425,548.3727,632.4958,290.2775,290.2922,632.4811
1083,289.1508,625.0409,-7.2263,541.9501,625.1963,288.9954,289.1508,625.0409
1084,264.7594,622.7777,0.5041,541.3539,622.7784,264.7587,264.7594,622.7777
1085,291.9916,629.7788,-7.6940,546.0476,629.9540,291.8164,291.9916,629.7788
1086,303.0106,629.7658,-1.0179,545.5252,629.7689,303.0074,303.0106,629.7658
1087,305.4072,652.8124,-16.9054,566.4992,653.6331,304.5865,305.4072,652.8124
1088,304.8543,639.7476,-6.2936,554.3484,639.8658,304.7360,304.8543,639.7476
1089,270.0077,704.0604,-4.4421,615.2745,704.1059,269.9622,270.0077,704.0604
1090,271.1703,710.2928,-13.6106,621.2846,710.7142,270.7488,271.1703,710.2928
1091,282.6951,866.0251,77.4179,776.5794,876.1250,272.5953,282.6951,866.0251
1092,285.8281,582.1661,2.4466,504.2158,582.1863,285.8079,285.8281,582.1661
1093,297.6963,596.7708,-2.5978,516.8387,596.7934,297.6738,297.6963,596.7708
1094,283.5811,622.9309,-2.7855,540.2157,622.9538,283.5582,283.5811,622.9309
1095,266.4034,516.8915,2.1516,447.7274,516.9100,266.3849,266.4034,516.8915
1096,287.1203,557.9133,11.1090,483.6190,558.3683,286.6653,287.1203,557.9133
1097,290.6342,670.0902,-12.6340,582.4233,670.5104,290.2140,290.6342,670.0902
1098,309.5225,673.2287,-26.1407,585.4158,675.0979,307.6533,309.5225,673.2287
1099,304.1347,686.6928,-27.1645,597.8391,688.6121,302.2154,304.1347,686.6928
1100,314.6342,641.4182,13.1443,555.9840,641.9461,314.1063,314.6342,641.4182
1101,296.6237,644.3514,-9.6457,558.8592,644.6188,296.3563,296.6237,644.3514
1102,302.9627,590.8004,6.8925,511.8433,590.9654,302.7978,302.9627,590.8004
1103,294.7067,602.4226,0.8658,521.7560,602.4250,294.7043,294.7067,602.4226
1104,296.5425,632.8501,-6.0771,548.5258,632.9599,296.4327,296.5425,632.8501
1105,305.9716,620.8085,-13.3761,538.1531,621.3757,305.4043,305.9716,620.8085
1106,292.8142,628.7218,-3.8846,544.9568,628.7667,292.7693,292.8142,628.7218
1107,298.9805,608.7397,0.8186,527.2135,608.7418,298.9783,298.9805,608.7397
1108,273.7025,669.6421,-21.2595,584.3003,670.7804,272.5643,273.7025,669.6421
1109,311.5532,685.7020,-30.0706,596.9361,688.1034,309.1518,311.5532,685.7020
1110,314.3681,664.2581,-24.9119,577.1537,666.0229,312.6033,314.3681,664.2581
1111,318.3795,663.8278,-18.5682,575.9497,664.8230,317.3843,318.3795,663.8278
1112,317.2868,689.4108,24.2784,599.1540,690.9881,315.7095,317.2868,689.4108
1113,220.2546,536.8838,-90.3122,492.9239,560.8322,196.3062,220.2546,536.8838
1114,308.3406,669.4950,28.6408,582.5169,671.7522,306.0834,308.3406,669.4950
1115,291.4673,643.7709,8.3017,558.5363,643.9664,291.2718,291.4673,643.7709
1116,278.1942,560.6921,-15.9254,486.3612,561.5870,277.2992,278.1942,560.6921
1117,297.2012,562.6842,3.0367,487.5852,562.7189,297.1665,297.2012,562.6842
1118,312.7000,687.3792,20.8800,597.1900,688.5392,311.5400,312.7000,687.3792
1119,268.2658,750.5027,-5.0793,658.7595,750.5562,268.2123,268.2658,750.5027
1120,279.2227,708.7698,-14.9174,618.9369,709.2872,278.7053,279.2227,708.7698
1121,304.7737,648.0685,7.0535,561.7071,648.2134,304.6289,304.7737,648.0685
1122,258.8664,189.2386,41.7117,243.0126,278.3836,169.7214,258.8664,189.2386
1123,323.7501,693.5749,17.6080,601.8683,694.4114,322.9137,323.7501,693.5749
1124,343.6829,672.0597,-9.3669,582.2972,672.3267,343.4160,343.6829,672.0597
1125,331.2026,636.7084,-22.5762,552.9397,638.3678,329.5433,331.2026,636.7084
1126,318.6285,643.6178,52.9882,564.9038,652.0391,310.2072,318.6285,643.6178
1127,312.8638,616.3635,-26.2753,535.7435,618.6215,310.6058,312.8638,616.3635
1128,316.9941,684.6237,21.7305,594.6342,685.9037,315.7141,316.9941,684.6237
1129,286.8986,637.2794,-11.5192,553.1721,637.6577,286.5203,286.8986,637.2794
1130,283.8487,569.7820,13.9579,494.0387,570.4618,283.1690,283.8487,569.7820
1131,292.5513,601.1643,3.5070,520.7209,601.2041,292.5114,292.5513,601.1643
1132,313.7290,657.8177,12.2990,570.2870,658.2567,313.2899,313.7290,657.8177
1133,306.0543,634.3115,11.6886,549.8149,634.7272,305.6386,306.0543,634.3115
1134,301.0146,638.1479,20.1823,554.0511,639.3518,299.8107,301.0146,638.1479
1135,315.8725,678.2767,-26.5612,589.6628,680.2131,313.9361,315.8725,678.2767
1136,322.4901,693.5748,-22.6270,602.4207,694.9493,321.1155,322.4901,693.5748
1137,312.5852,659.9274,36.0472,575.1768,663.6289,308.8837,312.5852,659.9274
1138,294.4355,643.0744,-10.3351,557.8651,643.3805,294.1294,294.4355,643.0744
1139,309.7840,625.2495,1.2016,541.4934,625.2541,309.7794,309.7840,625.2495
1140,285.9906,612.1440,-15.2534,531.1699,612.8558,285.2788,285.9906,612.1440
1141,267.0984,571.2436,26.7643,497.2239,573.5809,264.7611,267.0984,571.2436
1142,308.0730,658.5436,36.9189,574.2805,662.3904,304.2262,308.0730,658.5436
1143,283.5624,642.7093,19.7188,558.9286,643.7887,282.4830,283.5624,642.7093
1144,254.0547,641.1607,-5.8413,559.3240,641.2489,253.9666,254.0547,641.1607
1145,251.3288,579.1906,-12.6318,503.5269,579.6765,250.8428,251.3288,579.1906
1146,276.1384,641.2915,17.8544,558.0128,642.1624,275.2675,276.1384,641.2915
1147,300.1416,648.3243,10.6374,562.2809,648.6490,299.8169,300.1416,648.3243
1148,291.9582,642.7786,-3.3562,557.4703,642.8107,291.9261,291.9582,642.7786
1149,250.0059,633.6973,-1.2990,552.8583,633.7017,250.0015,250.0059,633.6973
1150,296.0495,650.5633,28.1561,566.2661,652.7856,293.8273,296.0495,650.5633
1151,304.2751,642.8394,7.6536,557.1369,643.0124,304.1022,304.2751,642.8394
1152,297.4960,620.9441,-22.0350,539.2622,622.4384,296.0018,297.4960,620.9441
1153,287.5818,655.9230,-13.3468,569.9483,656.4059,287.0988,287.5818,655.9230
1154,289.4826,570.1281,4.8998,493.8381,570.2136,289.3971,289.4826,570.1281
1155,285.6499,582.1207,7.3617,504.3216,582.3034,285.4672,285.6499,582.1207
1156,280.6351,630.6781,-23.3490,548.7769,632.2287,279.0846,280.6351,630.6781
1157,279.5663,610.6113,14.0065,529.9865,611.2029,278.9747,279.5663,610.6113
1158,282.1767,609.1929,-10.2218,528.3494,609.5121,281.8575,282.1767,609.1929
1159,279.5656,622.8276,2.8232,540.3461,622.8509,279.5424,279.5656,622.8276
1160,306.5219,647.8511,-4.9928,561.3920,647.9241,306.4489,306.5219,647.8511
1161,255.3581,582.3156,-1.5833,505.5766,582.3232,255.3505,255.3581,582.3156
1162,278.1165,557.7310,15.6781,483.7725,558.6073,277.2402,278.1165,557.7310
1163,222.2331,625.5587,25.4201,551.0262,627.1545,220.6372,222.2331,625.5587
1164,292.0514,676.8388,-14.9387,588.5597,677.4179,291.4723,292.0514,676.8388
1165,288.9668,678.8156,-14.7015,590.5808,679.3692,288.4132,288.9668,678.8156
1166,299.3719,590.5445,-4.6365,511.5060,590.6183,299.2981,299.3719,590.5445
1167,287.6995,649.6906,11.3899,564.2184,650.0486,287.3415,287.6995,649.6906
1168,312.9881,716.7139,-19.3481,623.2500,717.6390,312.0630,312.9881,716.7139
1169,305.1653,676.3403,-8.3892,586.8370,676.5298,304.9758,305.1653,676.3403
1170,272.9571,625.9144,36.5333,547.2025,629.6561,269.2153,272.9571,625.9144
1171,233.9580,485.0101,-20.3351,421.5919,486.6466,232.3215,233.9580,485.0101
1172,244.7726,490.7238,-5.0079,425.0682,490.8257,244.6707,244.7726,490.7238
1173,291.7689,583.6848,3.2364,505.5170,583.7207,291.7330,291.7689,583.6848
1174,287.6089,602.4583,8.2023,522.1153,602.6719,287.3954,287.6089,602.4583
1175,317.9899,658.5306,26.3292,572.2357,660.5542,315.9663,317.9899,658.5306
1176,315.4300,636.1194,22.2222,552.2448,637.6519,313.8974,315.4300,636.1194
1177,232.2821,414.3557,-11.6930,360.2893,415.1036,231.5342,232.2821,414.3557
1178,249.8961,414.0079,-7.7793,361.3491,414.3758,249.5281,249.8961,414.0079
1179,289.9938,618.7397,-4.2158,536.2443,618.7938,289.9397,289.9938,618.7397
1180,243.2449,557.7823,-15.9353,485.1529,558.5876,242.4397,243.2449,557.7823
1181,300.8221,614.7860,-2.1231,532.4736,614.8004,300.8077,300.8221,614.7860
1182,305.5822,673.5717,-20.2411,585.2152,674.6817,304.4722,305.5822,673.5717
1183,252.5328,493.1521,13.8578,427.7977,493.9476,251.7373,252.5328,493.1521
1184,286.5510,647.2367,16.2964,562.4564,647.9715,285.8162,286.5510,647.2367
1185,224.9619,397.8732,1.4709,345.5591,397.8857,224.9494,224.9619,397.8732
1186,261.9137,519.9350,6.3819,450.4168,520.0928,261.7559,261.9137,519.9350
1187,247.7176,495.4907,4.4660,429.1773,495.5712,247.6371,247.7176,495.4907
1188,247.4902,551.3248,17.4553,479.2463,552.3244,246.4907,247.4902,551.3248
1189,231.6300,458.6447,6.6870,397.3735,458.8415,231.4332,231.6300,458.6447
1190,223.8772,408.7594,-0.9668,354.5365,408.7645,223.8721,223.8772,408.7594
1191,237.9835,466.3444,-8.4636,404.1607,466.6577,237.6703,237.9835,466.3444
1192,294.8079,628.4176,-7.9866,544.7470,628.6087,294.6168,294.8079,628.4176
1193,296.6533,620.9659,-3.1438,537.9776,620.9963,296.6229,296.6533,620.9659
1194,252.5981,435.2868,20.5399,380.2545,437.5677,250.3173,252.5981,435.2868
1195,236.2797,393.6638,3.6392,343.2554,393.7479,236.1956,236.2797,393.6638
1196,235.2303,445.0036,-9.3071,385.9314,445.4157,234.8182,235.2303,445.0036
1197,322.6890,621.8858,-39.0980,542.9368,626.9106,317.6642,322.6890,621.8858
1198,219.9680,391.7145,-5.8601,340.2419,391.9142,219.7683,219.9680,391.7145
1199,252.3117,467.2088,11.7890,405.5612,467.8536,251.6669,252.3117,467.2088
1200,297.4011,636.0853,1.5497,551.2592,636.0924,297.3940,297.4011,636.0853
1201,303.2113,632.5289,-5.7966,548.0336,632.6309,303.1093,303.2113,632.5289
1202,282.2633,705.7960,-19.1306,616.1965,706.6583,281.4009,282.2633,705.7960
1203,292.3139,661.0312,-16.0840,574.4190,661.7315,291.6136,292.3139,661.0312
1204,280.6528,571.4392,29.3339,497.5080,574.3688,277.7232,280.6528,571.4392
1205,294.4808,595.9110,2.1077,516.0987,595.9257,294.4661,294.4808,595.9110
1206,298.5874,593.5148,-10.4341,514.3198,593.8835,298.2187,298.5874,593.5148
1207,278.4858,621.4073,-39.7997,543.5074,625.9659,273.9272,278.4858,621.4073
1208,269.0890,764.1264,-0.0626,671.3271,764.1264,269.0890,269.0890,764.1264
1209,282.9302,633.3903,19.5441,550.6119,634.4769,281.8437,282.9302,633.3903
1210,328.8123,621.8255,-24.5808,540.4935,623.8732,326.7645,328.8123,621.8255
1211,278.1717,709.0925,-16.1456,619.4548,709.6966,277.5676,278.1717,709.0925
1212,268.7934,691.9149,24.0990,605.6040,693.2830,267.4252,268.7934,691.9149
1213,287.1037,667.5075,38.1711,583.7140,671.2999,283.3113,287.1037,667.5075
1214,319.1636,690.5530,24.7691,600.1417,692.1977,317.5189,319.1636,690.5530
1215,281.5784,619.1628,-1.9177,536.9517,619.1737,281.5675,281.5784,619.1628
1216,285.3588,695.2475,-20.6726,606.3710,696.2875,284.3188,285.3588,695.2475
1217,271.7383,715.5296,10.0193,625.8504,715.7557,271.5122,271.7383,715.5296
1218,274.3222,696.6391,24.8370,609.3486,698.0947,272.8665,274.3222,696.6391
1219,274.2747,673.9235,-4.6544,587.0471,673.9777,274.2205,274.2747,673.9235
1220,266.9900,769.8673,-1.6599,677.0825,769.8728,266.9845,266.9900,769.8673
1221,275.9164,678.4834,-17.8364,591.7933,679.2722,275.1276,275.9164,678.4834
1222,270.7974,697.6538,-7.7543,609.3518,697.7946,270.6565,270.7974,697.6538
1223,268.0960,721.0702,-4.1790,631.3114,721.1087,268.0574,268.0960,721.0702
1224,305.4320,636.1384,33.4009,554.0854,639.4781,302.0923,305.4320,636.1384
1225,272.6927,760.7085,-6.0361,667.6139,760.7831,272.6181,272.6927,760.7085
1226,277.0976,678.9358,-29.2043,593.4341,681.0472,274.9862,277.0976,678.9358
1227,301.7007,566.7036,2.5735,491.1428,566.7285,301.6757,301.7007,566.7036
1228,280.1173,677.9262,13.3780,590.4978,678.3756,279.6679,280.1173,677.9262
1229,288.1489,618.1511,-23.5230,537.2904,619.8194,286.4806,288.1489,618.1511
1230,312.7768,677.3152,34.1585,590.1162,680.4883,309.6036,312.7768,677.3152
1231,314.0294,688.2382,27.6896,598.7148,690.2760,311.9916,314.0294,688.2382
1232,283.9449,712.3597,-13.8706,621.6006,712.8083,283.4963,283.9449,712.3597
1233,273.4574,677.3209,-8.0721,590.3555,677.4822,273.2961,273.4574,677.3209
1234,305.0642,644.9145,-22.2934,560.1157,646.3707,303.6080,305.0642,644.9145
1235,298.0064,642.1361,-13.3590,557.0649,642.6540,297.4886,298.0064,642.1361
1236,235.8851,485.0507,-1.6468,420.1284,485.0616,235.8742,235.8851,485.0507
1237,292.2936,616.8320,1.5670,534.4423,616.8395,292.2860,292.2936,616.8320
1238,283.4108,702.9019,-13.9180,612.9959,703.3632,282.9495,283.4108,702.9019
1239,292.3619,666.4297,33.5526,581.5004,669.4154,289.3762,292.3619,666.4297
1240,289.8123,698.6833,10.6957,608.2809,698.9629,289.5327,289.8123,698.6833
1241,306.0907,672.0791,-8.8447,583.0089,672.2927,305.8771,306.0907,672.0791
1242,290.3251,618.3736,-6.9343,535.9939,618.5201,290.1786,290.3251,618.3736
1243,259.1797,383.2384,-47.9259,348.7246,399.5961,242.8220,259.1797,383.2384
1244,280.4768,721.6078,12.1016,630.4206,721.9395,280.1451,280.4768,721.6078
1245,283.5788,617.5500,5.9420,535.5061,617.6557,283.4731,283.5788,617.5500
1246,314.3503,655.6596,-6.4794,568.0887,655.7825,314.2273,314.3503,655.6596
1247,288.3129,633.4764,-5.7837,549.4339,633.5733,288.2160,288.3129,633.4764
1248,291.2310,649.3569,13.2445,563.8202,649.8460,290.7419,291.2310,649.3569
1249,313.2275,670.2920,14.0216,581.4110,670.8418,312.6777,313.2275,670.2920
1250,313.1557,629.2860,-22.3276,546.3501,630.8551,311.5866,313.1557,629.2860
1251,286.9133,585.7356,-11.3755,507.6794,586.1681,286.4809,286.9133,585.7356
1252,295.3535,606.1613,-2.6131,525.0274,606.1832,295.3315,295.3535,606.1613
1253,280.7943,574.6707,17.7830,498.6745,575.7428,279.7222,280.7943,574.6707
1254,313.8254,658.2329,15.0751,570.8489,658.8915,313.1668,313.8254,658.2329
1255,293.0843,643.2077,-12.2721,558.1687,643.6373,292.6547,293.0843,643.2077
1256,280.4168,664.5445,-0.7864,577.8455,664.5461,280.4152,280.4168,664.5445
1257,287.8803,591.0181,0.3898,511.8940,591.0186,287.8798,287.8803,591.0181
1258,283.2953,602.5199,2.4318,522.1237,602.5384,283.2768,283.2953,602.5199
1259,291.4578,581.5835,-6.8832,503.8076,581.7467,291.2946,291.4578,581.5835
1260,312.4366,691.9632,-17.2979,600.9432,692.7500,311.6498,312.4366,691.9632
1261,308.2472,679.7828,-27.4949,591.4793,681.8065,306.2235,308.2472,679.7828
1262,283.1739,578.3437,-9.3841,501.1599,578.6418,282.8759,283.1739,578.3437
1263,285.3030,575.2691,-6.0602,498.3136,575.3957,285.1764,285.3030,575.2691
1264,317.7034,669.8061,27.3520,582.2546,671.9182,315.5913,317.7034,669.8061
1265,290.4942,631.1560,6.6480,547.2935,631.2856,290.3645,290.4942,631.1560
1266,318.4794,665.3731,-18.8391,577.3280,666.3932,317.4593,318.4794,665.3731
1267,281.3396,587.5924,7.2557,509.1775,587.7642,281.1678,281.3396,587.5924
1268,274.9821,705.9443,-14.9132,616.8611,706.4597,274.4667,274.9821,705.9443
1269,226.2944,654.2716,-122.4056,613.3286,686.8074,193.7586,226.2944,654.2716
1270,286.3028,658.2399,-1.1763,571.6618,658.2436,286.2990,286.3028,658.2399
1271,298.8330,652.8697,7.3945,566.2199,653.0240,298.6786,298.8330,652.8697
1272,293.1371,610.5511,1.3385,528.8972,610.5568,293.1315,293.1371,610.5511
1273,271.5565,693.0513,-45.1026,609.8879,697.8235,266.7843,271.5565,693.0513
1274,247.0731,436.1837,16.1899,379.8927,437.5597,245.6971,247.0731,436.1837
1275,249.2157,410.3156,-14.8966,358.9931,411.6815,247.8498,249.2157,410.3156
1276,293.3061,663.4679,-15.6750,576.5033,664.1305,292.6435,293.3061,663.4679
1277,285.5745,701.2282,-14.8847,611.2982,701.7605,285.0421,285.5745,701.2282
1278,305.3544,679.9222,-24.6808,591.3930,681.5414,303.7352,305.3544,679.9222
1279,309.8796,633.1739,11.4974,548.7471,633.5822,309.4712,309.8796,633.1739
1280,241.7878,461.5186,11.5274,400.3372,462.1217,241.1847,241.7878,461.5186
1281,284.3038,641.4385,-12.2644,557.0995,641.8592,283.8831,284.3038,641.4385
1282,283.5322,681.8458,-16.5823,593.9730,682.5350,282.8431,283.5322,681.8458
1283,285.0312,727.2727,8.2168,634.8823,727.4253,284.8786,285.0312,727.2727
1284,314.1998,668.9888,29.2214,581.9219,671.3795,311.8091,314.1998,668.9888
1285,316.7597,680.0867,-21.3769,590.5941,681.3401,315.5063,316.7597,680.0867
1286,323.0544,676.8500,-23.8920,587.8292,678.4562,321.4483,323.0544,676.8500
1287,289.2480,685.3930,-9.5025,596.1965,685.6208,289.0202,289.2480,685.3930
1288,309.7364,643.7665,5.6660,557.7368,643.8626,309.6403,309.7364,643.7665
1289,320.3390,681.7729,18.5659,591.6646,682.7240,319.3878,320.3390,681.7729
1290,281.0259,554.7144,18.1823,481.4419,555.9171,279.8233,281.0259,554.7144
1291,304.3463,581.0467,9.4699,503.6582,581.3704,304.0226,304.3463,581.0467
1292,289.2625,641.0546,-17.2909,556.8552,641.9024,288.4147,289.2625,641.0546
1293,315.8826,683.7174,-23.0931,594.0343,685.1615,314.4385,315.8826,683.7174
1294,286.2167,646.9799,-5.3521,561.6160,647.0593,286.1373,286.2167,646.9799
1295,304.2951,620.5732,6.5855,537.5866,620.7102,304.1580,304.2951,620.5732
1296,312.9627,640.9911,1.4964,555.1717,640.9979,312.9559,312.9627,640.9911
1297,320.0947,671.8213,-23.7806,583.4848,673.4218,318.4942,320.0947,671.8213
1298,279.8232,567.2110,-18.9716,492.3316,568.4580,278.5762,279.8232,567.2110
1299,318.6855,671.4702,17.7696,582.5737,672.3630,317.7927,318.6855,671.4702
1300,259.2158,590.2683,-5.9106,512.5499,590.3738,259.1103,259.2158,590.2683
1301,263.9874,647.2330,30.2874,566.1188,649.6118,261.6086,263.9874,647.2330
1302,290.8120,652.1723,30.9650,568.4341,654.8065,288.1778,290.8120,652.1723
1303,305.1535,630.0550,-1.0418,545.7359,630.0583,305.1501,305.1535,630.0550
1304,294.8518,604.3487,-7.2616,523.5836,604.5189,294.6815,294.8518,604.3487
1305,284.9851,606.4121,1.2791,525.4890,606.4172,284.9801,284.9851,606.4121
1306,246.8383,489.8333,-8.8490,424.4892,490.1551,246.5165,246.8383,489.8333
1307,257.6651,576.7332,14.1443,501.0076,577.3590,257.0393,257.6651,576.7332
1308,282.9163,638.7742,14.0094,554.9263,639.3248,282.3656,282.9163,638.7742
1309,282.7054,640.0918,-19.0359,556.5695,641.1029,281.6943,282.7054,640.0918
1310,290.8271,622.2058,-7.0970,539.3674,622.3577,290.6752,290.8271,622.2058
1311,292.1343,601.7650,-9.5774,521.4811,602.0610,291.8384,292.1343,601.7650
1312,299.5161,613.1517,-3.6447,531.0894,613.1941,299.4737,299.5161,613.1517
1313,302.3916,665.1403,-30.2705,579.1963,667.6490,299.8830,302.3916,665.1403
1314,256.6016,553.1547,8.3322,479.6795,553.3886,256.3677,256.6016,553.1547
1315,344.8379,657.2479,-49.6519,575.8819,664.9493,337.1365,344.8379,657.2479
1316,282.8384,572.8074,-4.6485,496.1439,572.8819,282.7639,282.8384,572.8074
1317,275.7301,564.0238,-1.9061,488.5105,564.0364,275.7175,275.7301,564.0238
1318,312.7400,651.5713,-64.1340,575.2552,663.3043,301.0070,312.7400,651.5713
1319,282.0439,724.4541,34.8201,635.3676,727.1779,279.3202,282.0439,724.4541
1320,272.3534,705.8866,10.7866,616.8879,706.1548,272.0852,272.3534,705.8866
1321,248.2898,570.3525,1.4825,495.3218,570.3593,248.2830,248.2898,570.3525
1322,316.2210,694.4770,-22.4874,603.4922,695.8092,314.8889,316.2210,694.4770
1323,268.5398,571.9770,10.7118,496.0010,572.3547,268.1621,268.5398,571.9770
1324,285.4201,650.8786,-17.7844,565.9351,651.7420,284.5567,285.4201,650.8786
1325,292.6665,639.4202,-2.1434,554.4265,639.4335,292.6532,292.6665,639.4202
1326,294.0092,636.6572,-21.4374,553.1450,637.9932,292.6732,294.0092,636.6572
1327,265.7142,626.5185,-1.0747,544.6633,626.5217,265.7110,265.7142,626.5185
1328,283.6865,636.5655,8.6660,552.5703,636.7782,283.4738,283.6865,636.5655
1329,268.9865,627.3654,-2.7778,545.1710,627.3870,268.9650,268.9865,627.3654
1330,294.8131,609.0686,-0.1820,527.5586,609.0687,294.8130,294.8131,609.0686
1331,291.8087,634.2151,-2.3218,549.8434,634.2308,291.7930,291.8087,634.2151
1332,295.2868,614.0419,1.7267,531.9137,614.0512,295.2775,295.2868,614.0419
1333,233.1307,424.1602,0.2189,367.9364,424.1605,233.1304,233.1307,424.1602
1334,230.1062,412.2408,-2.8222,357.8492,412.2845,230.0624,230.1062,412.2408
1335,297.3183,571.7161,-17.0770,496.1357,572.7748,296.2596,297.3183,571.7161
1336,277.8364,574.9440,1.2003,498.0136,574.9488,277.8315,277.8364,574.9440
1337,290.3079,614.8027,16.6324,533.4875,615.6530,289.4576,290.3079,614.8027
1338,288.3396,596.7500,4.5131,516.9572,596.8161,288.2736,288.3396,596.7500
1339,289.9472,711.1036,12.2448,619.6814,711.4594,289.5915,289.9472,711.1036
1340,302.2854,664.6292,18.0603,577.2168,665.5272,301.3874,302.2854,664.6292
1341,272.0934,608.3531,2.6591,527.8453,608.3742,272.0724,272.0934,608.3531
1342,300.7151,591.9585,-5.9895,512.7779,592.0816,300.5920,300.7151,591.9585
1343,310.9936,612.7062,-8.3406,530.8360,612.9366,310.7632,310.9936,612.7062
1344,289.1706,616.3188,13.0426,534.5629,616.8379,288.6515,289.1706,616.3188
1345,281.5547,627.2975,19.5402,545.2542,628.3983,280.4539,281.5547,627.2975
1346,289.2765,701.1339,-11.1564,610.5911,701.4359,288.9745,289.2765,701.1339
1347,305.6885,684.0661,-28.5558,595.5897,686.2091,303.5455,305.6885,684.0661
1348,291.9445,619.1919,-3.7174,536.5650,619.2342,291.9022,291.9445,619.1919
1349,244.9394,554.0974,-0.4867,480.9362,554.0982,244.9386,244.9394,554.0974
1350,236.3517,431.0620,-0.0941,373.8909,431.0621,236.3516,236.3517,431.0620
1351,303.2644,651.8263,31.3966,567.5635,654.6318,300.4590,303.2644,651.8263
1352,319.9655,682.2414,22.7293,592.5263,683.6619,318.5450,319.9655,682.2414
1353,296.4776,608.2512,0.5492,526.8174,608.2522,296.4767,296.4776,608.2512
1354,290.2949,628.1305,5.9207,544.5926,628.2342,290.1912,290.2949,628.1305
1355,294.3165,592.8919,-2.0662,513.4764,592.9062,294.3022,294.3165,592.8919
1356,302.0516,560.8256,9.0681,486.4246,561.1429,301.7342,302.0516,560.8256
1357,284.5450,612.2558,12.9993,531.1456,612.7706,284.0301,284.5450,612.2558
1358,255.0523,550.6168,-13.4930,477.8500,551.2315,254.4376,255.0523,550.6168
1359,288.5279,717.9904,-7.1745,625.9015,718.1102,288.4080,288.5279,717.9904
1360,288.8920,711.6888,-17.1284,620.6758,712.3816,288.1992,288.8920,711.6888
1361,246.4393,459.8396,1.1783,398.5805,459.8461,246.4328,246.4393,459.8396
1362,262.3121,650.1966,-15.2084,567.1884,650.7920,261.7168,262.3121,650.1966
1363,287.4316,712.9006,16.7546,621.9134,713.5594,286.7729,287.4316,712.9006
1364,291.1556,671.6305,12.1255,583.7390,672.0165,290.7696,291.1556,671.6305
1365,303.1952,633.0297,1.1883,548.3855,633.0340,303.1910,303.1952,633.0297
1366,274.7600,603.5467,-0.4056,523.3849,603.5472,274.7595,274.7600,603.5467
1367,290.2151,647.0873,-31.7928,564.0786,649.8975,287.4049,290.2151,647.0873
1368,268.9515,506.7151,-31.4987,442.4814,510.8172,264.8494,268.9515,506.7151
1369,298.9457,627.5345,3.7794,543.7023,627.5779,298.9022,298.9457,627.5345
1370,246.2539,396.5201,-8.9072,347.0771,397.0462,245.7277,246.2539,396.5201
1371,283.9704,619.5156,-8.4268,537.3339,619.7271,283.7589,283.9704,619.5156
1372,308.1033,607.5839,-19.5112,527.2848,608.8497,306.8375,308.1033,607.5839
1373,298.0392,636.2019,-11.1590,551.6708,636.5698,297.6713,298.0392,636.2019
1374,249.0709,421.8383,-15.9972,368.3531,423.3071,247.6021,249.0709,421.8383
1375,291.5318,551.3775,8.9745,478.0225,551.6871,291.2222,291.5318,551.3775
1376,288.8817,642.8893,-4.5988,557.7668,642.9490,288.8220,288.8817,642.8893
1377,288.3276,682.1435,-3.1339,593.1283,682.1684,288.3027,288.3276,682.1435
1378,271.6897,709.2503,-16.0650,620.4269,709.8394,271.1007,271.6897,709.2503
1379,311.2487,643.7804,12.8920,558.0786,644.2794,310.7497,311.2487,643.7804
1380,269.8332,765.3488,-10.1507,672.5782,765.5567,269.6253,269.8332,765.3488
1381,291.1266,590.1735,4.1761,511.1718,590.2318,291.0683,291.1266,590.1735
1382,292.1305,594.9003,15.0005,515.8809,595.6417,291.3892,292.1305,594.9003
1383,279.3577,624.1561,14.0078,542.0677,624.7243,278.7896,279.3577,624.1561
1384,280.7041,692.3383,20.5848,604.1987,693.3651,279.6772,280.7041,692.3383
1385,274.6727,698.2603,14.6017,609.8025,698.7630,274.1699,274.6727,698.2603
1386,276.9682,667.1704,31.6717,583.1398,669.7244,274.4142,276.9682,667.1704
1387,299.8575,682.7122,-27.6362,594.6305,684.6969,297.8729,299.8575,682.7122
1388,289.1342,611.6287,4.8806,530.0160,611.7026,289.0604,289.1342,611.6287
1389,278.4166,680.4502,-3.2636,592.5467,680.4767,278.3901,278.4166,680.4502
1390,267.4055,687.5703,7.8239,600.4849,687.7159,267.2599,267.4055,687.5703
1391,277.0287,674.1404,10.3936,587.1780,674.4122,276.7569,277.0287,674.1404
1392,285.1700,724.7158,6.7889,632.4603,724.8207,285.0651,285.1700,724.7158
1393,286.9591,667.8356,-11.8641,580.6296,668.2048,286.5898,286.9591,667.8356
1394,291.5718,677.9114,-19.9673,590.0120,678.9406,290.5426,291.5718,677.9114
1395,248.9557,491.0301,94.2204,455.4967,523.3796,216.6062,248.9557,491.0301
1396,286.6297,669.2662,19.3874,582.5546,670.2460,285.6499,286.6297,669.2662
1397,284.4335,749.8549,22.1528,656.7900,750.9069,283.3815,284.4335,749.8549
1398,275.7451,664.5119,15.8830,578.9062,665.1597,275.0972,275.7451,664.5119
1399,302.4228,605.3990,-6.6658,524.4181,605.5456,302.2763,302.4228,605.3990
1400,288.7503,676.8230,-16.4240,588.9334,677.5169,288.0565,288.7503,676.8230
1401,279.5772,702.0874,19.8745,613.1782,703.0202,278.6444,279.5772,702.0874
1402,276.3025,703.2088,-18.1936,614.4431,703.9827,275.5286,276.3025,703.2088
1403,291.4432,672.0702,12.8174,584.1576,672.5014,291.0121,291.4432,672.0702
1404,277.6590,679.2482,-8.3616,591.6782,679.4223,277.4849,277.6590,679.2482
1405,293.3781,614.5458,5.1673,532.4689,614.6290,293.2949,293.3781,614.5458
1406,284.6611,675.9556,-1.5306,587.8237,675.9616,284.6551,284.6611,675.9556
1407,289.9411,707.9852,-11.9313,616.8159,708.3254,289.6008,289.9411,707.9852
1408,283.5775,717.4868,-19.3150,626.7851,718.3449,282.7194,283.5775,717.4868
1409,306.4559,660.2662,-21.8903,573.5519,661.6154,305.1066,306.4559,660.2662
1410,302.9585,663.5356,-15.9256,576.0212,664.2376,302.2564,302.9585,663.5356
1411,290.1542,696.6465,15.9968,606.7442,697.2750,289.5257,290.1542,696.6465
1412,293.1803,592.7198,0.7064,513.3217,592.7215,293.1787,293.1803,592.7198
1413,323.7366,669.5939,22.9312,581.3492,671.1077,322.2228,323.7366,669.5939
1414,313.7061,676.2117,30.1962,588.4535,678.7098,311.2080,313.7061,676.2117
1415,304.0045,705.9763,20.4663,614.3760,707.0156,302.9651,304.0045,705.9763
1416,299.4172,570.8485,3.8717,494.6128,570.9037,299.3620,299.4172,570.8485
1417,312.4283,691.0794,11.6270,599.7458,691.4361,312.0717,312.4283,691.0794
1418,265.1410,687.2777,12.4527,600.7413,687.6447,264.7740,265.1410,687.2777
1419,228.1637,376.7074,-0.1091,328.6582,376.7075,228.1636,228.1637,376.7074
1420,316.2195,654.2773,19.8713,567.7701,655.4413,315.0555,316.2195,654.2773
1421,291.2337,592.8907,8.4431,513.6931,593.1269,290.9975,291.2337,592.8907
1422,314.2861,662.0080,12.8405,573.9904,662.4815,313.8126,314.2861,662.0080
1423,316.6200,661.8194,28.4103,575.4384,664.1420,314.2975,316.6200,661.8194
1424,302.7090,686.9051,22.9906,597.5991,688.2760,301.3381,302.7090,686.9051
1425,287.5641,715.5318,6.5046,623.7343,715.6306,287.4652,287.5641,715.5318
1426,307.7633,657.2324,6.4260,569.6705,657.3505,307.6452,307.7633,657.2324
1427,317.2081,671.2510,26.9317,583.4797,673.2880,315.1712,317.2081,671.2510
1428,303.7767,688.3100,-27.7545,599.3908,690.3029,301.7838,303.7767,688.3100
1429,233.2271,146.3580,88.0260,254.8070,287.9513,91.6339,233.2271,146.3580
1430,302.5467,661.4418,-16.1829,574.2024,662.1701,301.8185,302.5467,661.4418
1431,317.3609,651.3366,-12.1082,564.5249,651.7750,316.9225,317.3609,651.3366
1432,301.7242,630.7942,-10.7405,546.7714,631.1444,301.3741,301.7242,630.7942
1433,310.0098,632.0248,-9.6946,547.6399,632.3164,309.7182,310.0098,632.0248
1434,278.6114,664.6900,20.7284,579.2546,665.7997,277.5017,278.6114,664.6900
1435,297.7418,620.4326,0.4274,537.4557,620.4331,297.7412,297.7418,620.4326
1436,286.9304,614.3896,2.0854,532.4750,614.4029,286.9171,286.9304,614.3896
1437,247.2209,478.1965,-61.1544,427.5389,493.3888,232.0286,247.2209,478.1965
1438,283.3863,622.7426,-2.3197,540.0515,622.7585,283.3704,283.3863,622.7426
1439,227.4304,452.6133,-0.0891,391.9763,452.6134,227.4303,227.4304,452.6133
1440,292.5942,624.5309,6.3531,541.3290,624.6524,292.4726,292.5942,624.5309
1441,295.2970,658.4950,10.9467,571.5976,658.8246,294.9673,295.2970,658.4950
1442,288.7574,580.6279,-9.9434,503.1358,580.9662,288.4190,288.7574,580.6279
1443,221.6361,405.6999,0.6276,351.8500,405.7021,221.6339,221.6361,405.6999
1444,286.3850,634.2696,9.8175,550.4164,634.5465,286.1082,286.3850,634.2696
1445,254.0166,648.7425,5.6429,566.2997,648.8231,253.9360,254.0166,648.7425
1446,268.0649,665.2076,-26.5921,581.5175,666.9803,266.2922,268.0649,665.2076
1447,309.4105,622.7206,-12.8812,539.7567,623.2493,308.8818,309.4105,622.7206
1448,268.5108,540.2748,-7.4891,468.0743,540.4810,268.3045,268.5108,540.2748
1449,283.9167,566.0723,-8.4376,490.4515,566.3244,283.6646,283.9167,566.0723
1450,311.5508,666.0877,-32.0625,579.9143,668.9639,308.6746,311.5508,666.0877
1451,288.4990,633.2909,-5.9648,549.2649,633.3941,288.3959,288.4990,633.2909
1452,291.2056,649.4270,-23.6532,564.9051,650.9820,289.6505,291.2056,649.4270
1453,248.6691,635.0379,5.3185,554.3284,635.1111,248.5959,248.6691,635.0379
1454,274.6177,643.1913,11.1610,559.3316,643.5289,274.2800,274.6177,643.1913
1455,317.6631,666.9757,20.9302,578.9707,668.2253,316.4135,317.6631,666.9757
1456,316.2957,652.2038,14.7214,565.4853,652.8477,315.6518,316.2957,652.2038
1457,272.5781,637.2576,-59.1604,563.1993,646.6149,263.2208,272.5781,637.2576
1458,271.8463,648.4216,-16.0884,564.6738,649.1077,271.1603,271.8463,648.4216
1459,281.3501,712.3185,14.4705,621.9107,712.8039,280.8648,281.3501,712.3185
1460,307.2905,662.3796,-15.7107,574.7797,663.0734,306.5967,307.2905,662.3796
1461,313.5756,647.0979,-18.2997,561.3874,648.0989,312.5746,313.5756,647.0979
1462,288.5199,642.5694,6.4948,557.5587,642.6885,288.4008,288.5199,642.5694
1463,235.9348,410.8739,13.2763,357.8714,411.8757,234.9329,235.9348,410.8739
1464,295.4080,630.0377,11.6139,546.3514,630.4403,295.0054,295.4080,630.0377
1465,289.4920,641.5529,12.0408,556.8719,641.9642,289.0807,289.4920,641.5529
1466,275.0077,706.0022,-34.5222,619.2638,708.7498,272.2600,275.0077,706.0022
1467,275.0809,709.2752,-8.6297,619.5613,709.4467,274.9094,275.0809,709.2752
1468,275.3092,720.5008,-21.4044,630.8173,721.5275,274.2824,275.3092,720.5008
1469,272.0133,723.0032,-18.7104,633.3314,723.7781,271.2384,272.0133,723.0032
1470,278.3048,680.7229,11.9161,593.1398,681.0754,277.9523,278.3048,680.7229
1471,281.1075,710.2026,1.0505,619.4911,710.2051,281.1049,281.1075,710.2026
1472,214.2993,637.8185,-133.7676,608.0575,676.5303,175.5875,214.2993,637.8185
1473,295.2979,616.7007,13.6233,534.7588,617.2771,294.7215,295.2979,616.7007
1474,292.0956,594.0539,9.0491,514.7281,594.3248,291.8246,292.0956,594.0539
1475,271.1436,699.0892,-7.3375,610.6165,699.2149,271.0179,271.1436,699.0892
1476,289.6404,638.8752,5.4951,554.1657,638.9616,289.5539,289.6404,638.8752
1477,297.9316,599.9862,14.9839,520.2551,600.7277,297.1901,297.9316,599.9862
1478,264.6296,598.7738,46.5905,525.9445,605.1484,258.2550,264.6296,598.7738
1479,258.2810,363.9128,-13.2149,325.0750,365.5410,256.6528,258.2810,363.9128
1480,267.7130,644.6928,-2.9099,561.0096,644.7152,267.6905,267.7130,644.6928
1481,285.9727,560.9381,0.3153,485.8181,560.9384,285.9724,285.9727,560.9381
1482,276.9807,562.1272,1.9369,486.8451,562.1404,276.9676,276.9807,562.1272
1483,308.7073,653.2835,21.3858,567.2550,654.6057,307.3851,308.7073,653.2835
1484,313.2629,642.5669,23.0436,557.9664,644.1716,311.6582,313.2629,642.5669
1485,277.7484,580.2528,13.9448,503.2460,580.8943,277.1070,277.7484,580.2528
1486,282.8846,596.8420,12.8511,517.5927,597.3672,282.3595,282.8846,596.8420
1487,302.8368,686.0300,-23.2166,596.8326,687.4315,301.4353,302.8368,686.0300
1488,312.3877,668.0306,-28.0791,580.9748,670.2339,310.1844,312.3877,668.0306
1489,302.8645,635.9517,-0.9108,550.9598,635.9541,302.8620,302.8645,635.9517
1490,310.4613,651.7552,-8.2469,564.8277,651.9543,310.2622,310.4613,651.7552
1491,251.4485,485.1578,16.8672,421.2668,486.3689,250.2374,251.4485,485.1578
1492,316.1235,688.7757,-28.2290,599.1649,690.9020,313.9972,316.1235,688.7757
1493,233.4475,428.1141,8.5123,371.5571,428.4857,233.0760,233.4475,428.1141
1494,217.9761,384.7608,-0.5106,334.1954,384.7623,217.9745,217.9761,384.7608
1495,309.4257,673.7970,36.2145,587.5296,677.3615,305.8613,309.4257,673.7970
1496,290.0608,690.5017,20.7283,601.6057,691.5718,288.9907,290.0608,690.5017
1497,251.3745,555.2322,-14.4754,482.2129,555.9202,250.6865,251.3745,555.2322
1498,296.6031,573.7764,10.3557,497.3234,574.1627,296.2167,296.6031,573.7764
1499,279.4436,608.9422,31.2402,530.7186,611.8780,276.5078,279.4436,608.9422
1500,305.5134,663.8413,-30.2214,577.8852,666.3723,302.9824,305.5134,663.8413
1501,265.0466,721.3305,26.4680,633.6267,722.8607,263.5164,265.0466,721.3305
1502,279.6721,695.0933,-1.5222,605.7886,695.0988,279.6665,279.6721,695.0933
1503,287.0507,702.0343,-11.3521,611.6514,702.3446,286.7404,287.0507,702.0343
1504,227.5173,456.1222,-5.7445,395.1391,456.2665,227.3730,227.5173,456.1222
1505,287.2040,582.6706,0.3855,504.6249,582.6711,287.2035,287.2040,582.6706
1506,282.4047,710.7636,18.7825,620.7034,711.5856,281.5827,282.4047,710.7636
1507,286.9339,665.8697,16.3450,579.1842,666.5734,286.2302,286.9339,665.8697
1508,290.4224,618.4117,5.5269,535.9750,618.5048,290.3293,290.4224,618.4117
1509,318.4084,663.6089,18.8918,575.7888,664.6397,317.3776,318.4084,663.6089
1510,248.9741,477.1694,-1.6452,413.3812,477.1812,248.9622,248.9741,477.1694
1511,227.5957,390.8549,-10.4379,340.4957,391.5196,226.9311,227.5957,390.8549
1512,228.7006,405.8819,7.8951,352.7118,406.2330,228.3495,228.7006,405.8819
1513,231.7526,391.8799,4.6894,341.3589,392.0171,231.6153,231.7526,391.8799
1514,287.0349,627.7468,-11.7147,544.6848,628.1491,286.6326,287.0349,627.7468
1515,293.8452,623.7227,-16.8098,541.2437,624.5771,292.9909,293.8452,623.7227
1516,303.4655,669.4157,12.1945,580.9563,669.8216,303.0596,303.4655,669.4157
1517,291.7322,674.7844,-17.1921,586.9174,675.5545,290.9621,291.7322,674.7844
1518,312.5083,684.8112,26.8286,595.6324,686.7346,310.5850,312.5083,684.8112
1519,292.1760,676.1599,-9.9709,587.6220,676.4186,291.9173,292.1760,676.1599
1520,288.3860,623.9613,0.8396,540.8832,623.9634,288.3839,288.3860,623.9613
1521,285.9583,649.5618,11.7995,564.2453,649.9443,285.5757,285.9583,649.5618
1522,294.2395,601.5359,10.3994,521.2975,601.8874,293.8880,294.2395,601.5359
1523,282.1420,633.5333,27.9995,551.8824,635.7504,279.9250,282.1420,633.5333
1524,266.2752,572.0919,17.5054,496.7666,573.0907,265.2764,266.2752,572.0919
1525,285.4106,670.2330,-18.4946,583.4433,671.1198,284.5238,285.4106,670.2330
1526,280.4283,649.7292,3.6095,564.4685,649.7645,280.3931,280.4283,649.7292
1527,290.6126,655.8455,-25.2671,570.8830,657.5853,288.8729,290.6126,655.8455
1528,306.8535,669.9355,-14.5770,581.4104,670.5198,306.2692,306.8535,669.9355
1529,301.8694,626.4663,-9.0713,542.8822,626.7196,301.6161,301.8694,626.4663
1530,286.4111,645.3801,-7.0144,560.2235,645.5171,286.2741,286.4111,645.3801
1531,303.6609,685.7737,29.6099,597.3969,688.0545,301.3800,303.6609,685.7737
1532,288.4271,697.8513,11.8869,607.7263,698.1961,288.0823,288.4271,697.8513
1533,275.3771,706.7669,-32.6036,619.6076,709.2171,272.9268,275.3771,706.7669
1534,278.3995,691.7674,46.9576,608.3385,697.0345,273.1323,278.3995,691.7674
1535,285.1932,657.1945,18.0212,571.6526,658.0655,284.3222,285.1932,657.1945
1536,268.6793,669.4622,4.7257,583.5791,669.5180,268.6235,268.6793,669.4622
1537,279.9649,702.2544,-9.7789,612.5536,702.4807,279.7386,279.9649,702.2544
1538,283.3545,684.6401,-14.4035,596.3626,685.1565,282.8381,283.3545,684.6401
1539,282.8001,669.0207,-15.3879,582.3022,669.6328,282.1879,282.8001,669.0207
1540,279.7493,666.8315,5.3474,580.0552,666.9054,279.6755,279.7493,666.8315
1541,300.6415,633.7338,0.0710,549.0694,633.7338,300.6415,300.6415,633.7338
1542,286.9560,686.1938,-23.6216,598.3078,687.5866,285.5632,286.9560,686.1938
1543,277.6216,653.6423,-1.0015,568.2075,653.6450,277.6189,277.6216,653.6423
1544,306.9696,598.8930,-5.2587,518.7911,598.9877,306.8749,306.9696,598.8930
1545,294.7784,616.8223,6.3543,534.4711,616.9477,294.6531,294.7784,616.8223
1546,275.7646,559.6324,-1.2706,484.6778,559.6381,275.7589,275.7646,559.6324
1547,298.7403,566.1822,-1.9089,490.5889,566.1958,298.7267,298.7403,566.1822
1548,290.6956,578.2449,-1.9736,500.7889,578.2585,290.6821,290.6956,578.2449
1549,275.1883,576.6738,34.1238,503.0712,580.4878,271.3743,275.1883,576.6738
1550,322.5164,685.5483,20.2103,595.0782,686.6700,321.3948,322.5164,685.5483
1551,296.3954,677.3380,-13.4572,588.5749,677.8128,295.9206,296.3954,677.3380
1552,276.7076,643.0190,5.6355,558.7554,643.1057,276.6209,276.7076,643.0190
1553,270.5000,549.3011,-1.5294,475.7342,549.3095,270.4916,270.5000,549.3011
1554,292.9961,558.2656,10.2806,483.9986,558.6634,292.5982,292.9961,558.2656
1555,316.1149,672.4118,27.2862,584.5857,674.4894,314.0374,316.1149,672.4118
1556,316.8572,683.0703,-22.5431,593.3569,684.4528,315.4747,316.8572,683.0703
1557,227.2359,400.9339,6.4249,348.4270,401.1712,226.9985,227.2359,400.9339
1558,291.4040,653.5144,-15.4932,567.6977,654.1760,290.7423,291.4040,653.5144
1559,291.4290,622.5761,-12.6614,539.9779,623.0595,290.9456,291.4290,622.5761
1560,290.2612,596.0909,6.5421,516.4129,596.2308,290.1214,290.2612,596.0909
1561,298.3819,607.1593,3.9273,525.8851,607.2093,298.3320,298.3819,607.1593
1562,317.7237,692.3762,-22.8439,601.5931,693.7639,316.3360,317.7237,692.3762
1563,293.9055,539.3837,21.7798,469.2659,541.3011,291.9881,293.9055,539.3837
1564,293.2749,594.3447,-7.0331,514.8765,594.5089,293.1107,293.2749,594.3447
1565,292.6938,714.0918,-22.4800,622.9787,715.2876,291.4980,292.6938,714.0918
1566,305.9729,646.7406,-3.9699,560.4061,646.7868,305.9267,305.9729,646.7406
1567,297.1155,634.2712,0.4111,549.6601,634.2717,297.1149,297.1155,634.2712
1568,242.5917,475.5293,12.8321,412.4481,476.2341,241.8869,242.5917,475.5293
1569,319.1700,655.9318,-15.7348,568.7750,656.6654,318.4364,319.1700,655.9318
1570,314.7866,645.1602,-7.7654,558.9413,645.3426,314.6042,314.7866,645.1602
1571,295.0382,645.6613,2.4401,559.8653,645.6783,295.0212,295.0382,645.6613
1572,292.4046,645.0742,-1.2046,559.4666,645.0783,292.4005,292.4046,645.0742
1573,224.1044,405.4298,2.9310,351.8001,405.4772,224.0570,224.1044,405.4298
1574,232.6677,418.1685,-1.4326,362.9201,418.1796,232.6566,232.6677,418.1685
1575,312.6352,665.5066,-15.0360,577.2844,666.1461,311.9957,312.6352,665.5066
1576,283.9742,706.7396,-15.6712,616.5738,707.3198,283.3941,283.9742,706.7396
1577,274.3569,690.0913,-14.8811,602.3544,690.6233,273.8249,274.3569,690.0913
1578,272.0211,718.4903,39.7115,632.0683,721.9950,268.5165,272.0211,718.4903
1579,308.2890,610.5240,-10.7924,529.0682,610.9088,307.9041,308.2890,610.5240
1580,293.5539,604.8459,-20.7687,525.1205,606.2254,292.1743,293.5539,604.8459
1581,296.1347,630.2482,-1.9010,546.1511,630.2590,296.1239,296.1347,630.2482
1582,284.3210,582.6157,-20.3240,505.8348,583.9941,282.9426,284.3210,582.6157
1583,301.3580,694.8785,25.0802,605.1055,696.4705,299.7660,301.3580,694.8785
1584,297.5959,710.1719,-4.2551,617.7520,710.2158,297.5520,297.5959,710.1719
1585,288.4159,527.9220,29.9387,460.7746,531.6077,284.7302,288.4159,527.9220
1586,291.6927,657.7547,18.3248,571.7264,658.6698,290.7777,291.6927,657.7547
1587,294.8927,653.5763,16.1064,567.5976,654.2981,294.1709,294.8927,653.5763
1588,322.4320,682.9440,-25.2700,593.3697,684.7067,320.6693,322.4320,682.9440
1589,276.4335,499.9950,-61.3581,446.6425,515.7280,260.7005,276.4335,499.9950
1590,288.4504,605.1670,12.5847,524.7334,605.6662,287.9511,288.4504,605.1670
1591,300.7339,623.5198,2.2247,540.1103,623.5352,300.7186,300.7339,623.5198
1592,300.6843,635.7372,16.3760,551.5624,636.5356,299.8858,300.6843,635.7372
1593,242.0350,552.3037,-0.5848,479.5253,552.3049,242.0339,242.0350,552.3037
1594,298.4002,563.7208,-2.7367,488.4997,563.7490,298.3720,298.4002,563.7208
1595,288.0896,653.7514,-8.0477,567.6635,653.9284,287.9126,288.0896,653.7514
1596,290.4002,589.7134,3.4003,510.7602,589.7520,290.3616,290.4002,589.7134
1597,335.3533,620.1557,-27.2714,539.7359,622.7435,332.7654,335.3533,620.1557
1598,261.4653,567.2297,-10.8624,492.0942,567.6151,261.0799,261.4653,567.2297
1599,322.9385,626.3431,-21.9720,543.8501,627.9260,321.3556,322.9385,626.3431
1600,278.7522,700.6244,-18.7973,611.8306,701.4603,277.9163,278.7522,700.6244
1601,289.7614,619.0603,9.0580,536.7157,619.3093,289.5125,289.7614,619.0603
1602,304.2078,669.6980,19.0920,581.7250,670.6926,303.2132,304.2078,669.6980
1603,288.4860,601.0819,0.3673,520.6921,601.0823,288.4856,288.4860,601.0819
1604,291.0876,567.5261,3.7590,491.5897,567.5772,291.0365,291.0876,567.5261
1605,289.2646,641.5893,10.1708,556.8053,641.8827,288.9712,289.2646,641.5893
1606,280.3570,632.4847,23.9234,550.4838,634.1026,278.7390,280.3570,632.4847
1607,313.1275,672.8753,20.8836,584.3138,674.0835,311.9193,313.1275,672.8753
1608,306.2034,639.4740,2.8480,553.9880,639.4983,306.1790,306.2034,639.4740
1609,294.9490,626.5664,7.3567,543.0816,626.7295,294.7859,294.9490,626.5664
1610,288.3158,624.1773,2.6781,541.0958,624.1987,288.2945,288.3158,624.1773
1611,278.1530,685.5449,1.1471,597.2089,685.5481,278.1498,278.1530,685.5449
1612,278.6655,709.7118,9.1136,619.5340,709.9044,278.4729,278.6655,709.7118
1613,274.7699,724.7596,-18.0191,634.5131,725.4800,274.0495,274.7699,724.7596
1614,214.8963,427.2598,-158.6354,460.8800,511.9700,130.1861,214.8963,427.2598
1615,283.9798,691.8595,24.7881,603.8902,693.3605,282.4788,283.9798,691.8595
1616,277.0678,714.1964,-16.0307,624.2862,714.7835,276.4807,277.0678,714.1964
1617,265.2872,768.8855,-10.5997,676.7007,769.1085,265.0642,265.2872,768.8855
1618,281.2888,714.8569,-8.2454,623.9123,715.0137,281.1320,281.2888,714.8569
1619,277.1847,734.3627,10.4164,642.5662,734.5999,276.9475,277.1847,734.3627
1620,268.7888,726.1270,21.9241,637.0047,727.1756,267.7402,268.7888,726.1270
1621,279.9094,715.3934,-16.3012,625.0510,716.0027,279.3001,279.9094,715.3934
1622,286.5977,620.3594,-14.3291,538.3367,620.9734,285.9837,286.5977,620.3594
1623,306.6016,636.0150,4.7423,550.9845,636.0833,306.5334,306.6016,636.0150
1624,311.3753,646.7377,9.8812,560.4810,647.0286,311.0844,311.3753,646.7377
1625,303.4516,610.5957,6.4108,528.9111,610.7294,303.3178,303.4516,610.5957
1626,299.1002,610.1205,2.0277,528.4252,610.1338,299.0870,299.1002,610.1205
1627,284.0110,690.2892,-15.8747,601.5544,690.9085,283.3917,284.0110,690.2892
1628,254.4864,622.5062,-19.0094,543.0856,623.4855,253.5071,254.4864,622.5062
1629,281.0824,705.1520,7.4710,614.9864,705.2835,280.9509,281.0824,705.1520
1630,311.3996,651.2990,10.0932,564.4922,651.5985,311.1001,311.3996,651.2990
1631,318.7470,670.7822,19.5373,582.1372,671.8632,317.6660,318.7470,670.7822
1632,267.2086,651.0689,10.0406,567.1176,651.3313,266.9461,267.2086,651.0689
1633,298.0822,612.1033,2.3933,530.1731,612.1216,298.0640,298.0822,612.1033
1634,298.8916,612.1863,1.9756,530.2288,612.1987,298.8791,298.8916,612.1863
1635,314.7800,687.7642,-27.3768,598.2141,689.7629,312.7813,314.7800,687.7642
1636,306.6637,671.5641,-21.4497,583.5040,672.8207,305.4072,306.6637,671.5641
1637,289.1354,580.7203,1.8409,502.9302,580.7319,289.1238,289.1354,580.7203
1638,288.2161,631.1665,7.4572,547.4433,631.3286,288.0540,288.2161,631.1665
1639,290.8256,632.0310,17.9709,548.8176,632.9749,289.8817,290.8256,632.0310
1640,304.3118,645.6218,20.2978,560.5344,646.8246,303.1090,304.3118,645.6218
1641,308.1120,672.4988,-26.0378,584.8219,674.3500,306.2609,308.1120,672.4988
1642,297.7963,631.9074,25.6159,549.3437,633.8600,295.8438,297.7963,631.9074
1643,287.2445,689.3801,19.6376,600.7417,690.3368,286.2878,287.2445,689.3801
1644,303.9848,610.4302,-20.4695,529.8370,611.7914,302.6236,303.9848,610.4302
1645,315.0398,607.0951,12.4969,526.3306,607.6288,314.5061,315.0398,607.0951
1646,282.3971,670.9245,-26.8389,585.3047,672.7697,280.5518,282.3971,670.9245
1647,269.4608,621.8198,2.6028,540.1234,621.8390,269.4415,269.4608,621.8198
1648,277.4437,711.8744,16.1173,622.1048,712.4715,276.8466,277.4437,711.8744
1649,291.3276,664.0501,-14.0992,577.0395,664.5827,290.7950,291.3276,664.0501
1650,279.8231,571.0610,1.2357,494.5909,571.0662,279.8179,279.8231,571.0610
1651,315.3494,650.0150,30.7195,565.5210,652.8115,312.5529,315.3494,650.0150
1652,312.8080,666.5796,-28.5754,579.7546,668.8729,310.5148,312.8080,666.5796
1653,305.2038,682.0799,-27.7253,593.7298,684.1086,303.1751,305.2038,682.0799
1654,284.4410,636.9019,39.8583,556.9163,641.3531,279.9898,284.4410,636.9019
1655,286.9745,657.3936,9.6919,571.0931,657.6470,286.7211,286.9745,657.3936
1656,247.1634,452.6009,-6.0695,392.6595,452.7801,246.9842,247.1634,452.6009
1657,245.8128,432.9119,-6.5139,376.2296,433.1384,245.5863,245.8128,432.9119
1658,224.8393,418.9032,-4.5620,363.1930,419.0104,224.7321,224.8393,418.9032
1659,249.2956,582.3396,-15.4937,506.7674,583.0588,248.5764,249.2956,582.3396
1660,246.9033,558.4476,-8.5256,484.9335,558.6808,246.6702,246.9033,558.4476
1661,292.8309,663.2283,-11.0770,576.0001,663.5593,292.4999,292.8309,663.2283
1662,221.0890,370.6069,7.5757,323.2103,370.9898,220.7061,221.0890,370.6069
1663,294.7663,623.6423,14.3046,540.9270,624.2633,294.1453,294.7663,623.6423
1664,226.0804,429.0721,-3.4820,371.8156,429.1318,226.0207,226.0804,429.0721
1665,243.7895,491.9048,-12.1616,426.5280,492.4995,243.1948,243.7895,491.9048
1666,243.0319,467.1949,-5.7581,404.8355,467.3427,242.8841,243.0319,467.1949
1667,278.5774,652.8004,-2.9374,567.3836,652.8234,278.5544,278.5774,652.8004
1668,288.3892,634.9208,2.2853,550.6397,634.9358,288.3741,288.3892,634.9208
1669,319.5927,657.0361,17.7066,569.9057,657.9627,318.6661,319.5927,657.0361
1670,294.5414,678.7437,-14.4480,590.0473,679.2863,293.9989,294.5414,678.7437
1671,296.3124,642.7354,-13.6637,557.6912,643.2735,295.7743,296.3124,642.7354
1672,285.7215,626.2404,-11.9103,543.4234,626.6565,285.3054,285.7215,626.2404
1673,223.1391,378.4111,4.6752,329.5653,378.5517,222.9985,223.1391,378.4111
1674,221.1002,371.2394,-6.2691,323.6368,371.5007,220.8388,221.1002,371.2394
1675,246.4993,443.2855,-17.4797,385.8898,444.8260,244.9587,246.4993,443.2855
1676,226.8808,402.6818,-3.9256,349.7327,402.7694,226.7931,226.8808,402.6818
1677,226.6035,397.8231,-8.6237,345.9586,398.2564,226.1703,226.6035,397.8231
1678,293.5815,635.6098,-9.8865,551.2530,635.8953,293.2960,293.5815,635.6098
1679,289.5574,576.6991,37.6299,503.6724,581.5486,284.7079,289.5574,576.6991
1680,311.7270,648.5191,-15.1801,562.3888,649.2019,311.0442,311.7270,648.5191
1681,290.5735,634.2755,4.1093,549.9867,634.3246,290.5243,290.5735,634.2755
1682,275.3133,585.0897,-20.3410,508.2181,586.4196,273.9833,275.3133,585.0897
1683,287.9286,614.5041,3.7508,532.5665,614.5472,287.8855,287.9286,614.5041
1684,295.9418,644.9642,13.5647,559.6789,645.4905,295.4154,295.9418,644.9642
1685,274.0239,689.1188,-30.9210,603.3301,691.4095,271.7331,274.0239,689.1188
1686,267.6467,718.5739,31.7140,631.4084,720.7934,265.4271,267.6467,718.5739
1687,247.9131,507.7424,-16.6179,440.6991,508.8009,246.8546,247.9131,507.7424
1688,271.8888,639.6274,-2.5749,556.0208,639.6455,271.8707,271.8888,639.6274
1689,286.8302,680.7188,11.6581,592.2893,681.0635,286.4854,286.8302,680.7188
1690,297.0676,574.1072,8.9386,497.5332,574.3953,296.7795,297.0676,574.1072
1691,298.6777,599.1599,5.5112,518.9763,599.2610,298.5767,298.6777,599.1599
1692,300.3285,664.9561,-16.2627,577.4530,665.6800,299.6046,300.3285,664.9561
1693,313.5151,670.6691,-17.7500,582.0387,671.5491,312.6351,313.5151,670.6691
1694,316.6102,669.8827,16.2036,581.1031,670.6243,315.8685,316.6102,669.8827
1695,307.9904,643.1425,-4.6049,557.2004,643.2058,307.9271,307.9904,643.1425
1696,305.2187,628.7172,9.3134,544.8007,628.9851,304.9508,305.2187,628.7172
1697,289.0825,704.4914,-28.7115,615.3810,706.4665,287.1074,289.0825,704.4914
1698,300.4632,596.5422,0.2824,516.6256,596.5424,300.4629,300.4632,596.5422
1699,288.3207,588.0341,-5.8612,509.3855,588.1487,288.2062,288.3207,588.0341
1700,249.5085,632.1016,31.7182,554.1754,634.7133,246.8968,249.5085,632.1016
1701,318.6465,694.0760,-24.5901,603.2629,695.6797,317.0428,318.6465,694.0760
1702,316.0780,676.4884,-23.9715,587.7437,678.0758,314.4906,316.0780,676.4884
1703,293.4473,641.9157,2.2242,556.6089,641.9299,293.4331,293.4473,641.9157
1704,287.4059,630.7287,15.2679,547.5810,631.4063,286.7283,287.4059,630.7287
1705,299.6322,625.1751,-2.8789,541.5954,625.2005,299.6068,299.6322,625.1751
1706,289.9485,636.4850,-1.5537,551.9444,636.4920,289.9415,289.9485,636.4850
1707,293.6190,638.8269,16.2724,554.5580,639.5923,292.8537,293.6190,638.8269
1708,298.6541,595.7107,6.3527,516.0186,595.8465,298.5183,298.6541,595.7107
1709,263.6850,496.9063,0.6899,430.6046,496.9083,263.6829,263.6850,496.9063
1710,256.7070,416.5404,8.0489,364.2388,416.9447,256.3027,256.7070,416.5404
1711,264.5360,471.7854,7.4945,409.7865,472.0560,264.2653,264.5360,471.7854
1712,284.5674,711.1016,8.4177,620.0809,711.2677,284.4013,284.5674,711.1016
1713,286.4830,673.2001,-15.0675,585.7402,673.7863,285.8968,286.4830,673.2001
1714,287.9133,699.4216,-20.0604,609.8517,700.3972,286.9377,287.9133,699.4216
1715,292.5190,571.3181,-4.7360,494.8915,571.3985,292.4386,292.5190,571.3181
1716,229.9307,391.0641,-1.3235,340.4216,391.0750,229.9198,229.9307,391.0641
1717,249.0483,557.0468,-15.4824,484.0597,557.8231,248.2720,249.0483,557.0468
1718,230.1163,404.2995,-4.0129,351.3175,404.3919,230.0239,230.1163,404.2995
1719,230.3319,407.3905,-5.6881,353.9517,407.5730,230.1493,230.3319,407.3905
1720,308.2235,647.1730,12.1110,561.0710,647.6052,307.7913,308.2235,647.1730
1721,330.0224,639.2526,-6.0632,553.8061,639.3714,329.9036,330.0224,639.2526
1722,295.4612,612.5494,9.9860,530.8754,612.8636,295.1470,295.4612,612.5494
1723,289.5869,680.3724,17.9830,592.2081,681.1982,288.7611,289.5869,680.3724
1724,294.7585,665.6479,-7.6339,577.8746,665.8049,294.6015,294.7585,665.6479
1725,295.2278,617.0579,8.5049,534.7562,617.2825,295.0032,295.2278,617.0579
1726,293.9124,592.6607,12.9821,513.7572,593.2238,293.3494,293.9124,592.6607
1727,281.6520,671.0926,1.7681,583.6848,671.1006,281.6440,281.6520,671.0926
1728,285.4886,626.2496,-0.5668,543.0526,626.2506,285.4876,285.4886,626.2496
1729,285.7590,578.6367,3.8707,501.1716,578.6879,285.7079,285.7590,578.6367
1730,294.9377,544.7384,-5.3268,472.3869,544.8519,294.8241,294.9377,544.7384
1731,284.1389,593.5600,-5.1963,514.2722,593.6472,284.0517,284.1389,593.5600
1732,239.1550,495.2762,6.8354,429.1690,495.4585,238.9727,239.1550,495.2762
1733,282.7373,619.0928,33.6225,539.9696,622.4209,279.4092,282.7373,619.0928
1734,309.3879,718.8836,-13.3402,625.0076,719.3178,308.9538,309.3879,718.8836
1735,307.9081,683.0990,-12.2629,592.9174,683.4993,307.5077,307.9081,683.0990
1736,254.1365,482.2623,6.9643,418.0279,482.4747,253.9241,254.1365,482.2623
1737,261.5825,431.3914,-8.4328,376.6867,431.8092,261.1648,261.5825,431.3914
1738,291.9776,630.0852,8.8564,546.3724,630.3170,291.7457,291.9776,630.0852
1739,313.6949,667.9335,-25.7699,580.5209,669.7984,311.8300,313.6949,667.9335
1740,293.4563,580.9108,-8.1338,503.2897,581.1408,293.2263,293.4563,580.9108
1741,287.4018,605.9119,-3.1684,524.9943,605.9434,287.3703,287.4018,605.9119
1742,255.0505,726.8792,-14.6876,639.2655,727.3359,254.5937,255.0505,726.8792
1743,278.0542,703.7025,-4.8832,613.9344,703.7585,277.9982,278.0542,703.7025
1744,270.7023,691.1628,-14.3925,603.7448,691.6548,270.2103,270.7023,691.1628
1745,307.1725,662.7502,14.3759,575.0080,663.3305,306.5922,307.1725,662.7502
1746,279.0838,723.2803,15.2903,632.3509,723.8060,278.5581,279.0838,723.2803
1747,265.4223,450.6736,-10.0941,392.7372,451.2220,264.8739,265.4223,450.6736
1748,258.9652,486.1692,3.4510,421.3766,486.2216,258.9128,258.9652,486.1692
1749,291.2702,636.2791,-7.1370,551.8271,636.4267,291.1227,291.2702,636.2791
1750,283.9358,614.9213,19.8884,534.1687,616.1120,282.7450,283.9358,614.9213
1751,279.7047,658.6797,6.0579,572.6849,658.7765,279.6079,279.7047,658.6797
1752,288.7587,629.8608,-15.4111,546.7549,630.5556,288.0638,288.7587,629.8608
1753,288.2839,689.8925,9.6694,600.3790,690.1252,288.0513,288.2839,689.8925
1754,284.0175,674.9453,25.9769,588.6809,676.6639,282.2989,284.0175,674.9453
1755,268.2654,638.9780,3.5468,555.7708,639.0119,268.2314,268.2654,638.9780
1756,293.9046,597.7091,-10.5876,517.9796,598.0776,293.5361,293.9046,597.7091
1757,287.4813,603.7403,-16.7692,523.8582,604.6270,286.5946,287.4813,603.7403
1758,310.4176,694.2442,21.3018,603.4814,695.4228,309.2391,310.4176,694.2442
1759,316.2411,665.3198,28.9311,578.5918,667.7014,313.8596,316.2411,665.3198
1760,302.5472,671.7697,30.0307,585.0409,674.1963,300.1206,302.5472,671.7697
1761,335.1770,655.8436,25.8395,569.7840,657.9124,333.1082,335.1770,655.8436
1762,262.1823,629.1965,-7.8887,547.5859,629.3660,262.0128,262.1823,629.1965
1763,271.4868,710.6427,11.3864,621.4314,710.9377,271.1918,271.4868,710.6427
1764,311.6581,601.3545,-5.3551,520.9866,601.4534,311.5591,311.6581,601.3545
1765,279.9429,633.4543,17.6149,550.6652,634.3299,279.0673,279.9429,633.4543
1766,181.4343,389.7704,190.9979,472.8237,503.1597,68.0451,181.4343,389.7704
1767,285.6995,691.2563,-17.0238,602.3598,691.9697,284.9861,285.6995,691.2563
1768,287.7059,690.3727,14.8508,601.1875,690.9196,287.1589,287.7059,690.3727
1769,292.2887,653.8194,13.5144,567.7644,654.3239,291.7842,292.2887,653.8194
1770,291.9724,628.9078,-9.2007,545.3468,629.1588,291.7214,291.9724,628.9078
1771,312.4687,649.7752,-22.2499,564.1766,651.2365,311.0073,312.4687,649.7752
1772,300.9616,681.7564,24.7471,593.3165,683.3579,299.3601,300.9616,681.7564
1773,316.7545,687.0912,23.6838,597.0521,688.5997,315.2461,316.7545,687.0912
1774,292.0382,626.1772,-1.9548,542.7044,626.1887,292.0267,292.0382,626.1772
1775,263.6985,480.9687,-21.7294,418.8718,483.1206,261.5466,263.6985,480.9687
1776,288.7774,631.7999,8.2567,548.0132,631.9985,288.5788,288.7774,631.7999
1777,243.4830,548.7647,-6.2753,476.3716,548.8936,243.3541,243.4830,548.7647
1778,235.8956,483.5333,-0.4932,418.7942,483.5343,235.8946,235.8956,483.5333
1779,243.7479,478.6018,-1.0072,414.5088,478.6061,243.7436,243.7479,478.6018
1780,302.0366,574.4335,-4.3815,497.7525,574.5039,301.9661,302.0366,574.4335
1781,281.7738,559.4233,15.6111,485.2331,560.2983,280.8988,281.7738,559.4233
1782,303.0325,669.5969,-9.8625,581.0085,669.8621,302.7673,303.0325,669.5969
1783,313.4432,665.1232,24.5356,577.8954,666.8267,311.7396,313.4432,665.1232
1784,298.3370,599.3120,-7.8689,519.2000,599.5175,298.1314,298.3370,599.3120
1785,300.7686,662.3696,-24.8869,576.0498,664.0744,299.0639,300.7686,662.3696
1786,316.8556,613.0666,11.7766,531.4232,613.5340,316.3881,316.8556,613.0666
1787,291.2378,626.2503,1.7645,542.7987,626.2596,291.2285,291.2378,626.2503
1788,255.6972,526.7632,43.3396,462.3890,533.5240,248.9364,255.6972,526.7632
1789,286.1016,560.3527,29.3358,487.9685,563.4556,282.9987,286.1016,560.3527
1790,238.0235,429.0073,15.6661,373.2625,430.2838,236.7470,238.0235,429.0073
1791,254.7143,442.6947,20.3286,386.4415,444.8680,252.5411,254.7143,442.6947
1792,236.0435,408.4065,0.4166,355.1214,408.4075,236.0425,236.0435,408.4065
1793,232.0083,414.1206,-1.9715,359.5219,414.1420,231.9870,232.0083,414.1206
1794,280.2030,641.1610,19.5125,557.7528,642.2128,279.1513,280.2030,641.1610
1795,340.2584,618.0562,-25.5180,537.9813,620.3808,337.9338,340.2584,618.0562
1796,285.9945,559.6268,6.5714,484.8241,559.7846,285.8367,285.9945,559.6268
1797,301.3507,614.9011,-1.9558,532.5657,614.9133,301.3385,301.3507,614.9011
1798,294.2499,641.9682,-20.2843,557.7109,643.1474,293.0706,294.2499,641.9682
1799,251.0374,559.5988,9.4114,485.7531,559.8856,250.7506,251.0374,559.5988
1800,251.7275,578.8501,12.6501,503.1916,579.3386,251.2390,251.7275,578.8501
1801,286.9946,719.2831,15.2306,627.6939,719.8190,286.4586,286.9946,719.2831
1802,271.5613,720.2253,-22.1725,631.1574,721.3184,270.4682,271.5613,720.2253
1803,296.1594,635.9199,-0.9987,551.1568,635.9228,296.1564,296.1594,635.9199
1804,284.7604,630.0176,-4.2219,546.4980,630.0692,284.7088,284.7604,630.0176
1805,220.0016,393.1567,-1.0535,341.2933,393.1631,219.9952,220.0016,393.1567
1806,295.1189,681.8621,7.9268,592.4434,682.0245,294.9565,295.1189,681.8621
1807,292.8637,674.3034,5.4493,585.7169,674.3812,292.7859,292.8637,674.3034
1808,301.8050,638.1187,-12.5704,553.3248,638.5879,301.3358,301.8050,638.1187
1809,310.7210,641.8926,-19.1567,556.9785,642.9970,309.6166,310.7210,641.8926
1810,289.8037,671.5425,17.8709,584.2073,672.3773,288.9689,289.8037,671.5425
1811,288.5016,583.5242,2.4611,505.3753,583.5448,288.4811,288.5016,583.5242
1812,258.3969,569.8389,0.6887,494.2086,569.8404,258.3954,258.3969,569.8389
1813,243.1783,535.9404,5.5311,464.8983,536.0448,243.0738,243.1783,535.9404
1814,308.2982,656.9954,-36.0151,572.7403,660.6763,304.6173,308.2982,656.9954
1815,306.3398,655.1360,-29.2886,570.0232,657.5783,303.8975,306.3398,655.1360
1816,274.9772,732.0255,-6.5085,640.5549,732.1181,274.8846,274.9772,732.0255
1817,288.4477,645.0886,16.1408,560.4004,645.8176,287.7187,288.4477,645.0886
1818,291.5556,665.9674,11.0230,578.5458,666.2917,291.2313,291.5556,665.9674
1819,235.7534,435.5025,-12.3692,378.1929,436.2655,234.9904,235.7534,435.5025
1820,291.2053,615.0728,7.0773,533.0599,615.2274,291.0507,291.2053,615.0728
1821,293.1345,623.2732,-2.9658,540.1119,623.2999,293.1079,293.1345,623.2732
1822,258.3663,437.1742,6.1820,380.8386,437.3877,258.1528,258.3663,437.1742
1823,279.4360,577.8373,-5.9167,500.6166,577.9546,279.3187,279.4360,577.8373
1824,282.8004,625.8426,15.6314,543.5067,626.5534,282.0896,282.8004,625.8426
1825,292.5012,622.5557,4.5089,539.5325,622.6173,292.4396,292.5012,622.5557
1826,293.4398,554.1864,-7.1889,480.3792,554.3844,293.2417,293.4398,554.1864
1827,280.2694,731.5456,-5.2404,639.3453,731.6064,280.2085,280.2694,731.5456
1828,281.9200,720.8130,34.1928,631.9384,723.4609,279.2721,281.9200,720.8130
1829,237.4236,423.2301,0.1886,367.4357,423.2303,237.4235,237.4236,423.2301
1830,298.2899,606.9233,10.7572,525.9666,607.2978,297.9154,298.2899,606.9233
1831,234.5530,427.4251,3.1441,370.7872,427.4764,234.5018,234.5530,427.4251
1832,287.5550,660.7975,16.3863,574.5704,661.5155,286.8370,287.5550,660.7975
1833,280.2966,711.6202,-23.4739,622.2201,712.8939,279.0228,280.2966,711.6202
1834,280.3049,667.3512,0.3045,580.4024,667.3515,280.3047,280.3049,667.3512
1835,318.7202,650.0325,14.6247,563.5495,650.6768,318.0759,318.7202,650.0325
1836,299.9147,612.1638,23.8040,531.7860,613.9681,298.1104,299.9147,612.1638
1837,291.4009,616.2749,12.7057,534.4254,616.7710,290.9047,291.4009,616.2749
1838,257.4887,624.3859,-14.3259,544.0603,624.9445,256.9302,257.4887,624.3859
1839,280.2917,637.8498,-11.7365,554.1164,638.2346,279.9068,280.2917,637.8498
1840,290.3803,628.7527,-7.4407,545.1966,628.9162,290.2168,290.3803,628.7527
1841,267.5461,571.3058,-26.2507,497.1800,573.5577,265.2942,267.5461,571.3058
1842,229.4599,336.0268,-44.9506,307.4457,352.4548,213.0319,229.4599,336.0268
1843,296.3672,632.1632,-24.0855,549.4104,633.8820,294.6484,296.3672,632.1632
1844,221.7506,425.6227,-6.2443,368.8671,425.8138,221.5595,221.7506,425.6227
1845,239.3859,500.2868,13.3684,434.0127,500.9700,238.7027,239.3859,500.2868
1846,294.8924,660.6599,-10.6296,573.5402,660.9685,294.5838,294.8924,660.6599
1847,276.2808,679.1533,22.2037,592.8088,680.3733,275.0608,276.2808,679.1533
1848,274.5992,646.2391,-10.2984,562.0419,646.5243,274.3140,274.5992,646.2391
1849,302.0969,640.2846,-12.4725,555.2167,640.7440,301.6375,302.0969,640.2846
1850,303.0818,625.6353,-20.2022,543.0321,626.8957,301.8214,303.0818,625.6353
1851,299.9875,597.9019,-9.5127,518.0613,598.2053,299.6840,299.9875,597.9019
1852,248.0456,561.5361,14.6147,488.0611,562.2160,247.3658,248.0456,561.5361
1853,255.5163,555.9669,14.2798,482.6395,556.6441,254.8392,255.5163,555.9669
1854,285.3881,564.9320,12.9120,489.7651,565.5272,284.7929,285.3881,564.9320
1855,271.3843,645.5271,27.9449,563.4816,647.6028,269.3086,271.3843,645.5271
1856,290.0537,689.9431,-12.8512,600.4395,690.3557,289.6411,290.0537,689.9431
1857,283.9636,677.0766,-24.2178,590.3918,678.5629,282.4773,283.9636,677.0766
1858,233.1743,462.2063,9.6136,400.6339,462.6091,232.7715,233.1743,462.2063
1859,312.7777,658.9775,-12.8165,571.3673,659.4513,312.3038,312.7777,658.9775
1860,303.1540,645.5279,-23.0410,560.8091,647.0715,301.6104,303.1540,645.5279
1861,265.8179,726.9532,-14.4484,637.5808,727.4055,265.3656,265.8179,726.9532
1862,274.6737,725.1497,4.7007,634.1723,725.1988,274.6246,274.6737,725.1497
1863,270.6675,691.3693,-15.6380,604.0322,691.9498,270.0871,270.6675,691.3693
1864,295.5388,615.0176,-2.2784,532.7700,615.0339,295.5225,295.5388,615.0176
1865,289.1146,639.2673,-4.3295,554.5130,639.3208,289.0611,289.1146,639.2673
1866,259.9367,557.0295,9.7685,483.0557,557.3503,259.6159,259.9367,557.0295
1867,293.8616,622.4053,6.0264,539.3987,622.5158,293.7511,293.8616,622.4053
1868,294.6056,627.1495,-6.2019,543.5647,627.2651,294.4900,294.6056,627.1495
1869,236.4945,423.4414,-11.2842,368.0662,424.1201,235.8159,236.4945,423.4414
1870,230.9897,453.1616,-10.9532,392.9325,453.7003,230.4510,230.9897,453.1616
1871,288.3341,628.0789,-9.7159,544.7993,628.3565,288.0564,288.3341,628.0789
1872,274.3287,727.2351,-27.5589,637.8904,728.9059,272.6579,274.3287,727.2351
1873,282.9900,679.0162,12.3704,591.1435,679.4022,282.6040,282.9900,679.0162
1874,302.0134,635.5685,2.5133,550.6616,635.5874,301.9945,302.0134,635.5685
1875,288.1772,633.0708,-2.7843,549.0095,633.0933,288.1547,288.1772,633.0708
1876,289.8438,580.2356,5.7954,502.5991,580.3512,289.7282,289.8438,580.2356
1877,279.2877,714.2230,-10.4763,623.6759,714.4752,279.0355,279.2877,714.2230
1878,273.3673,687.3380,-4.9499,599.4506,687.3972,273.3082,273.3673,687.3380
1879,305.1287,689.7096,-16.3088,599.2918,690.4000,304.4383,305.1287,689.7096
1880,307.2556,683.9722,27.0146,595.1966,685.8995,305.3282,307.2556,683.9722
1881,296.6230,640.3225,-48.4168,561.3344,647.0127,289.9328,296.6230,640.3225
1882,300.2327,614.0585,2.0432,531.8455,614.0718,300.2194,300.2327,614.0585
1883,304.8253,628.2924,-7.6222,544.3572,628.4719,304.6458,304.8253,628.2924
1884,312.7291,628.4101,24.2152,545.8349,630.2568,310.8824,312.7291,628.4101
1885,333.4578,631.2348,20.8762,548.1503,632.6912,332.0014,333.4578,631.2348
1886,288.4846,506.2137,18.9144,441.0375,507.8446,286.8537,288.4846,506.2137
1887,285.0242,592.1227,-13.4765,513.4429,592.7129,284.4340,285.0242,592.1227
1888,295.1502,664.6275,-10.0346,577.0446,664.8998,294.8779,295.1502,664.6275
1889,275.5587,627.0761,-8.6732,544.5975,627.2900,275.3448,275.5587,627.0761
1890,278.8028,626.8108,-12.4786,544.3651,627.2577,278.3559,278.8028,626.8108
1891,310.0991,710.0768,-16.0395,617.2099,710.7190,309.4569,310.0991,710.0768
1892,304.0255,656.4863,28.9649,571.2566,658.8508,301.6611,304.0255,656.4863
1893,284.0605,634.3893,1.7883,550.4042,634.3984,284.0513,284.0605,634.3893
1894,281.7253,658.3110,6.5913,572.1975,658.4263,281.6100,281.7253,658.3110
1895,284.5012,604.7258,-1.6143,524.0199,604.7339,284.4931,284.5012,604.7258
1896,233.7594,395.5426,-2.8580,344.4708,395.5931,233.7089,233.7594,395.5426
1897,270.9522,647.3906,-0.8233,563.1339,647.3924,270.9504,270.9522,647.3906
1898,293.8582,607.7752,-8.7368,526.6618,608.0182,293.6152,293.8582,607.7752
1899,295.3050,605.2807,-9.8699,524.5184,605.5946,294.9911,295.3050,605.2807
1900,286.5451,616.7381,-7.5771,534.7176,616.9119,286.3713,286.5451,616.7381
1901,313.1407,695.7202,-31.7651,606.0136,698.3397,310.5212,313.1407,695.7202
1902,313.2128,682.2337,-30.4622,593.8388,684.7314,310.7151,313.2128,682.2337
1903,291.0153,637.5422,21.1983,554.0429,638.8342,289.7234,291.0153,637.5422
1904,293.4845,618.8089,5.5413,536.2266,618.9033,293.3901,293.4845,618.8089
1905,295.1441,589.7091,9.2010,510.9517,589.9962,294.8569,295.1441,589.7091
1906,293.8560,612.1004,5.0926,530.3081,612.1819,293.7745,293.8560,612.1004
1907,282.6539,621.9626,-1.2837,539.3843,621.9674,282.6491,282.6539,621.9626
1908,266.6083,492.5171,2.6672,427.0425,492.5486,266.5768,266.6083,492.5171
1909,285.6061,638.1812,-7.9207,553.8644,638.3590,285.4283,285.6061,638.1812
1910,280.5005,706.7126,-11.6117,616.6802,707.0287,280.1844,280.5005,706.7126
1911,279.8426,693.5342,-5.1114,604.4002,693.5974,279.7795,279.8426,693.5342
1912,280.0559,647.0011,5.8250,562.0917,647.0935,279.9635,280.0559,647.0011
1913,229.5562,450.2879,4.1104,390.0507,450.3644,229.4797,229.5562,450.2879
1914,232.1738,480.9396,-8.6091,416.8553,481.2372,231.8763,232.1738,480.9396
1915,295.7607,645.3286,0.9489,559.5206,645.3312,295.7581,295.7607,645.3286
1916,299.3547,639.4725,15.1270,554.7934,640.1439,298.6832,299.3547,639.4725
1917,283.4387,710.4457,-15.9334,620.0520,711.0394,282.8449,283.4387,710.4457
1918,277.0004,711.8820,-24.1922,622.9521,713.2236,275.6587,277.0004,711.8820
1919,292.6203,648.8478,14.5292,563.3803,649.4394,292.0287,292.6203,648.8478
1920,291.1113,637.3074,13.3776,553.0967,637.8235,290.5951,291.1113,637.3074
1921,268.6035,530.0256,-9.3139,459.3131,530.3570,268.2721,268.6035,530.0256
1922,269.0448,623.5929,-7.9133,541.9102,623.7695,268.8683,269.0448,623.5929
1923,226.2598,395.5281,-5.6062,343.8578,395.7136,226.0744,226.2598,395.5281
1924,239.6815,388.2607,-5.2407,339.4364,388.4453,239.4969,239.6815,388.2607
1925,294.0788,651.5666,-7.8374,565.3262,651.7383,293.9070,294.0788,651.5666
1926,285.4783,640.9589,-4.4748,556.2431,641.0153,285.4220,285.4783,640.9589
1927,296.5489,649.9911,7.8964,563.7930,650.1674,296.3726,296.5489,649.9911
1928,285.2724,623.1303,-10.4526,540.5900,623.4533,284.9493,285.2724,623.1303
1929,280.5076,619.8004,4.7887,537.6310,619.8679,280.4400,280.5076,619.8004
1930,262.0033,624.9007,56.7324,552.3371,633.5630,253.3409,262.0033,624.9007
1931,245.5758,627.3832,-2.6025,547.6015,627.4010,245.5581,245.5758,627.3832
1932,278.1481,674.5408,16.7101,587.8666,675.2440,277.4449,278.1481,674.5408
1933,279.7098,693.5565,17.9983,605.1739,694.3378,278.9285,279.7098,693.5565
1934,285.6174,572.7665,4.9478,496.1050,572.8517,285.5322,285.6174,572.7665
1935,278.5589,562.0536,-8.8404,486.9997,562.3290,278.2834,278.5589,562.0536
1936,298.2076,605.2593,5.0355,524.2611,605.3418,298.1250,298.2076,605.2593
1937,302.9178,632.7444,-0.4686,548.1385,632.7451,302.9171,302.9178,632.7444
1938,291.2282,610.1356,-6.5893,528.6974,610.2717,291.0921,291.2282,610.1356
1939,295.9851,619.0703,-9.0162,536.5291,619.3217,295.7337,295.9851,619.0703
1940,288.2090,651.6556,4.0064,565.6453,651.6998,288.1648,288.2090,651.6556
1941,278.8433,619.9710,7.2628,537.9601,620.1256,278.6887,278.8433,619.9710
1942,225.7825,428.1063,-1.0623,370.9410,428.1119,225.7769,225.7825,428.1063
1943,236.9983,414.6415,8.2886,360.6003,415.0274,236.6124,236.9983,414.6415
1944,318.2366,666.3113,27.8661,579.2497,668.5281,316.0198,318.2366,666.3113
1945,313.8153,699.5031,25.4674,608.4534,701.1774,312.1410,313.8153,699.5031
1946,279.0620,589.8590,-9.3599,511.3363,590.1406,278.7804,279.0620,589.8590
1947,282.2542,578.4184,0.6098,500.9745,578.4197,282.2529,282.2542,578.4184
1948,240.9797,549.0290,3.6760,476.6967,549.0729,240.9358,240.9797,549.0290
1949,319.7644,636.0385,-2.7643,550.8491,636.0627,319.7402,319.7644,636.0385
1950,279.5834,580.8400,-12.6426,503.6152,581.3697,279.0538,279.5834,580.8400
1951,298.4018,592.0893,-9.7412,513.0473,592.4120,298.0790,298.4018,592.0893
1952,293.4127,590.1280,-0.6861,511.0699,590.1296,293.4111,293.4127,590.1280
1953,290.3939,632.4514,-1.4481,548.3336,632.4576,290.3877,290.3939,632.4514
1954,301.6419,635.6338,-12.6796,551.1503,636.1145,301.1613,301.6419,635.6338
1955,300.9709,627.2595,2.5300,543.3878,627.2791,300.9513,300.9709,627.2595
1956,297.2405,639.6499,-0.6485,554.4144,639.6512,297.2392,297.2405,639.6499
1957,291.4590,656.3657,-11.8328,569.9830,656.7490,291.0757,291.4590,656.3657
1958,282.3291,649.8297,-8.2032,564.5568,650.0127,282.1461,282.3291,649.8297
1959,315.1905,649.9147,28.1507,565.0350,652.2656,312.8395,315.1905,649.9147
1960,316.0243,678.1418,-24.8347,589.3120,679.8371,314.3290,316.0243,678.1418
1961,316.1240,661.5291,-18.4840,573.9816,662.5154,315.1377,316.1240,661.5291
1962,277.3199,716.9211,13.5487,626.5911,717.3383,276.9027,277.3199,716.9211
1963,271.9417,700.3676,7.2276,611.6899,700.4895,271.8198,271.9417,700.3676
1964,270.8692,666.5692,-13.2720,581.0852,667.0139,270.4246,270.8692,666.5692
1965,296.8453,624.0239,8.0662,540.8138,624.2226,296.6465,296.8453,624.0239
1966,271.8831,593.1755,0.4400,514.2993,593.1761,271.8825,271.8831,593.1755
1967,262.1521,613.4152,-8.0039,533.2785,613.5974,261.9698,262.1521,613.4152
1968,296.0693,718.2372,-7.4534,625.3322,718.3687,295.9378,296.0693,718.2372
1969,230.7078,456.4499,-15.9886,396.2738,457.5767,229.5810,230.7078,456.4499
1970,225.2974,397.4484,-0.1891,345.2248,397.4486,225.2972,225.2974,397.4484
1971,240.3344,388.6793,4.2258,339.8129,388.7996,240.2142,240.3344,388.6793
1972,291.9719,618.4898,-0.8980,535.9086,618.4923,291.9694,291.9719,618.4898
1973,286.7283,660.4403,17.4119,574.4015,661.2497,285.9188,286.7283,660.4403
1974,295.3925,653.7974,15.9889,567.7569,654.5093,294.6806,295.3925,653.7974
1975,293.6276,624.9206,-3.6422,541.5615,624.9607,293.5876,293.6276,624.9206
1976,296.4318,634.3832,2.7579,549.8048,634.4057,296.4093,296.4318,634.3832
1977,301.8604,638.6464,-3.0955,553.3856,638.6748,301.8320,301.8604,638.6464
1978,280.9092,554.9604,5.3701,480.7120,555.0656,280.8040,280.9092,554.9604
1979,296.3034,639.2972,8.7080,554.3448,639.5182,296.0824,296.3034,639.2972
1980,280.1184,776.2072,-14.5332,681.2985,776.6326,279.6930,280.1184,776.2072
1981,282.9828,655.3240,-8.1644,569.4588,655.5029,282.8038,282.9828,655.3240
1982,294.8016,661.5093,1.2973,574.0154,661.5139,294.7970,294.8016,661.5093
1983,299.6213,641.3873,6.7323,555.9795,641.5199,299.4887,299.6213,641.3873
1984,283.5940,677.4964,-22.6769,590.6232,678.7976,282.2928,283.5940,677.4964
1985,279.5295,688.6521,-26.6560,601.6739,690.3815,277.8000,279.5295,688.6521
1986,221.8036,406.6540,-2.6912,352.6879,406.6932,221.7644,221.8036,406.6540
1987,313.0132,683.5613,18.1217,593.5105,684.4454,312.1291,313.0132,683.5613
1988,262.8368,638.0583,5.4536,555.5048,638.1375,262.7576,262.8368,638.0583
1989,264.5732,619.3423,-0.8900,538.2609,619.3445,264.5709,264.5732,619.3423
1990,234.2494,411.6295,9.0772,357.9593,412.0928,233.7861,234.2494,411.6295
1991,306.7113,672.6780,27.6086,585.2660,674.7491,304.6402,306.7113,672.6780
1992,287.5966,615.8679,11.4365,534.1123,616.2658,287.1986,287.5966,615.8679
1993,293.0895,616.0947,10.3798,534.0660,616.4279,292.7563,293.0895,616.0947
1994,253.3888,563.9122,-8.3497,489.4109,564.1366,253.1644,253.3888,563.9122
1995,254.5223,544.5331,-18.2715,472.9732,545.6797,253.3757,254.5223,544.5331
1996,290.0826,533.5466,34.5824,466.5138,538.3635,285.2657,290.0826,533.5466
1997,254.3012,505.8942,12.9252,438.6909,506.5565,253.6390,254.3012,505.8942
1998,297.7517,556.5112,6.8224,482.4918,556.6910,297.5719,297.7517,556.5112
1999,242.3807,475.7066,0.5060,411.9998,475.7077,242.3796,242.3807,475.7066
2000,283.0433,661.1100,29.9077,576.8367,663.4613,280.6920,283.0433,661.1100
2001,258.5940,438.6585,50.2359,391.6996,451.7255,245.5270,258.5940,438.6585
2002,278.3960,704.5160,-11.2081,614.8899,704.8106,278.1014,278.3960,704.5160
2003,289.0444,633.0914,-5.3473,549.0407,633.1745,288.9613,289.0444,633.0914
2004,290.3019,632.3701,-6.7917,548.3861,632.5049,290.1671,290.3019,632.3701
2005,270.3710,694.8115,-35.0554,609.6665,697.6873,267.4952,270.3710,694.8115
2006,282.5489,701.4762,-3.2102,611.3365,701.5008,282.5243,282.5489,701.4762
2007,287.0348,674.1068,-18.5651,586.8141,674.9952,286.1464,287.0348,674.1068
2008,310.2722,657.2173,-25.1454,571.1252,659.0303,308.4593,310.2722,657.2173
2009,310.1679,653.6957,-17.1654,567.1426,654.5513,309.3123,310.1679,653.6957
2010,254.9849,582.4011,18.1729,506.6514,583.4067,253.9794,254.9849,582.4011
2011,258.4374,493.7163,10.5190,428.1155,494.1857,257.9680,258.4374,493.7163
2012,224.0879,396.1581,4.1694,344.1432,396.2591,223.9870,224.0879,396.1581
2013,306.9889,645.1500,53.9182,566.6819,653.5389,298.6000,306.9889,645.1500
2014,275.9044,647.0286,33.4261,565.3346,650.0152,272.9178,275.9044,647.0286
2015,305.0263,618.8923,4.1330,536.0425,618.9467,304.9719,305.0263,618.8923
2016,298.0705,607.8060,-5.2667,526.4868,607.8956,297.9810,298.0705,607.8060
2017,284.4327,562.8379,-15.5933,488.1889,563.7085,283.5621,284.4327,562.8379
2018,283.6956,575.3644,-10.8036,498.6474,575.7641,283.2960,283.6956,575.3644
2019,228.3099,406.1625,2.8643,352.6855,406.2086,228.2638,228.3099,406.1625
2020,299.5136,603.2225,12.8386,522.8833,603.7643,298.9718,299.5136,603.2225
2021,310.9415,593.1958,4.7511,513.9887,593.2757,310.8616,310.9415,593.1958
2022,281.1492,627.6772,-5.6555,544.6545,627.7695,281.0570,281.1492,627.6772
2023,251.2464,487.5046,-10.6732,422.6623,487.9858,250.7652,251.2464,487.5046
2024,287.8586,669.0242,-11.0744,581.5836,669.3457,287.5371,287.8586,669.0242
2025,301.3081,652.4178,4.8974,565.6225,652.4861,301.2398,301.3081,652.4178
2026,282.0140,559.7456,10.4445,485.0961,560.1378,281.6217,282.0140,559.7456
2027,294.6888,566.6066,-7.7702,491.0122,566.8284,294.4669,294.6888,566.6066
2028,307.7003,686.3741,-21.1127,596.5975,687.5476,306.5268,307.7003,686.3741
2029,234.9656,396.1809,-5.2188,345.1970,396.3496,234.7969,234.9656,396.1809
2030,250.7648,564.5210,11.7139,490.3229,564.9577,250.3281,250.7648,564.5210
2031,279.7014,640.2807,-19.5761,557.0050,641.3404,278.6417,279.7014,640.2807
2032,292.2770,694.8286,11.0596,604.5636,695.1322,291.9734,292.2770,694.8286
2033,290.5891,631.0665,6.3407,547.1988,631.1845,290.4710,290.5891,631.0665
2034,294.1016,620.9146,-7.9419,538.1523,621.1075,293.9087,294.1016,620.9146
2035,262.9764,495.9552,10.9662,430.1911,496.4702,262.4614,262.9764,495.9552
2036,291.7506,659.9600,-23.4826,574.2614,661.4516,290.2591,291.7506,659.9600
2037,296.4581,641.6888,0.6876,556.2549,641.6902,296.4567,296.4581,641.6888
2038,287.2420,693.4405,-28.1111,605.4364,695.3767,285.3058,287.2420,693.4405
2039,292.8747,662.6389,-24.1448,576.6668,664.2088,291.3048,292.8747,662.6389
2040,216.2959,390.4871,2.1796,338.8474,390.5144,216.2687,216.2959,390.4871
2041,218.1077,378.8349,-3.1090,329.3767,378.8950,218.0476,218.1077,378.8349
2042,292.9174,583.3531,10.0668,505.5009,583.7016,292.5689,292.9174,583.3531
2043,304.0958,612.7419,-7.9411,530.8331,612.9460,303.8917,304.0958,612.7419
2044,293.1358,719.2634,-3.9553,626.4771,719.3001,293.0991,293.1358,719.2634
2045,300.9169,652.1382,-15.0389,565.9279,652.7810,300.2741,300.9169,652.1382
2046,296.4038,615.0043,-8.7843,532.9422,615.2463,296.1618,296.4038,615.0043
2047,268.5253,724.3796,-13.4867,634.7149,724.7782,268.1267,268.5253,724.3796
2048,272.0526,655.1123,10.0327,570.3172,655.3749,271.7900,272.0526,655.1123
2049,288.5148,636.5775,1.8106,552.1046,636.5869,288.5054,288.5148,636.5775
2050,285.1966,609.8316,6.0522,528.6017,609.9444,285.0838,285.1966,609.8316
2051,284.4196,598.0239,-2.0153,518.1212,598.0369,284.4066,284.4196,598.0239
2052,222.3406,514.8046,0.6412,447.2118,514.8060,222.3392,222.3406,514.8046
2053,209.4766,385.5812,18.9952,335.9546,387.6068,207.4510,209.4766,385.5812
2054,238.9466,643.2685,-10.5946,563.4889,643.5460,238.6692,238.9466,643.2685
2055,265.7889,597.4051,-6.0610,518.5202,597.5158,265.6782,265.7889,597.4051
2056,283.1373,553.5233,8.8358,479.6518,553.8117,282.8489,283.1373,553.5233
2057,315.1529,716.6074,-16.6450,622.7663,717.2964,314.4640,315.1529,716.6074
2058,278.6416,576.2398,16.9914,499.9952,577.2068,277.6746,278.6416,576.2398
2059,314.8657,665.8165,-18.2762,577.7641,666.7657,313.9165,314.8657,665.8165
2060,259.9184,557.6543,4.4446,483.3742,557.7207,259.8520,259.9184,557.6543
2061,265.2575,714.9729,5.1533,626.0795,715.0320,265.1985,265.2575,714.9729
2062,271.3630,696.5119,3.2705,608.1046,696.5371,271.3378,271.3630,696.5119
2063,296.7750,639.9500,-9.7188,554.9537,640.2250,296.5000,296.7750,639.9500
2064,300.2441,632.7297,1.4381,548.2028,632.7360,300.2379,300.2441,632.7297
2065,291.5837,631.1497,-2.5437,547.1357,631.1687,291.5646,291.5837,631.1497
2066,312.9646,681.9205,27.0642,593.0791,683.8952,310.9899,312.9646,681.9205
2067,285.4262,642.0360,-2.4839,557.1741,642.0533,285.4089,285.4262,642.0360
2068,221.4502,512.5420,2.0079,445.2517,512.5558,221.4363,221.4502,512.5420
2069,209.2855,374.3935,16.6769,326.2669,376.0611,207.6179,209.2855,374.3935
2070,304.8912,674.7071,-13.5785,585.6869,675.2050,304.3933,304.8912,674.7071
2071,306.0446,694.5183,24.4792,604.3700,696.0548,304.5081,306.0446,694.5183
2072,314.9425,697.1638,9.5787,604.9255,697.4037,314.7026,314.9425,697.1638
2073,311.9921,680.5879,-26.2814,591.8387,682.4524,310.1276,311.9921,680.5879
2074,276.8978,787.6125,-21.4715,693.0373,788.5136,275.9967,276.8978,787.6125
2075,229.8673,406.7430,3.0644,353.2848,406.7961,229.8143,229.8673,406.7430
2076,282.4342,553.7875,0.3392,479.6264,553.7879,282.4338,282.4342,553.7875
2077,246.8175,499.1074,-16.0364,433.1399,500.1227,245.8022,246.8175,499.1074
2078,235.2667,566.7233,4.7543,493.2164,566.7915,235.1985,235.2667,566.7233
2079,319.0117,692.3112,24.6354,601.6881,693.9299,317.3929,319.0117,692.3112
2080,312.2711,701.9878,24.1183,610.6019,703.4747,310.7842,312.2711,701.9878
2081,256.2765,602.5722,-7.7983,523.9544,602.7477,256.1010,256.2765,602.5722
2082,209.3674,384.6831,14.7492,334.5569,385.9153,208.1352,209.3674,384.6831
2083,218.4116,497.0861,4.5810,431.6153,497.1614,218.3363,218.4116,497.0861
2084,271.9381,714.9574,-28.4972,626.9980,716.7830,270.1125,271.9381,714.9574
2085,274.9186,732.8517,8.9221,641.4172,733.0254,274.7448,274.9186,732.8517
2086,275.5163,704.0364,19.0791,615.3821,704.8842,274.6685,275.5163,704.0364
2087,317.0395,639.4536,-18.7966,554.7458,640.5458,315.9473,317.0395,639.4536
2088,305.9393,636.3417,-8.1428,551.4042,636.5422,305.7388,305.9393,636.3417
2089,272.8033,742.1271,-4.2602,650.2108,742.1658,272.7646,272.8033,742.1271
2090,276.6916,692.1493,42.3309,607.8592,696.4186,272.4224,276.6916,692.1493
2091,37.0819,285.9283,-233.0872,485.3001,425.7224,-102.7122,37.0819,285.9283
2092,251.6224,569.1235,-7.0290,494.1249,569.2791,251.4669,251.6224,569.1235
2093,259.9721,575.2073,1.2220,498.9144,575.2121,259.9674,259.9721,575.2073
2094,271.2187,709.0746,12.0613,620.0553,709.4066,270.8867,271.2187,709.0746
2095,281.6644,714.3006,17.8289,623.9558,715.0341,280.9309,281.6644,714.3006
2096,293.1718,634.9502,7.9750,550.5931,635.1362,292.9859,293.1718,634.9502
2097,280.7137,628.1633,-2.6289,545.0468,628.1832,280.6938,280.7137,628.1633
2098,263.2705,572.5357,-8.2677,496.5700,572.7565,263.0497,263.2705,572.5357
2099,257.7486,516.3722,-1.8991,447.2037,516.3861,257.7347,257.7486,516.3722
2100,319.0976,680.9776,-29.1421,592.2864,683.3094,316.7658,319.0976,680.9776
2101,308.4007,664.6529,-31.2096,578.6339,667.3663,305.6872,308.4007,664.6529
2102,307.3556,675.8530,11.7375,586.4562,676.2265,306.9821,307.3556,675.8530
2103,317.1040,674.1021,25.3128,585.7732,675.8879,315.3182,317.1040,674.1021
2104,265.2459,721.0950,22.6523,632.9339,722.2179,264.1230,265.2459,721.0950
2105,205.8722,375.8961,-171.2725,440.7919,482.0942,99.6740,205.8722,375.8961
2106,217.9187,394.8054,-2.9770,342.5653,394.8555,217.8686,217.9187,394.8054
2107,228.7369,389.5368,-0.1759,339.0548,389.5370,228.7367,228.7369,389.5368
2108,304.9641,685.1767,21.0428,595.6881,686.3377,303.8030,304.9641,685.1767
2109,307.5642,667.4424,11.4805,578.9552,667.8083,307.1983,307.5642,667.4424
2110,297.8421,677.0818,-28.2974,589.8207,679.1816,295.7423,297.8421,677.0818
2111,282.6905,711.6770,8.6100,620.8350,711.8497,282.5178,282.6905,711.6770
2112,277.9496,721.6771,10.5511,630.7281,721.9279,277.6989,277.9496,721.6771
2113,305.3394,685.3780,5.6952,594.8105,685.4633,305.2541,305.3394,685.3780
2114,307.7908,677.7071,7.7108,587.8847,677.8678,307.6301,307.7908,677.7071
2115,255.3046,572.7899,12.2868,497.4793,573.2647,254.8298,255.3046,572.7899
2116,309.3409,671.2312,11.6869,582.2488,671.6082,308.9639,309.3409,671.2312
2117,262.9104,663.7218,0.4771,578.9212,663.7223,262.9098,262.9104,663.7218
2118,250.0778,635.5456,4.2826,554.5956,635.5931,250.0302,250.0778,635.5456
2119,195.2149,522.1733,-14.8067,457.7068,522.8424,194.5457,195.2149,522.1733
2120,290.4218,662.3447,37.3065,578.6720,666.0499,286.7166,290.4218,662.3447
2121,273.2549,603.7398,5.2576,523.7157,603.8235,273.1713,273.2549,603.7398
2122,275.5892,614.0837,14.5532,533.3374,614.7082,274.9646,275.5892,614.0837
2123,272.3157,575.3524,-0.2648,498.5067,575.3526,272.3154,272.3157,575.3524
2124,281.9098,668.2320,26.8772,582.9178,670.0929,280.0488,281.9098,668.2320
2125,288.6459,594.8012,-8.2824,515.3871,595.0251,288.4220,288.6459,594.8012
2126,309.6237,670.2465,13.2558,581.4638,670.7331,309.1371,309.6237,670.2465
2127,307.5124,670.2228,16.6277,581.7990,670.9835,306.7518,307.5124,670.2228
2128,303.7543,680.3436,-28.2669,592.3461,682.4535,301.6444,303.7543,680.3436
2129,206.7130,506.3281,0.2496,440.9467,506.3283,206.7128,206.7130,506.3281
2130,256.9303,584.5482,23.7340,509.1282,586.2587,255.2198,256.9303,584.5482
2131,252.4692,625.2193,-12.7607,545.2337,625.6556,252.0328,252.4692,625.2193
2132,169.7116,493.1783,16.8478,434.9486,494.0534,168.8365,169.7116,493.1783
2133,226.4610,572.7989,13.8915,500.2454,573.3552,225.9048,226.4610,572.7989
2134,295.4914,669.3484,-38.1947,584.7497,673.2106,291.6292,295.4914,669.3484
2135,321.7088,676.5802,26.2476,587.9306,678.5111,319.7780,321.7088,676.5802
2136,302.7670,679.0014,3.8892,589.2172,679.0416,302.7268,302.7670,679.0014
