vid,x,y,z
0,-0.00044825,-0.00075363,4.60769509
1,0.50448801,-0.01327903,4.60797320
2,0.50637553,0.03793495,4.60651520
3,0.50148886,0.08772731,4.60459992
4,0.48998140,0.13536934,4.60649183
5,0.47212075,0.18054811,4.60790663
6,0.44862676,0.22216255,4.60881714
7,0.42072196,0.25857215,4.60923372
8,0.39581624,0.30496239,4.60891316
9,0.36542208,0.34751274,4.60799615
10,0.33052756,0.38503222,4.60653836
11,0.29184121,0.41674642,4.60462306
12,0.24998882,0.44224430,4.60651943
13,0.20537587,0.46148993,4.60793799
14,0.15928647,0.47421101,4.60885127
15,0.11374195,0.48010851,4.60926916
16,0.06324538,0.49517186,4.60894850
17,0.01156256,0.50361003,4.60802815
18,-0.03976351,0.50527830,4.60656282
19,-0.08967831,0.50013535,4.60463494
20,-0.13746784,0.48834117,4.60652738
21,-0.18278303,0.47019146,4.60793595
22,-0.22448322,0.44647609,4.60883179
23,-0.26082926,0.41861462,4.60922602
24,-0.30717780,0.39368691,4.60887928
25,-0.34966111,0.36330841,4.60793677
26,-0.38700847,0.32859754,4.60646080
27,-0.41846460,0.29028446,4.60454121
28,-0.44367116,0.24896968,4.60639835
29,-0.46258222,0.20509303,4.60778983
30,-0.47491094,0.15995587,4.60869488
31,-0.48024706,0.11579287,4.60912870
32,-0.49575663,0.06510347,4.60883096
33,-0.50468987,0.01319424,4.60792789
34,-0.50683085,-0.03829559,4.60647885
35,-0.50213892,-0.08831535,4.60456981
36,-0.49078015,-0.13613137,4.60646255
37,-0.47303145,-0.18145138,4.60787557
38,-0.44962199,-0.22318062,4.60878284
39,-0.42178093,-0.25968532,4.60919570
40,-0.39694690,-0.30616698,4.60886870
41,-0.36661126,-0.34879902,4.60794531
42,-0.33176674,-0.38639553,4.60648162
43,-0.29312465,-0.41818793,4.60456114
44,-0.25131629,-0.44376870,4.60644832
45,-0.20674848,-0.46310884,4.60785920
46,-0.16071080,-0.47594151,4.60876660
47,-0.11522884,-0.48197420,4.60918096
48,-0.06481617,-0.49719427,4.60885656
49,-0.01323101,-0.50582180,4.60793652
50,0.03798473,-0.50771532,4.60647652
51,0.08778276,-0.50283195,4.60455983
52,0.13542531,-0.49132650,4.60645022
53,0.18060876,-0.47346528,4.60786410
54,0.22223220,-0.44996894,4.60877421
55,0.25865578,-0.42206100,4.60919087
56,0.30506092,-0.39716321,4.60886927
57,0.34763335,-0.36677832,4.60795172
58,0.38518388,-0.33189596,4.60649383
59,0.41694115,-0.29322576,4.60457881
60,0.44249529,-0.25139780,4.60647020
61,0.46181641,-0.20681661,4.60788471
62,0.47463650,-0.16077048,4.60879510
63,0.48066199,-0.11528440,4.60921170
64,0.49586948,-0.06486608,4.60889058
65,1.09944414,-0.02048102,4.59075633
66,1.10370168,0.08946285,4.58679222
67,1.09289868,0.19505923,4.58191492
68,1.06781659,0.29668468,4.58672755
69,1.02786789,0.39474797,4.59059727
70,0.97450004,0.48717315,4.59335089
71,0.91079691,0.56882500,4.59494486
72,0.85691780,0.67054626,4.59356758
73,0.79112532,0.76315011,4.59080505
74,0.71636170,0.84386110,4.58684178
75,0.63401406,0.91083271,4.58196572
76,0.54436791,0.96488239,4.58678568
77,0.44671848,1.00587355,4.59066286
78,0.34355088,1.03335770,4.59342395
79,0.24066771,1.04587974,4.59502460
80,0.13050503,1.07952133,4.59365260
81,0.01833438,1.09824514,4.59089069
82,-0.09180081,1.10216404,4.58692132
83,-0.19760814,1.09095756,4.58202977
84,-0.29947550,1.06541055,4.58684433
85,-0.39777844,1.02495450,4.59070204
86,-0.49043957,0.97106748,4.59342572
87,-0.57226801,0.90694051,4.59496950
88,-0.67397362,0.85295000,4.59351792
89,-0.76619168,0.78750094,4.59068946
90,-0.84640784,0.71331732,4.58668389
91,-0.91282043,0.63178181,4.58179854
92,-0.96622774,0.54324404,4.58652961
93,-1.00647444,0.44710929,4.59035071
94,-1.03313256,0.34583734,4.59311068
95,-1.04473276,0.24517326,4.59478014
96,-1.07955304,0.13418326,4.59343647
97,-1.09916422,0.02157470,4.59069604
98,-1.10387737,-0.08883993,4.58674558
99,-1.09341743,-0.19482738,4.58187691
100,-1.06859470,-0.29677535,4.58667871
101,-1.02884301,-0.39510504,4.59053400
102,-0.97562500,-0.48775004,4.59327217
103,-0.91203545,-0.56958346,4.59485200
104,-0.85828543,-0.67147154,4.59345590
105,-0.79260056,-0.76422011,4.59067783
106,-0.71792667,-0.84506720,4.58670256
107,-0.63565435,-0.91217598,4.58181765
108,-0.54608292,-0.96636593,4.58661617
109,-0.44850386,-1.00751443,4.59047525
110,-0.34541085,-1.03518125,4.59322146
111,-0.24262093,-1.04791881,4.59481111
112,-0.13259707,-1.08180782,4.59342651
113,-0.02058894,-1.10083027,4.59065971
114,0.08936133,-1.10510742,4.58669472
115,0.19496959,-1.09431992,4.58181874
116,0.29660461,-1.06925127,4.58662774
117,0.39468288,-1.02931232,4.59049585
118,0.48712830,-0.97595178,4.59324952
119,0.56880597,-0.91225503,4.59484488
120,0.67055615,-0.85840081,4.59346650
121,0.76319703,-0.79263616,4.59070424
122,0.84395779,-0.71790498,4.58674206
123,0.91099724,-0.63559457,4.58186731
124,0.96513243,-0.54599849,4.58667937
125,1.00623799,-0.44840554,4.59054919
126,1.03387202,-0.34530618,4.59330330
127,1.04658586,-0.24251489,4.59489779
128,1.08044564,-0.13248773,4.59351962
129,1.72506959,-0.02637147,4.54170380
130,1.72931416,0.14555843,4.53492053
131,1.71124411,0.30855692,4.52697516
132,1.67319643,0.46616286,4.53477723
133,1.61208448,0.62105348,4.54140946
134,1.52879308,0.77113160,4.54643678
135,1.42951223,0.90079759,4.54994846
136,1.34520660,1.05613511,4.54682067
137,1.23762186,1.20137754,4.54177691
138,1.11900493,1.32590384,4.53499508
139,0.99091502,1.42831564,4.52705301
140,0.85249936,1.51276921,4.53486484
141,0.69968567,1.57896038,4.54150867
142,0.53457375,1.62602401,4.54655038
143,0.37255802,1.64729980,4.55007866
144,0.20293076,1.69729177,4.54696683
145,0.02394738,1.72362182,4.54193459
146,-0.14823519,1.72743007,4.53515753
147,-0.31152310,1.70882781,4.52720887
148,-0.46947039,1.67014764,4.53502127
149,-0.62469781,1.60831835,4.54164331
150,-0.77512050,1.52423320,4.54663273
151,-0.90518393,1.42413037,4.55007464
152,-1.06030304,1.34005036,4.54679979
153,-1.20489386,1.23319717,4.54162842
154,-1.32875591,1.11545227,4.53476520
155,-1.43049607,0.98840528,4.52679492
156,-1.51409530,0.85141755,4.53447649
157,-1.57917704,0.70068878,4.54105141
158,-1.62493634,0.53828198,4.54613674
159,-1.64484452,0.37926109,4.54983700
160,-1.69643630,0.20850785,4.54674076
161,-1.72408067,0.02881432,4.54170940
162,-1.72901815,-0.14383854,4.53492861
163,-1.71145571,-0.30743834,4.52698087
164,-1.67378788,-0.46552958,4.53474598
165,-1.61296930,-0.62081765,4.54133789
166,-1.52990721,-0.77122183,4.54632586
167,-1.43079727,-0.90115628,4.54980497
168,-1.34667268,-1.05673752,4.54664076
169,-1.23923461,-1.20218400,4.54157077
170,-1.12073712,-1.32689739,4.53477091
171,-0.99274642,-1.42949357,4.52681671
172,-0.85442823,-1.51413180,4.53459401
173,-0.70170634,-1.58052839,4.54120763
174,-0.53669112,-1.62783201,4.54622205
175,-0.37479769,-1.64938934,4.54972710
176,-0.20534770,-1.69970129,4.54658965
177,-0.02656875,-1.72641653,4.54154252
178,0.14537083,-1.73069143,4.53476118
179,0.30838470,-1.71264754,4.52682132
180,0.46600536,-1.67462396,4.53461797
181,0.62091685,-1.61353359,4.54124795
182,0.77102181,-1.53026296,4.54627566
183,0.90072080,-1.43100227,4.54979011
184,1.05609663,-1.34673753,4.54666169
185,1.20138458,-1.23919603,4.54162030
186,1.32597114,-1.12062857,4.53484145
187,1.42846484,-0.99259435,4.52690152
188,1.51302265,-0.85424820,4.53470340
189,1.57935362,-0.70151158,4.54133623
190,1.62660375,-0.53649040,4.54636459
191,1.64812065,-0.37459578,4.54987717
192,1.69838978,-0.20514547,4.54674827
193,2.36135434,-0.02373196,4.45512125
194,2.36013117,0.20632259,4.44622778
195,2.33326906,0.42256659,4.43521725
196,2.28512346,0.63338498,4.44589930
197,2.20910033,0.84394643,4.45456969
198,2.10008205,1.06498605,4.46070212
199,1.96929545,1.24759428,4.46600317
200,1.84878440,1.45411138,4.46129105
201,1.68565635,1.65317291,4.45521424
202,1.52206378,1.81493029,4.44632261
203,1.35009853,1.94877322,4.43531716
204,1.16689836,2.06371081,4.44600996
205,0.96415424,2.15871983,4.45469537
206,0.73065427,2.23775885,4.46084833
207,0.50890339,2.27417181,4.46617745
208,0.27746636,2.33473000,4.46149267
209,0.02114043,2.35980510,4.45544026
210,-0.20920395,2.35808547,4.44657136
211,-0.42579239,2.33059651,4.43558133
212,-0.63705922,2.28166944,4.44629360
213,-0.84806473,2.20472042,4.45497425
214,-1.06947902,2.09464603,4.46107727
215,-1.25257586,1.96269159,4.46631372
216,-1.45857016,1.84298427,4.46133650
217,-1.65666289,1.68126807,4.45502124
218,-1.81782487,1.51867610,4.44599337
219,-1.95108465,1.34775545,4.43493819
220,-2.06514153,1.16598796,4.44547177
221,-2.15877670,0.96550579,4.45411380
222,-2.23581103,0.73551262,4.46043725
223,-2.27031819,0.51747488,4.46610877
224,-2.33288148,0.28474501,4.46138749
225,-2.35964991,0.02755484,4.45529575
226,-2.35933359,-0.20349339,4.44637349
227,-2.33312128,-0.42057741,4.43533294
228,-2.28546121,-0.63203549,4.44593858
229,-2.20981605,-0.84311339,4.45453083
230,-2.10111285,-1.06457195,4.46058701
231,-1.97055188,-1.24752935,4.46582917
232,-1.85025508,-1.45436485,4.46106110
233,-1.68729454,-1.65368489,4.45495039
234,-1.52383522,-1.81567209,4.44603667
235,-1.35198392,-1.94973559,4.43501636
236,-1.16890780,-2.06488259,4.44566232
237,-0.96628744,-2.16012461,4.45430414
238,-0.73291618,-2.23944178,4.46041433
239,-0.51131933,-2.27618051,4.46570421
240,-0.28008089,-2.33709896,4.46098152
241,-0.02397358,-2.36260577,4.45490633
242,0.20609021,-2.36141905,4.44601871
243,0.42234859,-2.33459118,4.43501775
244,0.63318053,-2.28647928,4.44569222
245,0.84376255,-2.21049100,4.45435825
246,1.06483014,-2.10151089,4.46048926
247,1.24747367,-1.97076095,4.46579295
248,1.45403252,-1.85030167,4.46108166
249,1.65314069,-1.68722614,4.45501210
250,1.81496250,-1.52369534,4.44612582
251,1.94889342,-1.35180054,4.43512280
252,2.06394013,-1.16869174,4.44580490
253,2.15909783,-0.96605164,4.45447568
254,2.23833955,-0.73267077,4.46060886
255,2.27502079,-0.51106916,4.46591076
256,2.33588849,-0.27983231,4.46119725
257,2.99599681,-0.02359517,4.32783491
258,2.98046620,0.26480347,4.32023167
259,2.94484317,0.53349320,4.30676002
260,2.88623440,0.79730195,4.31961734
261,2.80222921,1.06921777,4.32674327
262,2.68243008,1.36533529,4.32843555
263,2.52166491,1.60526846,4.33470132
264,2.36061037,1.86342549,4.32925567
265,2.13433571,2.10203991,4.32793929
266,1.91936862,2.29493513,4.32033853
267,1.70411798,2.45966862,4.30687423
268,1.47604283,2.60468024,4.31974289
269,1.22425440,2.73743485,4.32688754
270,0.93001714,2.86194789,4.32860469
271,0.64651400,2.91770461,4.33490447
272,0.34988983,2.98611537,4.32949092
273,0.02095335,2.99451331,4.32820606
274,-0.26773579,2.97848766,4.32064288
275,-0.53679856,2.94221150,4.30721740
276,-0.80111584,2.88273290,4.32013562
277,-1.07357273,2.79759852,4.32732766
278,-1.37014133,2.67645832,4.32904965
279,-1.61055255,2.51421029,4.33530356
280,-1.86781086,2.35454251,4.32944327
281,-2.10537223,2.13034198,4.32769070
282,-2.29777476,1.91656861,4.31986519
283,-2.46198185,1.70231114,4.30634462
284,-2.60624150,1.47556346,4.31902857
285,-2.73737250,1.22602160,4.32623364
286,-2.85905583,0.93581722,4.32838495
287,-2.91241599,0.65675274,4.33524963
288,-2.98326565,0.35863399,4.32968437
289,-2.99367579,0.02858056,4.32826757
290,-2.97924290,-0.26106308,4.32057422
291,-2.94437890,-0.53079453,4.30702918
292,-2.88631842,-0.79536729,4.31977021
293,-2.80274523,-1.06787445,4.32678120
294,-2.68332724,-1.36446366,4.32836237
295,-2.52282517,-1.60480531,4.33454390
296,-2.36199350,-1.86334881,4.32902378
297,-2.13588026,-2.10227059,4.32766533
298,-1.92104990,-2.29542595,4.32003489
299,-1.70592989,-2.46039944,4.30654816
300,-1.47799909,-2.60562995,4.31935876
301,-1.22637088,-2.73862696,4.32644432
302,-0.93231162,-2.86343205,4.32810208
303,-0.64899495,-2.91952535,4.33435115
304,-0.35257395,-2.98829450,4.32889628
305,-0.02384830,-2.99711708,4.32758811
306,0.26455481,-2.98162499,4.31999419
307,0.53325288,-2.94604366,4.30653386
308,0.79706881,-2.88747595,4.31938195
309,1.06899970,-2.80351928,4.32650005
310,1.36514264,-2.68377802,4.32818667
311,1.60510978,-2.52306278,4.33445477
312,1.86330777,-2.36206439,4.32901270
313,2.10196701,-2.13584437,4.32770903
314,2.29492594,-1.92094437,4.32011549
315,2.45974625,-1.70577439,4.30665284
316,2.60486504,-1.47780323,4.31951012
317,2.73776534,-1.22614261,4.32663546
318,2.86247678,-0.93206063,4.32832736
319,2.91849871,-0.64873259,4.33459428
320,2.98721311,-0.35231483,4.32914869
321,3.68615090,-0.04641959,4.13785857
322,3.66407222,0.31300152,4.13244073
323,3.61557761,0.65328565,4.12064442
324,3.54557753,0.99070292,4.13109956
325,3.44350884,1.33439091,4.13573630
326,3.29575977,1.67687710,4.13854273
327,3.08871455,1.97142048,4.15030190
328,2.89544110,2.29396730,4.13963365
329,2.63852923,2.57390951,4.13797147
330,2.36871571,2.81239943,4.13255576
331,2.09374437,3.01866649,4.12076584
332,1.80557233,3.20768031,4.13123263
333,1.49026352,3.37842476,4.13588939
334,1.14347405,3.51597788,4.13872366
335,0.78863348,3.57764953,4.15051760
336,0.42370668,3.66884071,4.13988068
337,0.04388520,3.68484142,4.13825291
338,-0.31580867,3.66232994,4.13287665
339,-0.65645295,3.61324897,4.12113269
340,-0.99435933,3.54239470,4.13167740
341,-1.33865872,3.43908049,4.13644451
342,-1.68182984,3.28960183,4.13940620
343,-1.97702285,3.08066577,4.15124012
344,-2.29847632,2.88879765,4.14006919
345,-2.57761426,2.63364961,4.13786610
346,-2.81544424,2.36570163,4.13203362
347,-3.02069251,2.09270604,4.12011588
348,-3.20845091,1.80649063,4.13046783
349,-3.37714967,1.49372205,4.13538406
350,-3.51184869,1.15055534,4.13888507
351,-3.57087815,0.80060908,4.15148291
352,-3.66498066,0.43361885,4.14054538
353,-3.68325121,0.05221469,4.13863860
354,-3.66249028,-0.30868439,4.13302353
355,-3.61487813,-0.65012091,4.12107970
356,-3.54548824,-0.98838551,4.13138139
357,-3.44387089,-1.33271295,4.13587932
358,-3.29647554,-1.67570262,4.13856309
359,-3.08969270,-1.97066972,4.15022220
360,-2.89665308,-2.29364417,4.13945534
361,-2.63990884,-2.57393154,4.13772600
362,-2.37023563,-2.81270192,4.13226213
363,-2.09540078,-3.01921084,4.12043623
364,-1.80737812,-3.20844616,4.13083376
365,-1.49223988,-3.37942570,4.13542205
366,-1.14564040,-3.51724868,4.13819175
367,-0.79099620,-3.57922912,4.14993320
368,-0.42627026,-3.67075166,4.13925233
369,-0.04666279,-3.68714052,4.13759360
370,0.31275967,-3.66510429,4.13218405
371,0.65304821,-3.61665524,4.12039840
372,0.99046984,-3.54670229,4.13084311
373,1.33416889,-3.44468812,4.13547115
374,1.67667430,-3.29699812,4.13827315
375,1.97124371,-3.09000592,4.15003727
376,2.29382849,-2.89679497,4.13937231
377,2.57381679,-2.63994363,4.13772046
378,2.81236593,-2.37019634,4.13231285
379,3.01870911,-2.09530201,4.12052630
380,3.20782211,-1.80723049,4.13098181
381,3.37869988,-1.49204991,4.13561848
382,3.51643394,-1.14541788,4.13842554
383,3.57834357,-0.79075217,4.15018777
384,3.66980595,-0.42602579,4.13951974
385,4.48174598,-0.05385852,3.85909601
386,4.49252104,0.37950151,3.84090184
387,4.45322519,0.80396142,3.82348450
388,4.34813688,1.21574784,3.83906279
389,4.18859720,1.61735402,3.85682285
390,3.99049511,2.02212038,3.86805572
391,3.72746959,2.38693677,3.88756688
392,3.49314028,2.78441796,3.86991931
393,3.20642538,3.13121202,3.85921570
394,2.90756274,3.44522578,3.84102298
395,2.57958200,3.71752685,3.82361054
396,2.21402135,3.93432533,3.83920049
397,1.81713949,4.10539834,3.85697934
398,1.39072294,4.25140557,3.86823985
399,0.94662453,4.32321623,3.88778353
400,0.49969939,4.43840890,3.87016181
401,0.05154216,4.48067324,3.85948480
402,-0.38208919,4.49109687,3.84132472
403,-0.80687341,4.45130522,3.82395646
404,-1.21908856,4.34544589,3.83963483
405,-1.62125766,4.18474922,3.85755044
406,-2.02682197,3.98480646,3.86902566
407,-2.39276124,3.71888915,3.88887622
408,-2.78934718,3.48569874,3.87064269
409,-3.13519290,3.20082598,3.85931109
410,-3.44797958,2.90421680,3.84068526
411,-3.71849096,2.57921815,3.82311811
412,-3.93329323,2.21696832,3.83862914
413,-4.10209525,1.82323878,3.85680401
414,-4.24555188,1.40001385,3.86892083
415,-4.31487276,0.96039065,3.88950092
416,-4.43368014,0.51044971,3.87135480
417,-4.47841782,0.06028721,3.86026258
418,-4.49072561,-0.37474167,3.84173949
419,-4.45249503,-0.80044629,3.82405802
420,-4.34800611,-1.21315743,3.83946210
421,-4.18884835,-1.61546927,3.85708237
422,-3.99104847,-2.02076889,3.86818783
423,-3.72826538,-2.38601332,3.88758520
424,-3.49415759,-2.78393845,3.86981559
425,-3.20761131,-3.13109350,3.85901564
426,-2.90890582,-3.44540626,3.84074209
427,-2.58106557,-3.71796312,3.82326887
428,-2.21563635,-3.93497106,3.83878451
429,-1.81889639,-4.10625167,3.85649774
430,-1.39265486,-4.25249550,3.86769267
431,-0.94874847,-4.32457173,3.88718421
432,-0.50201010,-4.44003897,3.86952187
433,-0.05406498,-4.48261726,3.85881698
434,0.37929476,-4.49344124,3.84062288
435,0.80376059,-4.45419467,3.82321077
436,1.21555029,-4.34915173,3.83877887
437,1.61716252,-4.18965932,3.85653418
438,2.02194189,-3.99161378,3.86776423
439,2.38677513,-3.72864303,3.88728205
440,2.78428497,-3.49437383,3.86963848
441,3.13111574,-3.20771701,3.85894455
442,3.44518084,-2.90891999,3.84075792
443,3.71755110,-2.58100915,3.82334939
444,3.93443771,-2.21553703,3.83892979
445,4.10562681,-1.81876153,3.85669267
446,4.25179114,-1.39248535,3.86792765
447,4.32380173,-0.94854865,3.88744392
448,4.43921260,-0.50180645,3.86979771
449,5.26277513,-0.06600423,3.53264300
450,5.25304918,0.43796173,3.52100232
451,5.18477729,0.93206606,3.51124437
452,5.08017376,1.42027847,3.51979388
453,4.91607949,1.89935746,3.53041064
454,4.67887585,2.36014086,3.54842132
455,4.35856106,2.80327239,3.57528294
456,4.08911139,3.27139042,3.54920419
457,3.76738207,3.67487704,3.53276340
458,3.40411500,4.02433709,3.52111423
459,3.00642370,4.32542987,3.51134380
460,2.58716276,4.59660035,3.51991906
461,2.13228497,4.81924018,3.53056113
462,1.63863543,4.97722561,3.54860050
463,1.09868017,5.06394022,3.57548794
464,0.57699671,5.20428981,3.54942761
465,0.06401802,5.26194314,3.53300053
466,-0.44017779,5.25200321,3.52134798
467,-0.93459579,5.18351158,3.51153993
468,-1.42309774,5.07809706,3.52028021
469,-1.90259075,4.91302720,3.53107112
470,-2.36395048,4.67440379,3.54930258
471,-2.80813742,4.35156774,3.57651010
472,-3.27587798,4.08239130,3.54999412
473,-3.67819712,3.76229666,3.53301559
474,-4.02589254,3.40184572,3.52092490
475,-4.32497806,3.00753593,3.51099713
476,-4.59363057,2.59212221,3.51966253
477,-4.81384234,2.14107237,3.53080631
478,-4.96980021,1.65057144,3.54972989
479,-5.05548441,1.11245820,3.57758765
480,-5.19916367,0.58760386,3.55107904
481,-5.25917133,0.07256985,3.53420243
482,-5.25109528,-0.43307428,3.52209539
483,-5.18433350,-0.92855752,3.51177309
484,-5.07994243,-1.41760705,3.52031407
485,-4.91613199,-1.89737236,3.53082215
486,-4.67918276,-2.35870142,3.54870092
487,-4.35907297,-2.80225510,3.57544474
488,-4.08984250,-3.27081222,3.54921575
489,-3.76828189,-3.67465406,3.53265414
490,-3.40514989,-4.02439960,3.52091272
491,-3.00757287,-4.32573532,3.51106963
492,-2.58845317,-4.59710450,3.51955066
493,-2.13372235,-4.81994025,3.53010598
494,-1.64022961,-4.97812728,3.54807226
495,-1.10044447,-5.06504967,3.57491278
496,-0.57893267,-5.20561954,3.54881411
497,-0.06614819,-5.26350826,3.53237256
498,0.43780700,-5.25381012,3.52073906
499,0.93189885,-5.18555127,3.51100120
500,1.42012000,-5.08102197,3.51951919
501,1.89920679,-4.91698984,3.53011674
502,2.35999697,-4.67984135,3.54812069
503,2.80313453,-4.35957600,3.57499068
504,3.27127382,-4.09018195,3.54891485
505,3.67478486,-3.76850093,3.53248718
506,4.02426767,-3.40527562,3.52086017
507,4.32537650,-3.00762056,3.51112052
508,4.59665907,-2.58845764,3.51966224
509,4.81941550,-2.13368216,3.53027544
510,4.97753781,-1.64014732,3.54828666
511,5.06440886,-1.10032248,3.57515534
512,5.20492603,-0.57879918,3.54907846
513,5.84332846,-0.06843351,3.25732135
514,5.81362597,0.49683967,3.25347958
515,5.73695578,1.04296842,3.24212336
516,5.62267320,1.58151547,3.25119470
517,5.45645816,2.12321762,3.25277081
518,5.23153244,2.67854259,3.24459385
519,4.92260715,3.18777960,3.25212088
520,4.59047877,3.65363291,3.24994629
521,4.17973183,4.08365914,3.25742432
522,3.75899340,4.46234863,3.25357133
523,3.31856972,4.79427921,3.24220953
524,2.85689494,5.09423057,3.25129642
525,2.35625771,5.35967040,3.25289504
526,1.80445359,5.59320593,3.24474925
527,1.22582830,5.73473638,3.25230539
528,0.66146070,5.82919026,3.25014399
529,0.06681385,5.84269865,3.25762517
530,-0.49864429,5.81279403,3.25377680
531,-1.04500844,5.73582248,3.24242735
532,-1.58381586,5.62102239,3.25160827
533,-2.12578619,5.45413156,3.25330806
534,-2.68137564,5.22832566,3.24527462
535,-3.19086267,4.91830607,3.25292955
536,-3.65678052,4.58575461,3.25057366
537,-4.08619081,4.17571433,3.25768278
538,-4.46378083,3.75668928,3.25347578
539,-4.79429033,3.31864808,3.24196071
540,-5.09264421,2.85955657,3.25103225
541,-5.35644170,2.36153924,3.25298158
542,-5.58865043,1.81207888,3.24546269
543,-5.72963961,1.23495139,3.25368094
544,-5.82469449,0.67044893,3.25186870
545,-5.83976828,0.07462280,3.25910894
546,-5.81134993,-0.49199297,3.25488227
547,-5.73568058,-1.03933076,3.24311965
548,-5.62195299,-1.57880259,3.25200302
549,-5.45612194,-2.12118874,3.25341341
550,-5.23150377,-2.67703208,3.24506904
551,-4.92281632,-3.18667990,3.25244264
552,-4.59089121,-3.65293631,3.25011018
553,-4.18029760,-4.08327464,3.25746985
554,-3.75969715,-4.46221835,3.25351912
555,-3.31940673,-4.79436403,3.24207635
556,-2.85785683,-5.09450156,3.25105595
557,-2.35735341,-5.36012179,3.25255425
558,-1.80570053,-5.59385758,3.24430734
559,-1.22723521,-5.73558852,3.25179257
560,-0.66301244,-5.83020416,3.24960924
561,-0.06852681,-5.84387899,3.25710478
562,0.49672576,-5.81420332,3.25327102
563,1.04283659,-5.73756871,3.24192502
564,1.58137253,-5.62333196,3.25097014
565,2.12307564,-5.45717317,3.25252024
566,2.67841108,-5.23231406,3.24431829
567,3.18765792,-4.92344543,3.25183999
568,3.65351626,-4.59135525,3.24967873
569,4.08354523,-4.18063858,3.25718656
570,4.46225066,-3.75993856,3.25336021
571,4.79421387,-3.31956580,3.24201881
572,5.09422892,-2.85796180,3.25108489
573,5.35976132,-2.35740624,3.25265436
574,5.59342104,-1.80570195,3.24446946
575,5.73509271,-1.22718776,3.25199664
576,5.82967386,-0.66294138,3.24982949
577,6.42602339,-0.05326136,2.94760213
578,6.36915034,0.56378146,2.95761281
579,6.28075413,1.15533532,2.94619041
580,6.15798048,1.73786988,2.95611932
581,5.99491927,2.33560803,2.94485531
582,5.78387568,2.98774850,2.90144303
583,5.47229079,3.56375356,2.88975346
584,5.08347334,4.05500440,2.90608572
585,4.58114126,4.50640517,2.94768188
586,4.10458905,4.90249445,2.95767800
587,3.62375717,5.25825847,2.94624886
588,3.12498899,5.58332505,2.95618981
589,2.58696915,5.89063633,2.94494655
590,1.97653298,6.20246156,2.90156766
591,1.34882898,6.38933676,2.88991008
592,0.72644199,6.46168550,2.90624981
593,0.05195209,6.42557844,2.94783750
594,-0.56523860,6.36853314,2.95783845
595,-1.15697647,6.27987217,2.94642680
596,-1.73970188,6.15673793,2.95643517
597,-2.33762256,5.99320647,2.94526306
598,-2.98988797,5.78158648,2.90195305
599,-3.56593243,5.46935601,2.89034440
600,-4.05716484,5.08020037,2.90657776
601,-4.50824087,4.57810123,2.94793455
602,-4.90364775,4.10251439,2.95768207
603,-5.25847528,3.62323416,2.94611353
604,-5.58246921,3.12623272,2.95600169
605,-5.88869902,2.59007294,2.94496265
606,-6.19966723,1.98131666,2.90201996
607,-6.38620284,1.35498197,2.89081489
608,-6.45854658,0.73316489,2.90760125
609,-6.42308365,0.05844728,2.94927984
610,-6.36700051,-0.55941720,2.95907867
611,-6.27929389,-1.15189623,2.94735741
612,-6.15704638,-1.73521887,2.95709796
613,-5.99436458,-2.33358774,2.94566081
614,-5.78362596,-2.98619401,2.90208325
615,-5.47227472,-3.56258672,2.89023099
616,-5.08363786,-4.05421709,2.90639802
617,-4.58143983,-4.50589619,2.94787732
618,-4.10501521,-4.90221239,2.95777441
619,-3.62431280,-5.25816757,2.94626118
620,-3.12565597,-5.58338885,2.95609061
621,-2.58776196,-5.89085613,2.94473755
622,-1.97747671,-6.20287129,2.90123434
623,-1.34992270,-6.38993650,2.88948763
624,-0.72765967,-6.46240404,2.90581878
625,-0.05331196,-6.42640226,2.94745072
626,0.56369982,-6.36955175,2.95747214
627,1.15522815,-6.28119479,2.94605815
628,1.73774333,-6.15845447,2.95595912
629,2.33547439,-5.99544451,2.94466220
630,2.98762400,-5.78447629,2.90120694
631,3.56364025,-5.47295228,2.88949997
632,4.05488389,-5.08416117,2.90585366
633,4.50626534,-4.58184669,2.94749637
634,4.90236002,-4.10532924,2.95752489
635,5.25815220,-3.62454833,2.94611638
636,5.58325982,-3.12583402,2.95603921
637,5.89064179,-2.58788435,2.94476492
638,6.20257790,-1.97754215,2.90133583
639,6.38958272,-1.34993566,2.88964035
640,6.46202915,-0.72764347,2.90598356
641,7.02221823,-0.03996296,2.58969001
642,6.93543236,0.63247012,2.61928898
643,6.83244962,1.27463448,2.60988171
644,6.69759882,1.90476334,2.62104820
645,6.53817625,2.55986728,2.59181146
646,6.34536949,3.29782394,2.50389194
647,6.02494997,3.93958185,2.47138168
648,5.58121067,4.46573620,2.50705734
649,4.99341152,4.93737000,2.58974347
650,4.45654523,5.35148111,2.61932480
651,3.92961931,5.73272489,2.60990744
652,3.38866776,6.08291900,2.62108242
653,2.81266625,6.43338125,2.59186481
654,2.15444969,6.81879483,2.50398152
655,1.47401709,7.04592870,2.47150526
656,0.78813242,7.10413863,2.50718428
657,0.03892703,7.02192713,2.58985468
658,-0.63362062,6.93501157,2.61943381
659,-1.27592570,6.83182386,2.61002682
660,-1.90619078,6.69672579,2.62125043
661,-2.56142284,6.53697301,2.59208638
662,-3.29944780,6.34375577,2.50425710
663,-3.94117553,6.02288992,2.47182416
664,-4.46725651,5.57888695,2.50745462
665,-4.93865184,4.99113809,2.59000085
666,-5.35232321,4.45478153,2.61942526
667,-5.73295824,3.92881060,2.60989944
668,-6.08242760,3.38903133,2.62101730
669,-6.43218775,2.81434265,2.59189825
670,-6.81708440,2.15734920,2.50427485
671,-7.04404483,1.47806535,2.47206975
672,-7.10214060,0.79292343,2.50812833
673,-7.02016837,0.04390447,2.59100097
674,-6.93376054,-0.62888875,2.62055711
675,-6.83117884,-1.27164015,2.61098828
676,-6.69671401,-1.90236746,2.62203246
677,-6.53758597,-2.55798470,2.59266830
678,-6.34502293,-3.29632720,2.50462683
679,-6.02480231,-3.93842301,2.47197152
680,-5.58121715,-4.46492335,2.50748214
681,-4.99352678,-4.93680740,2.59005294
682,-4.45676457,-5.35111344,2.61954146
683,-3.92995100,-5.73251746,2.61004649
684,-3.38909039,-6.08283084,2.62111405
685,-2.81320190,-6.43341813,2.59178552
686,-2.15513268,-6.81900138,2.50376485
687,-1.47483642,-7.04630656,2.47118941
688,-0.78905707,-7.10460260,2.50686987
689,-0.03997991,-7.02244932,2.58960662
690,0.63241497,-6.93567974,2.61921989
691,1.27454879,-6.83273421,2.60982134
692,1.90465269,-6.69790679,2.62095863
693,2.55974441,-6.53853037,2.59168329
694,3.29770745,-6.34580343,2.50370578
695,3.93947649,-6.02544511,2.47116827
696,4.46561533,-5.58172361,2.50687098
697,4.93721301,-4.99393410,2.58961595
698,5.35131793,-4.45709697,2.61923596
699,5.73258058,-3.93021716,2.60984245
700,6.08279715,-3.38930642,2.62100216
701,6.43331161,-2.81336584,2.59175202
702,6.81882456,-2.15524105,2.50380772
703,7.04607677,-1.47489426,2.47128611
704,7.10436284,-0.78908398,2.50697461
705,7.64833226,-0.03609841,2.16265232
706,7.53854629,0.70160797,2.21272704
707,7.41969729,1.40815431,2.20653991
708,7.26526751,2.09812666,2.21983607
709,7.10020485,2.81214859,2.17168287
710,6.92343632,3.61558496,2.03574659
711,6.59107442,4.31754021,1.98147171
712,6.09482400,4.88599109,2.03693668
713,5.43349648,5.38280910,2.16268250
714,4.83421723,5.82681791,2.21273673
715,4.25055441,6.24237422,2.20653633
716,3.65345245,6.62105142,2.21983652
717,3.03181090,7.00920063,2.17169873
718,2.33864004,7.45226800,2.03579910
719,1.60720990,7.71353488,1.98155965
720,0.85430362,7.76453505,2.03702683
721,0.03531967,7.64815829,2.16275380
722,-0.70247107,7.53828436,2.21279904
723,-1.40912083,7.41929283,2.20659709
724,-2.09918877,7.26470752,2.21992831
725,-2.81330349,7.09941892,2.17183171
726,-3.61679111,6.92234232,2.03598333
727,-4.31869839,6.58964532,1.98179524
728,-4.88705880,6.09317741,2.03725974
729,-5.38367335,5.43181861,2.16294509
730,-5.82738934,4.83279216,2.21291001
731,-6.24255786,4.24967836,2.20663476
732,-6.62075411,3.65330523,2.21988885
733,-7.00845997,3.03255218,2.17178343
734,-7.45124305,2.34027359,2.03599992
735,-7.71245775,1.60973678,1.98188151
736,-7.76337918,0.85753105,2.03760561
737,-7.64711147,0.03886854,2.16351550
738,-7.53747266,-0.69892289,2.21363867
739,-7.41880253,-1.40577525,2.20741464
740,-7.26460099,-2.09615196,2.22067620
741,-7.09971904,-2.81055087,2.17246675
742,-6.92309874,-3.61428279,2.03647578
743,-6.59088142,-4.31650263,1.98209474
744,-6.09475670,-4.88524417,2.03740652
745,-5.43351128,-5.38227912,2.16304286
746,-4.83430629,-5.82644586,2.21301831
747,-4.25072858,-6.24212612,2.20675644
748,-3.65369100,-6.62088389,2.21996306
749,-3.03213995,-7.00912220,2.17172543
750,-2.33910117,-7.45232840,2.03569142
751,-1.60778581,-7.71373956,1.98135213
752,-0.85496323,-7.76479837,2.03682753
753,-0.03609020,-7.64844814,2.16263028
754,0.70157600,-7.53867388,2.21272107
755,1.40809093,-7.41985788,2.20654313
756,2.09803519,-7.26544154,2.21981105
757,2.81204178,-7.10041627,2.17161818
758,3.61548117,-6.92372476,2.03561607
759,4.31744788,-6.59141999,1.98130685
760,4.88587979,-6.09517950,2.03680157
761,5.38265376,-5.43385680,2.16261089
762,5.82664890,-4.83460117,2.21270667
763,6.24221457,-4.25097724,2.20653349
764,6.62089707,-3.65390400,2.21982324
765,7.00908062,-3.03231284,2.17165498
766,7.45223421,-2.33923022,2.03568812
767,7.71360696,-1.60787244,1.98139728
768,7.76466586,-0.85502029,2.03687591
769,8.33388953,-0.04842040,1.62755240
770,8.22920890,0.77150689,1.68142344
771,8.10146380,1.56761862,1.67297818
772,7.91171731,2.34163559,1.69342865
773,7.70569219,3.11900605,1.64433256
774,7.52197660,3.95225134,1.47862340
775,7.17568559,4.69617981,1.40678331
776,6.63435957,5.31590601,1.47687034
777,5.92705073,5.85882139,1.62756514
778,5.27324675,6.36458012,1.68141762
779,4.61996642,6.83718364,1.67295808
780,3.93847173,7.25032760,1.69340685
781,3.24308215,7.65431937,1.64431938
782,2.52392855,8.11356772,1.47864214
783,1.75298351,8.39467991,1.40683602
784,0.93196952,8.45007579,1.47692727
785,0.04789843,8.33379528,1.62760750
786,-0.77208438,8.22906048,1.68144698
787,-1.56826546,8.10122804,1.67297550
788,-2.34235018,7.91140185,1.69343758
789,-3.11978965,7.70523859,1.64437585
790,-3.95309101,7.52129651,1.47874441
791,-4.69697946,7.17475350,1.40699765
792,-5.31661313,6.63325964,1.47712071
793,-5.85936007,5.92589428,1.62781274
794,-6.36494047,5.27220175,1.68161689
795,-6.83731895,4.61920399,1.67310728
796,-7.25016651,3.93810862,1.69352409
797,-7.65389201,3.24326279,1.64443890
798,-8.11299804,2.52473203,1.47878507
799,-8.39412271,1.75442065,1.40699486
800,-8.44950376,0.93394826,1.47720823
801,-8.33330230,0.05016836,1.62799781
802,-8.22865351,-0.76972075,1.68195151
803,-8.10095138,-1.56595994,1.67354819
804,-7.91131503,-2.34021398,1.69403124
805,-7.70537820,-3.11783193,1.64493685
806,-7.52171947,-3.95128234,1.47923117
807,-7.17551432,-4.69538437,1.40733224
808,-6.63428618,-5.31532249,1.47729109
809,-5.92703350,-5.85840851,1.62789242
810,-5.27327496,-6.36428269,1.68168735
811,-4.62004873,-6.83697421,1.67318768
812,-3.93859075,-7.25016041,1.69356624
813,-3.24326010,-7.65420111,1.64440561
814,-2.52420628,-8.11354457,1.47861999
815,-1.75334462,-8.39476490,1.40672622
816,-0.93238408,-8.45019735,1.47682687
817,-0.04839532,-8.33392913,1.62757283
818,0.77149722,-8.22926055,1.68145599
819,1.56758191,-8.10154440,1.67301794
820,2.34156991,-7.91180130,1.69344506
821,3.11892197,-7.70579840,1.64431764
822,3.95216587,-7.52214473,1.47854894
823,4.69610683,-7.17590072,1.40667269
824,5.31581865,-6.63457605,1.47678693
825,5.85869593,-5.92726962,1.62753702
826,6.36444222,-5.27348514,1.68142513
827,6.83704935,-4.62023611,1.67299197
828,7.25018232,-3.93876011,1.69343790
829,7.65418723,-3.24340756,1.64433031
830,8.11349981,-2.52433254,1.47859215
831,8.39470030,-1.75344321,1.40673318
832,8.45014070,-0.93245617,1.47683177
833,9.12767259,-0.06878684,0.91106159
834,9.05806029,0.85448418,0.94155120
835,8.92343919,1.75682739,0.92927147
836,8.69823212,2.63524448,0.95239544
837,8.40964255,3.49953757,0.93150554
838,8.14402398,4.33609594,0.80556738
839,7.77613822,5.08046465,0.73831172
840,7.20951774,5.76206888,0.80087414
841,6.50281327,6.40565504,0.91106746
842,5.80073464,7.00928463,0.94154548
843,5.06748007,7.55214601,0.92925459
844,4.28709397,8.01404224,0.95237518
845,3.47186563,8.42112763,0.93148600
846,2.69247167,8.82482645,0.80556350
847,1.90595645,9.09100879,0.73832770
848,1.02333801,9.17228039,0.80090328
849,0.06853092,9.12762714,0.91109124
850,-0.85476780,9.05798978,0.94155782
851,-1.75714769,8.92332541,0.92925301
852,-2.63560973,8.69808930,0.95237618
853,-3.49995568,8.40943230,0.93149539
854,-4.33657843,8.14367785,0.80559833
855,-5.08095922,7.77563147,0.73840278
856,-5.76244383,7.20893105,0.80103192
857,-6.40592185,6.50219699,0.91124149
858,-7.00947412,5.80016232,0.94168978
859,-7.55223806,5.06702229,0.92936721
860,-8.01399617,4.28680099,0.95246714
861,-8.42095239,3.47182754,0.93157461
862,-8.82458504,2.69278085,0.80564725
863,-9.09077128,1.90665081,0.73839898
864,-9.17208187,1.02430675,0.80097531
865,-9.12747986,0.06964727,0.91120616
866,-9.05785047,-0.85358377,0.94177068
867,-8.92321269,-1.75597204,0.92954876
868,-8.69804658,-2.63449939,0.95272387
869,-8.40949098,-3.49891967,0.93185455
870,-8.14388241,-4.33558637,0.80593383
871,-7.77603766,-5.08001954,0.73865771
872,-7.20948527,-5.76173121,0.80113585
873,-6.50280854,-6.40541953,0.91127118
874,-5.80074707,-7.00911715,0.94171899
875,-5.06751572,-7.55203204,0.92941042
876,-4.28714366,-8.01394270,0.95248912
877,-3.47194474,-8.42104366,0.93156232
878,-2.69260340,-8.82478287,0.80558439
879,-1.90613460,-9.09102010,0.73829781
880,-1.02352172,-9.17232125,0.80086824
881,-0.06875594,-9.12767769,0.91108967
882,0.85449203,-9.05807709,0.94158313
883,1.75681699,-8.92347735,0.92930769
884,2.63521101,-8.69826773,0.95241599
885,3.49948502,-8.40968644,0.93151056
886,4.33603615,-8.14409982,0.80554069
887,5.08041347,-7.77624077,0.73826169
888,5.76202611,-7.20961316,0.80083491
889,6.40559330,-6.50291009,0.91105874
890,7.00921526,-5.80084573,0.94155752
891,7.55207765,-5.06761347,0.92928548
892,8.01395653,-4.28724000,0.95240668
893,8.42103661,-3.47203817,0.93151244
894,8.82476241,-2.69270136,0.80555887
895,9.09099352,-1.90622797,0.73829061
896,9.17230728,-1.02358680,0.80085420
897,10.00000000,0.00000000,0.00000000
898,9.95184700,0.98017100,0.00000000
899,9.80785300,1.95090300,0.00000000
900,9.56940300,2.90284700,0.00000000
901,9.23879500,3.82683400,0.00000000
902,8.81921300,4.71396700,0.00000000
903,8.31469600,5.55570200,0.00000000
904,7.73010500,6.34393300,0.00000000
905,7.07106800,7.07106800,0.00000000
906,6.34393300,7.73010500,0.00000000
907,5.55570200,8.31469600,0.00000000
908,4.71396700,8.81921300,0.00000000
909,3.82683400,9.23879500,0.00000000
910,2.90284700,9.56940300,0.00000000
911,1.95090300,9.80785300,0.00000000
912,0.98017100,9.95184700,0.00000000
913,0.00000000,10.00000000,0.00000000
914,-0.98017100,9.95184700,0.00000000
915,-1.95090300,9.80785300,0.00000000
916,-2.90284700,9.56940300,0.00000000
917,-3.82683400,9.23879500,0.00000000
918,-4.71396700,8.81921300,0.00000000
919,-5.55570200,8.31469600,0.00000000
920,-6.34393300,7.73010500,0.00000000
921,-7.07106800,7.07106800,0.00000000
922,-7.73010500,6.34393300,0.00000000
923,-8.31469600,5.55570200,0.00000000
924,-8.81921300,4.71396700,0.00000000
925,-9.23879500,3.82683400,0.00000000
926,-9.56940300,2.90284700,0.00000000
927,-9.80785300,1.95090300,0.00000000
928,-9.95184700,0.98017100,0.00000000
929,-10.00000000,0.00000000,0.00000000
930,-9.95184700,-0.98017100,0.00000000
931,-9.80785300,-1.95090300,0.00000000
932,-9.56940300,-2.90284700,0.00000000
933,-9.23879500,-3.82683400,0.00000000
934,-8.81921300,-4.71396700,0.00000000
935,-8.31469600,-5.55570200,0.00000000
936,-7.73010500,-6.34393300,0.00000000
937,-7.07106800,-7.07106800,0.00000000
938,-6.34393300,-7.73010500,0.00000000
939,-5.55570200,-8.31469600,0.00000000
940,-4.71396700,-8.81921300,0.00000000
941,-3.82683400,-9.23879500,0.00000000
942,-2.90284700,-9.56940300,0.00000000
943,-1.95090300,-9.80785300,0.00000000
944,-0.98017100,-9.95184700,0.00000000
945,-0.00000000,-10.00000000,0.00000000
946,0.98017100,-9.95184700,0.00000000
947,1.95090300,-9.80785300,0.00000000
948,2.90284700,-9.56940300,0.00000000
949,3.82683400,-9.23879500,0.00000000
950,4.71396700,-8.81921300,0.00000000
951,5.55570200,-8.31469600,0.00000000
952,6.34393300,-7.73010500,0.00000000
953,7.07106800,-7.07106800,0.00000000
954,7.73010500,-6.34393300,0.00000000
955,8.31469600,-5.55570200,0.00000000
956,8.81921300,-4.71396700,0.00000000
957,9.23879500,-3.82683400,0.00000000
958,9.56940300,-2.90284700,0.00000000
959,9.80785300,-1.95090300,0.00000000
960,9.95184700,-0.98017100,0.00000000
