face,S11,S22,S12,von_mises,principal_1,principal_2,T_wale_Nm,T_course_Nm
0,1127.2401,565.6092,-138.5197,1005.2710,1159.5460,533.3032,1127.2401,565.6092
1,1282.2778,280.4895,8.1789,1167.6669,1282.3446,280.4227,1282.2778,280.4895
2,1214.6592,545.8828,-67.8491,1060.2518,1221.4732,539.0688,1214.6592,545.8828
3,1619.1380,454.8061,15.3331,1446.6402,1619.3399,454.6042,1619.1380,454.8061
4,719.6746,605.4669,19.0459,670.7241,722.7671,602.3745,719.6746,605.4669
5,1278.8704,613.7549,-81.4071,1116.7690,1288.6893,603.9360,1278.8704,613.7549
6,1163.9928,783.4068,-117.4414,1047.9041,1197.3153,750.0842,1163.9928,783.4068
7,1296.4458,573.9185,-175.6996,1165.6376,1336.9056,533.4587,1296.4458,573.9185
8,755.2086,974.3183,56.8055,890.7880,988.1698,741.3571,755.2086,974.3183
9,900.9523,801.0794,149.9303,893.9498,1009.0435,692.9883,900.9523,801.0794
10,1094.3043,1127.3814,-116.7589,1129.4647,1228.7673,992.9185,1094.3043,1127.3814
11,1148.5824,1737.9313,298.1635,1615.6094,1862.4638,1024.0499,1148.5824,1737.9313
12,1090.2908,1043.7236,37.0601,1069.6967,1110.7745,1023.2399,1090.2908,1043.7236
13,1132.7209,956.0031,37.8087,1057.5454,1140.4702,948.2538,1132.7209,956.0031
14,1197.6614,1166.5677,208.8942,1236.5397,1391.5865,972.6426,1197.6614,1166.5677
15,1134.1787,773.7264,137.1255,1031.4456,1180.4141,727.4910,1134.1787,773.7264
16,446.9100,1513.9219,-384.6466,1502.9838,1638.1253,322.7066,446.9100,1513.9219
17,1276.3505,759.8196,97.6228,1124.8071,1294.1851,741.9849,1276.3505,759.8196
18,1320.4338,804.2814,-45.1244,1155.2153,1324.3491,800.3661,1320.4338,804.2814
19,458.9898,1824.9714,-283.4901,1715.9979,1881.4689,402.4923,458.9898,1824.9714
20,1874.6690,729.8576,-1.9611,1636.7181,1874.6724,729.8542,1874.6690,729.8576
21,358.1622,1980.2284,-120.1801,1839.4759,1989.0843,349.3063,358.1622,1980.2284
22,394.1657,1949.2755,37.3528,1786.3061,1950.1721,393.2690,394.1657,1949.2755
23,981.9211,543.6345,147.5076,889.4812,1026.9412,498.6144,981.9211,543.6345
24,1175.1001,713.1179,213.3945,1089.9652,1258.5833,629.6347,1175.1001,713.1179
25,1190.4039,633.5652,227.1531,1104.1121,1271.3115,552.6576,1190.4039,633.5652
26,1388.8746,492.0855,245.6082,1291.7608,1451.7345,429.2257,1388.8746,492.0855
27,1722.4187,1207.2005,596.7541,1847.4580,2114.7926,814.8266,1722.4187,1207.2005
28,1213.0822,789.3051,103.8770,1081.4112,1237.1749,765.2123,1213.0822,789.3051
29,1143.7304,743.7057,84.4257,1015.8748,1160.8186,726.6175,1143.7304,743.7057
30,1020.3247,1067.8722,-12.8485,1045.1471,1071.1220,1017.0749,1020.3247,1067.8722
31,1098.7428,838.5995,94.5633,1007.9218,1129.4843,807.8581,1098.7428,838.5995
32,1124.1762,905.0750,-34.2053,1033.9145,1129.3920,899.8592,1124.1762,905.0750
33,1132.0783,996.5635,135.6190,1096.2344,1215.9243,912.7175,1132.0783,996.5635
34,566.2644,589.3864,6.8476,578.2939,591.2621,564.3886,566.2644,589.3864
35,1163.8690,807.1888,-108.9587,1049.9042,1194.5198,776.5380,1163.8690,807.1888
36,1107.4490,841.5796,-37.7075,1003.4732,1112.6935,836.3351,1107.4490,841.5796
37,776.4503,442.0167,-240.9085,793.1964,902.4883,315.9787,776.4503,442.0167
38,489.7156,1526.5638,272.8382,1430.3700,1593.9761,422.3034,489.7156,1526.5638
39,1204.8799,696.1373,-118.4140,1067.5423,1231.0913,669.9259,1204.8799,696.1373
40,1830.3416,775.0141,134.5559,1608.2825,1847.2275,758.1282,1830.3416,775.0141
41,389.3823,1849.5831,108.7839,1699.3773,1857.6429,381.3225,389.3823,1849.5831
42,1264.1563,534.5161,-53.0985,1102.9710,1268.0002,530.6722,1264.1563,534.5161
43,1075.6090,549.1960,-132.8443,959.5695,1107.2335,517.5716,1075.6090,549.1960
44,1028.4295,481.2371,94.8377,906.2674,1044.4004,465.2662,1028.4295,481.2371
45,1042.8135,663.1459,-160.3647,955.4243,1101.4827,604.4767,1042.8135,663.1459
46,1054.6379,800.9284,-275.0472,1065.8380,1230.6743,624.8920,1054.6379,800.9284
47,1088.3261,608.3855,-165.9326,987.4542,1140.1081,556.6036,1088.3261,608.3855
48,1102.7974,662.1562,-60.9815,967.2357,1111.0810,653.8725,1102.7974,662.1562
49,1085.5900,659.4406,-101.7108,963.5978,1108.6211,636.4096,1085.5900,659.4406
50,1109.3126,645.4847,-2.9162,964.9902,1109.3309,645.4664,1109.3126,645.4847
51,1022.4660,813.6673,-180.1511,986.3606,1126.2820,709.8513,1022.4660,813.6673
52,1062.1791,810.4604,-179.3741,1010.3176,1155.4445,717.1951,1062.1791,810.4604
53,1087.7518,844.5403,-212.4859,1055.1080,1210.9689,721.3233,1087.7518,844.5403
54,1081.8084,885.8925,-215.2529,1065.7159,1220.3448,747.3561,1081.8084,885.8925
55,1099.8917,828.1626,-200.1179,1051.1267,1205.9080,722.1463,1099.8917,828.1626
56,1058.5459,779.0054,-228.2910,1029.1289,1186.4555,651.0958,1058.5459,779.0054
57,1080.1033,789.5069,-137.1449,996.8056,1134.6057,735.0045,1080.1033,789.5069
58,1119.3708,788.4683,-82.7243,1006.2877,1138.8991,768.9400,1119.3708,788.4683
59,1138.9012,748.0977,-88.3268,1013.9731,1157.9370,729.0619,1138.9012,748.0977
60,1153.2798,714.9207,-72.6234,1016.1126,1164.9981,703.2024,1153.2798,714.9207
61,1057.9110,734.9559,-52.4329,943.4329,1066.2104,726.6565,1057.9110,734.9559
62,1141.1528,702.8653,-95.6346,1010.7475,1161.1114,682.9066,1141.1528,702.8653
63,1117.9445,678.3133,-72.3764,983.5178,1129.5533,666.7045,1117.9445,678.3133
64,1165.9043,574.0416,-105.5455,1026.1572,1184.1627,555.7832,1165.9043,574.0416
65,1138.1252,829.9489,-155.0931,1054.3813,1202.6623,765.4118,1138.1252,829.9489
66,1079.0815,859.7179,-160.6800,1026.2945,1163.9458,774.8537,1079.0815,859.7179
67,1065.1872,857.6530,-219.0961,1049.1143,1203.8468,718.9934,1065.1872,857.6530
68,1056.3605,874.7546,-141.9268,1008.6955,1134.0461,797.0689,1056.3605,874.7546
69,1072.1607,852.6533,-108.4258,998.8160,1116.6861,808.1279,1072.1607,852.6533
70,1081.3898,869.4951,-90.5162,1004.8592,1114.7910,836.0939,1081.3898,869.4951
71,1099.2704,881.3617,-42.9827,1010.8816,1107.4423,873.1898,1099.2704,881.3617
72,1101.9753,941.5797,-138.4495,1058.6922,1181.7773,861.7776,1101.9753,941.5797
73,1108.9024,892.6104,-119.8399,1039.0789,1162.1787,839.3341,1108.9024,892.6104
74,1102.2041,884.1502,-60.2475,1016.3419,1117.7430,868.6114,1102.2041,884.1502
75,1058.9983,862.0753,-32.5439,977.1859,1064.2372,856.8364,1058.9983,862.0753
76,1122.9978,885.6804,-57.6237,1029.9991,1136.2496,872.4286,1122.9978,885.6804
77,1092.9339,909.1938,-38.6590,1015.8409,1100.7364,901.3913,1092.9339,909.1938
78,1110.8335,867.3597,-47.3831,1014.6463,1119.7298,858.4634,1110.8335,867.3597
79,1272.4520,824.2405,-110.0013,1134.0198,1297.9934,798.6992,1272.4520,824.2405
80,1128.0311,854.6799,-185.9819,1068.9220,1222.1573,760.5536,1128.0311,854.6799
81,1113.6734,886.3413,-179.0267,1065.3292,1212.0700,787.9447,1113.6734,886.3413
82,1132.4983,887.7289,-147.7599,1063.3732,1201.9756,818.2516,1132.4983,887.7289
83,1096.8202,888.5264,-109.4421,1026.5830,1143.7499,841.5967,1096.8202,888.5264
84,1081.2422,860.9414,-137.2241,1017.7966,1147.0564,795.1271,1081.2422,860.9414
85,1111.0866,892.8222,-108.8509,1036.9126,1156.0919,847.8169,1111.0866,892.8222
86,1085.0389,896.7317,-98.1939,1018.5159,1126.9256,854.8451,1085.0389,896.7317
87,1092.6869,938.0777,31.4166,1025.6170,1098.8270,931.9377,1092.6869,938.0777
88,1058.9437,867.7744,-86.9092,989.0043,1092.5474,834.1707,1058.9437,867.7744
89,1062.3094,881.3876,-103.0340,1000.4434,1108.9586,834.7384,1062.3094,881.3876
90,1134.3050,923.6783,41.0144,1047.4460,1142.0097,915.9736,1134.3050,923.6783
91,1126.6551,963.6909,23.4898,1055.4430,1129.9733,960.3726,1126.6551,963.6909
92,1071.5963,844.1441,-111.3145,996.7392,1117.0071,798.7333,1071.5963,844.1441
93,1097.7046,971.8091,7.4907,1040.5659,1098.1487,971.3650,1097.7046,971.8091
94,1128.3599,1001.0626,41.5029,1072.8146,1140.6958,988.7268,1128.3599,1001.0626
95,1122.7553,873.3541,-2.4763,1021.1671,1122.7798,873.3295,1122.7553,873.3541
96,1113.9188,960.5295,-2.4836,1045.7048,1113.9590,960.4893,1113.9188,960.5295
97,1218.2129,822.0753,-65.6289,1082.2704,1228.8027,811.4855,1218.2129,822.0753
98,1219.3974,859.8775,-76.6148,1093.3418,1235.0433,844.2315,1219.3974,859.8775
99,1189.1870,803.1986,11.9059,1050.9832,1189.5539,802.8317,1189.1870,803.1986
100,1141.5064,855.9080,-97.3870,1042.6138,1171.5535,825.8609,1141.5064,855.9080
101,1135.9648,826.5186,-94.4144,1030.2404,1162.4965,799.9868,1135.9648,826.5186
102,1111.5977,851.4938,-82.6247,1017.1790,1135.6247,827.4667,1111.5977,851.4938
103,1191.3960,907.1285,19.3318,1078.2757,1192.7046,905.8199,1191.3960,907.1285
104,1165.0489,888.9719,37.2054,1056.4407,1169.9749,884.0459,1165.0489,888.9719
105,1187.3674,858.1863,78.5073,1070.4358,1205.1321,840.4216,1187.3674,858.1863
106,1157.7411,919.8294,45.5832,1061.9603,1166.1756,911.3949,1157.7411,919.8294
107,1146.4650,892.9590,47.4917,1046.3164,1155.0700,884.3540,1146.4650,892.9590
108,1107.9236,920.2056,68.1049,1033.7651,1130.0292,898.0999,1107.9236,920.2056
109,1264.0521,762.9391,-77.0115,1110.5410,1275.6203,751.3710,1264.0521,762.9391
110,1310.7548,786.2168,-34.5216,1144.2258,1313.0170,783.9545,1310.7548,786.2168
111,1310.6439,870.8411,30.2126,1156.5152,1312.7096,868.7753,1310.6439,870.8411
112,1389.5290,857.6792,22.2346,1214.9557,1390.4569,856.7513,1389.5290,857.6792
113,1310.3406,834.7415,-4.0349,1148.9295,1310.3748,834.7073,1310.3406,834.7415
114,1215.3695,807.7281,34.5375,1073.0508,1218.2749,804.8226,1215.3695,807.7281
115,1327.0402,845.7721,31.2040,1164.8663,1329.0549,843.7574,1327.0402,845.7721
116,1207.8467,863.8599,31.2012,1079.1931,1210.6539,861.0527,1207.8467,863.8599
117,1268.7493,845.8882,16.2879,1119.2978,1269.3758,845.2618,1268.7493,845.8882
118,1184.6047,833.1808,72.3620,1061.2245,1198.9215,818.8639,1184.6047,833.1808
119,480.0081,1941.5640,-44.3804,1753.2886,1942.9104,478.6617,480.0081,1941.5640
120,1255.7176,812.3627,64.1816,1108.6116,1264.8218,803.2586,1255.7176,812.3627
121,1221.5632,770.6409,132.7322,1094.3358,1257.7326,734.4715,1221.5632,770.6409
122,554.2455,2279.4593,-222.4348,2094.7969,2307.6766,526.0281,554.2455,2279.4593
123,1243.5771,784.3810,128.8629,1111.8076,1277.2677,750.6904,1243.5771,784.3810
124,1500.0037,761.8850,-54.8589,1302.5659,1504.0587,757.8300,1500.0037,761.8850
125,1490.5224,820.7261,4.6946,1293.0599,1490.5553,820.6932,1490.5224,820.7261
126,1748.9004,958.7191,176.9849,1547.5987,1786.7304,920.8891,1748.9004,958.7191
127,1597.5929,800.3030,27.8667,1384.3985,1598.5657,799.3302,1597.5929,800.3030
128,634.6375,2084.3632,160.8354,1871.3962,2101.9922,617.0085,634.6375,2084.3632
129,545.5330,2012.2592,61.1135,1805.6146,2014.8012,542.9910,545.5330,2012.2592
130,585.4839,2086.0348,131.9971,1877.5683,2097.5576,573.9612,585.4839,2086.0348
131,1489.6071,810.8252,24.5387,1292.4250,1490.4930,809.9393,1489.6071,810.8252
132,521.1041,1919.5024,41.1206,1720.7124,1920.7105,519.8960,521.1041,1919.5024
133,531.0874,1943.9995,70.7906,1744.6455,1947.5374,527.5494,531.0874,1943.9995
134,467.7074,1914.0658,-9.2909,1728.4196,1914.1255,467.6477,467.7074,1914.0658
135,444.1451,1965.1980,67.3007,1788.8609,1968.1700,441.1731,444.1451,1965.1980
136,406.5138,1949.1155,69.3346,1785.0446,1952.2256,403.4038,406.5138,1949.1155
137,405.4600,1887.1213,26.6625,1721.2220,1887.6009,404.9804,405.4600,1887.1213
138,374.1892,1443.2379,-97.1819,1308.1445,1452.0004,365.4267,374.1892,1443.2379
139,1396.0274,843.7949,25.6106,1218.5603,1397.2126,842.6097,1396.0274,843.7949
140,1719.9465,898.2317,5.1582,1490.0354,1719.9789,898.1993,1719.9465,898.2317
141,595.5060,2265.9200,8.3194,2034.6645,2265.9615,595.4645,595.5060,2265.9200
142,1914.7758,1282.1848,-1.5476,1689.7559,1914.7796,1282.1810,1914.7758,1282.1848
143,1307.9335,838.2016,-11.4417,1147.7599,1308.2121,837.9231,1307.9335,838.2016
144,635.3504,2090.0261,-60.7118,1858.7733,2092.5556,632.8210,635.3504,2090.0261
145,549.6068,2002.3925,60.3717,1795.0067,2004.8970,547.1023,549.6068,2002.3925
146,1101.6117,840.7962,20.0728,997.7296,1103.1475,839.2604,1101.6117,840.7962
147,605.9205,1976.3599,27.2955,1754.3820,1976.9033,605.3771,605.9205,1976.3599
148,477.5285,2013.6379,49.9823,1824.4715,2015.2625,475.9038,477.5285,2013.6379
149,544.9578,1983.7023,37.7720,1776.3164,1984.6933,543.9669,544.9578,1983.7023
150,443.9948,2014.6323,55.3782,1835.9163,2016.5824,442.0447,443.9948,2014.6323
151,999.7261,471.5694,-166.1487,912.8011,1047.6458,423.6497,999.7261,471.5694
152,374.8823,1955.8679,75.4297,1802.7214,1959.4585,371.2917,374.8823,1955.8679
153,435.2938,2006.2100,57.4825,1830.5685,2008.3105,433.1932,435.2938,2006.2100
154,1082.3815,612.7479,153.1286,976.7947,1127.8989,567.2304,1082.3815,612.7479
155,1074.9607,735.2184,174.4175,998.5090,1148.5597,661.6195,1074.9607,735.2184
156,1069.8459,681.3811,104.7234,955.3945,1096.2789,654.9481,1069.8459,681.3811
157,1040.9366,663.7760,144.6378,946.5512,1090.0170,614.6955,1040.9366,663.7760
158,1094.5099,784.2425,159.9225,1015.5554,1162.1803,716.5721,1094.5099,784.2425
159,1086.6517,678.4313,53.8472,955.2806,1093.6351,671.4479,1086.6517,678.4313
160,1110.5007,659.7345,4.2538,967.4089,1110.5408,659.6943,1110.5007,659.7345
161,1067.6283,649.7736,58.6627,937.3597,1075.7077,641.6941,1067.6283,649.7736
162,1093.3439,647.5127,6.0036,952.2750,1093.4247,647.4319,1093.3439,647.5127
163,938.8807,305.3973,-57.1230,835.3574,943.9904,300.2876,938.8807,305.3973
164,1056.3880,789.7560,165.0754,993.5447,1135.2584,710.8856,1056.3880,789.7560
165,950.4456,666.9638,119.1411,869.9762,993.8670,623.5424,950.4456,666.9638
166,1096.2997,807.3556,131.4017,1010.1444,1147.1187,756.5366,1096.2997,807.3556
167,1121.7561,806.6236,73.9645,1010.2255,1138.2527,790.1270,1121.7561,806.6236
168,1076.1307,826.0303,115.3435,995.6802,1121.2030,780.9580,1076.1307,826.0303
169,1075.7511,680.0033,144.0657,974.8823,1122.6404,633.1140,1075.7511,680.0033
170,1141.3998,786.1338,88.1143,1023.1321,1162.0535,765.4801,1141.3998,786.1338
171,1069.7584,830.5331,81.0208,982.5434,1094.6157,805.6758,1069.7584,830.5331
172,1099.7543,810.5869,124.8503,1010.8546,1146.1995,764.1417,1099.7543,810.5869
173,1164.7694,708.9947,90.8370,1028.7371,1182.2063,691.5578,1164.7694,708.9947
174,1078.1310,781.6935,55.0903,969.4060,1088.0380,771.7866,1078.1310,781.6935
175,1172.6169,748.5996,81.8496,1038.1278,1187.8680,733.3484,1172.6169,748.5996
176,1084.8262,725.0985,250.6613,1050.9535,1213.4783,596.4464,1084.8262,725.0985
177,1101.0388,869.4104,76.0044,1014.0198,1123.7511,846.6981,1101.0388,869.4104
178,1125.8811,795.3439,178.9593,1049.1887,1204.2109,717.0142,1125.8811,795.3439
179,1047.2921,803.6396,176.5585,997.2616,1139.9758,710.9559,1047.2921,803.6396
180,1108.2924,816.4663,101.9701,1010.5639,1140.3920,784.3666,1108.2924,816.4663
181,1105.6341,823.0782,114.9855,1014.6557,1146.5131,782.1993,1105.6341,823.0782
182,1093.3828,847.1057,131.9805,1019.3722,1150.7490,789.7395,1093.3828,847.1057
183,1075.2001,756.3639,112.4325,976.1262,1110.8595,720.7045,1075.2001,756.3639
184,1090.3861,824.2490,67.0309,991.4928,1106.3155,808.3197,1090.3861,824.2490
185,1086.0234,827.3979,74.1887,990.9453,1105.7937,807.6276,1086.0234,827.3979
186,1072.6470,837.2931,98.5691,991.2916,1108.4749,801.4653,1072.6470,837.2931
187,1069.4715,846.6811,30.6830,978.7549,1073.6200,842.5326,1069.4715,846.6811
188,1059.3636,744.7326,66.1969,949.2531,1072.7238,731.3724,1059.3636,744.7326
189,1084.5302,890.5996,22.7477,1002.5187,1087.1628,887.9671,1084.5302,890.5996
190,1091.3626,843.7622,47.7861,994.4883,1100.2650,834.8597,1091.3626,843.7622
191,1126.8632,899.4182,38.8206,1034.2986,1133.3066,892.9747,1126.8632,899.4182
192,1076.4997,870.1885,-9.6053,989.7468,1076.9459,869.7423,1076.4997,870.1885
193,1199.5243,808.2239,135.1928,1085.0951,1241.6893,766.0588,1199.5243,808.2239
194,1226.1623,875.0349,49.2971,1097.0488,1232.9522,868.2451,1226.1623,875.0349
195,1182.1950,812.2323,164.8401,1085.6362,1244.9844,749.4429,1182.1950,812.2323
196,1104.9187,866.3772,98.0617,1021.2868,1140.0552,831.2407,1104.9187,866.3772
197,1073.7888,816.0110,45.3107,974.0801,1081.5213,808.2785,1073.7888,816.0110
198,1093.6056,830.7133,65.5435,995.2251,1109.0405,815.2784,1093.6056,830.7133
199,1089.7957,857.1873,39.7195,996.4932,1096.3910,850.5920,1089.7957,857.1873
200,1106.6162,982.7025,-23.3083,1050.9324,1110.8555,978.4632,1106.6162,982.7025
201,1144.1560,838.0019,-72.9574,1033.6844,1160.6530,821.5048,1144.1560,838.0019
202,1117.0928,910.6243,-41.9790,1032.0696,1125.3015,902.4155,1117.0928,910.6243
203,1110.1784,946.2970,-29.7062,1039.2608,1115.3970,941.0784,1110.1784,946.2970
204,1214.1581,816.3638,90.6828,1083.5613,1233.8552,796.6667,1214.1581,816.3638
205,1197.6799,858.1461,48.5003,1072.4385,1204.4720,851.3540,1197.6799,858.1461
206,1209.3381,842.1004,60.5492,1079.0025,1219.0638,832.3748,1209.3381,842.1004
207,1217.6360,844.6405,67.0276,1086.7697,1229.3152,832.9613,1217.6360,844.6405
208,1148.4244,863.0862,61.1198,1041.0639,1160.9652,850.5455,1148.4244,863.0862
209,1191.3667,842.0723,19.5464,1061.3057,1192.4571,840.9819,1191.3667,842.0723
210,1145.6436,906.4706,0.2518,1046.7550,1145.6438,906.4704,1145.6436,906.4706
211,1181.5154,887.5163,-4.2120,1065.4121,1181.5757,887.4559,1181.5154,887.5163
212,1152.6740,886.0571,-1.8147,1045.1935,1152.6863,886.0447,1152.6740,886.0571
213,1141.7045,916.9491,-47.2838,1050.7650,1151.2469,907.4067,1141.7045,916.9491
214,1199.8695,909.4114,-56.0809,1088.5661,1210.3213,898.9595,1199.8695,909.4114
215,1244.2198,817.1551,-53.8801,1099.0059,1250.9127,810.4622,1244.2198,817.1551
216,1130.7910,879.4415,-60.6783,1033.7730,1144.6727,865.5598,1130.7910,879.4415
217,1114.2720,850.6106,-97.6879,1022.7207,1146.5213,818.3613,1114.2720,850.6106
218,1239.1442,828.5299,-100.5752,1107.0764,1262.4555,805.2186,1239.1442,828.5299
219,1230.6098,812.1550,52.4228,1087.5637,1237.0772,805.6876,1230.6098,812.1550
220,1276.3421,803.9571,50.2308,1121.0893,1281.6243,798.6749,1276.3421,803.9571
221,1270.8299,863.4450,2.3014,1123.9529,1270.8429,863.4320,1270.8299,863.4450
222,1271.2432,835.4797,14.7318,1119.2135,1271.7407,834.9822,1271.2432,835.4797
223,1191.4154,857.4542,-17.3853,1064.9042,1192.3180,856.5516,1191.4154,857.4542
224,1242.4508,807.8133,-7.9569,1092.1392,1242.5964,807.6677,1242.4508,807.8133
225,1308.2075,718.9876,-94.5502,1146.5532,1323.0079,704.1872,1308.2075,718.9876
226,1275.2930,756.6387,-33.6492,1112.3556,1277.4669,754.4647,1275.2930,756.6387
227,1280.2688,725.8455,17.2665,1112.4554,1280.8060,725.3083,1280.2688,725.8455
228,1297.8110,868.8314,14.9769,1145.5459,1298.3333,868.3092,1297.8110,868.8314
229,1248.9110,714.3977,-47.1666,1088.3922,1253.0411,710.2676,1248.9110,714.3977
230,1279.6215,773.5642,-4.6876,1116.2568,1279.6649,773.5207,1279.6215,773.5642
231,1232.9450,778.7064,-130.1082,1103.2766,1267.5724,744.0790,1232.9450,778.7064
232,1215.1903,703.4931,-99.0999,1070.5954,1233.7124,684.9710,1215.1903,703.4931
233,1169.5008,578.5434,3.7417,1012.8571,1169.5245,578.5197,1169.5008,578.5434
234,1627.7791,634.9032,271.2385,1496.6615,1697.0451,565.6371,1627.7791,634.9032
235,1159.4607,669.4803,174.8987,1052.6564,1215.4850,613.4560,1159.4607,669.4803
236,1176.9455,663.9637,-103.1564,1037.5564,1196.9123,643.9970,1176.9455,663.9637
237,1114.8193,549.3786,-88.2220,977.5124,1128.2643,535.9336,1114.8193,549.3786
238,1147.3707,664.8811,-40.1154,1000.2445,1150.6832,661.5685,1147.3707,664.8811
239,1131.1309,905.9800,-89.0603,1048.4608,1162.0997,875.0112,1131.1309,905.9800
240,1102.2392,896.1846,60.6684,1020.4461,1118.7747,879.6490,1102.2392,896.1846
241,1167.6965,611.6111,93.6776,1024.5651,1183.0533,596.2544,1167.6965,611.6111
242,1108.6195,835.5008,-127.6047,1024.5464,1158.9597,785.1606,1108.6195,835.5008
243,1116.5810,969.1443,75.7602,1058.8128,1148.5697,937.1555,1116.5810,969.1443
244,386.9960,1941.6800,48.3425,1781.9865,1943.1818,385.4942,386.9960,1941.6800
245,414.9705,1579.7963,-318.9641,1522.3673,1661.4187,333.3481,414.9705,1579.7963
246,1097.1979,892.5266,28.8250,1011.7615,1101.1800,888.5444,1097.1979,892.5266
247,1124.6748,937.2477,-67.9769,1050.2811,1146.7330,915.1896,1124.6748,937.2477
248,1168.4430,924.7757,-56.3867,1072.1287,1180.8588,912.3600,1168.4430,924.7757
249,436.9784,1790.5968,71.0515,1621.6905,1794.3161,433.2591,436.9784,1790.5968
250,1090.0444,854.4492,-49.7517,997.1551,1100.1198,844.3738,1090.0444,854.4492
251,1073.9885,867.5415,-98.1121,1001.6127,1113.1767,828.3534,1073.9885,867.5415
252,1075.6749,884.2136,26.8010,994.9566,1079.3558,880.5327,1075.6749,884.2136
253,1087.5989,670.6006,-79.6964,960.3575,1102.3113,655.8882,1087.5989,670.6006
254,1123.8094,872.4132,70.6147,1028.8759,1142.2864,853.9363,1123.8094,872.4132
255,1181.7967,890.2641,-28.1976,1067.4679,1184.4990,887.5618,1181.7967,890.2641
256,1194.5374,884.4412,-26.2809,1074.5835,1196.7489,882.2297,1194.5374,884.4412
257,1076.7362,877.2840,84.9480,1003.0120,1108.0119,846.0083,1076.7362,877.2840
258,1066.7402,884.4722,-154.1969,1023.7449,1154.7209,796.4914,1066.7402,884.4722
259,1082.4392,659.1726,57.6114,950.0664,1090.1406,651.4712,1082.4392,659.1726
260,1042.0880,577.7369,-136.7253,934.7492,1079.3551,540.4699,1042.0880,577.7369
261,1126.5889,836.0696,23.6561,1013.8969,1128.5025,834.1559,1126.5889,836.0696
262,1176.5585,883.6851,-3.4713,1060.9044,1176.5997,883.6439,1176.5585,883.6851
263,1463.3652,863.9315,32.6456,1275.4471,1465.1379,862.1589,1463.3652,863.9315
264,1093.4337,850.1032,116.5736,1014.6474,1140.2672,803.2697,1093.4337,850.1032
265,1107.7579,556.4604,139.3635,989.2517,1140.9852,523.2331,1107.7579,556.4604
266,1205.8915,779.5787,-9.5331,1059.2934,1206.1046,779.3657,1205.8915,779.5787
267,1180.2169,853.1794,-139.2559,1082.6204,1231.4785,801.9178,1180.2169,853.1794
268,543.8721,2178.1399,47.0602,1965.2239,2179.4939,542.5181,543.8721,2178.1399
269,1095.1639,863.4024,-143.3078,1029.9961,1163.5804,794.9859,1095.1639,863.4024
270,1159.7477,835.2137,112.9601,1054.6276,1195.1940,799.7673,1159.7477,835.2137
271,1156.7092,854.7213,68.3020,1045.8758,1171.4389,839.9916,1156.7092,854.7213
272,1726.5840,700.4977,-67.9481,1508.6988,1731.0641,696.0176,1726.5840,700.4977
273,1520.2707,850.7344,9.3396,1319.8057,1520.4009,850.6042,1520.2707,850.7344
274,1282.7240,790.4398,50.4451,1124.2304,1287.8400,785.3238,1282.7240,790.4398
275,1328.0523,866.0332,19.3545,1168.2135,1328.8616,865.2239,1328.0523,866.0332
276,1145.9586,841.5516,-20.3680,1028.7329,1147.3154,840.1948,1145.9586,841.5516
277,1172.4895,721.0627,160.4610,1061.3519,1223.7134,669.8388,1172.4895,721.0627
278,524.4222,1985.9026,45.5059,1784.2614,1987.3182,523.0066,524.4222,1985.9026
279,1198.8268,793.9041,-42.6455,1058.8541,1203.2694,789.4615,1198.8268,793.9041
280,1222.3877,773.0520,-55.6617,1075.2518,1229.1801,766.2596,1222.3877,773.0520
281,1270.8498,818.2062,36.2297,1117.4261,1273.7313,815.3247,1270.8498,818.2062
282,1058.1605,645.7297,180.1600,975.0681,1125.7743,578.1159,1058.1605,645.7297
283,397.6127,1605.1969,243.3609,1508.0384,1652.3959,350.4137,397.6127,1605.1969
284,1165.8125,794.6707,15.8902,1031.9596,1166.4915,793.9916,1165.8125,794.6707
285,1259.3375,797.4498,-138.8320,1129.3457,1297.8550,758.9324,1259.3375,797.4498
286,1216.4920,586.9441,28.5427,1054.8874,1217.7834,585.6526,1216.4920,586.9441
287,1430.4522,379.6473,38.1857,1285.1586,1431.8380,378.2615,1430.4522,379.6473
288,1173.5611,590.0333,115.6171,1035.8797,1195.6339,567.9604,1173.5611,590.0333
289,1435.7734,327.8942,-37.2049,1304.7339,1437.0214,326.6462,1435.7734,327.8942
290,1169.8372,598.0617,-132.3385,1038.7986,1198.9817,568.9172,1169.8372,598.0617
291,1081.5507,890.2175,19.1784,1000.2635,1083.4541,888.3140,1081.5507,890.2175
292,1083.5777,823.4297,-209.2896,1044.6691,1199.9208,707.0866,1083.5777,823.4297
293,1090.0662,1022.0640,-82.7866,1067.3812,1145.5620,966.5682,1090.0662,1022.0640
294,1029.6503,871.2629,5.7234,960.3546,1029.8568,871.0563,1029.6503,871.2629
295,1141.5843,873.8355,-61.2819,1039.4771,1154.9438,860.4760,1141.5843,873.8355
296,1127.8426,793.4110,92.6294,1016.0846,1151.7847,769.4690,1127.8426,793.4110
297,1141.7820,799.8568,142.6944,1044.6339,1193.5073,748.1315,1141.7820,799.8568
298,1251.4859,846.5658,-74.6848,1113.6242,1264.8218,833.2299,1251.4859,846.5658
299,1163.5430,875.3013,-169.8871,1090.0087,1242.2056,796.6387,1163.5430,875.3013
300,1136.1560,909.2214,67.4795,1047.9395,1154.7051,890.6723,1136.1560,909.2214
301,1119.6297,909.1945,54.6290,1034.9865,1132.9661,895.8580,1119.6297,909.1945
302,1208.6426,766.2528,129.5670,1082.6806,1243.7967,731.0987,1208.6426,766.2528
303,1170.1668,886.0803,107.7882,1073.5091,1206.4339,849.8132,1170.1668,886.0803
304,398.1726,1961.0590,62.3491,1798.6429,1963.5424,395.6892,398.1726,1961.0590
305,378.1890,1940.3605,59.9895,1784.6566,1942.6608,375.8887,378.1890,1940.3605
306,1035.0969,597.7103,96.0216,915.2353,1055.2486,577.5586,1035.0969,597.7103
307,1323.7543,753.2132,9.4121,1150.1531,1323.9095,753.0580,1323.7543,753.2132
308,435.7489,1380.0132,261.9400,1303.3848,1447.8082,367.9539,435.7489,1380.0132
309,1242.1348,624.1323,135.8577,1101.1610,1270.6822,595.5849,1242.1348,624.1323
310,1026.6727,572.2578,88.9561,904.2975,1043.4661,555.4644,1026.6727,572.2578
311,1121.9493,790.5487,-94.0088,1011.5804,1146.7595,765.7385,1121.9493,790.5487
312,1264.5296,854.2263,59.4450,1122.1160,1272.9685,845.7874,1264.5296,854.2263
313,1124.9939,919.6256,-52.8749,1041.6989,1137.8077,906.8117,1124.9939,919.6256
314,1093.8012,913.3606,-33.8806,1017.3679,1099.9531,907.2087,1093.8012,913.3606
315,1104.0255,774.6174,38.3108,983.9259,1108.4224,770.2205,1104.0255,774.6174
316,1074.7543,751.8155,103.0669,971.6866,1104.8447,721.7251,1074.7543,751.8155
317,591.2391,1934.5251,85.7073,1723.4331,1939.9715,585.7927,591.2391,1934.5251
318,1092.5650,871.7389,50.9905,1004.4878,1103.7705,860.5334,1092.5650,871.7389
319,1067.0281,867.6271,47.1542,986.0090,1077.6168,857.0384,1067.0281,867.6271
320,1086.7879,620.4090,-68.9146,951.8456,1096.7580,610.4390,1086.7879,620.4090
321,1130.3799,940.2271,14.3637,1048.6138,1131.4587,939.1482,1130.3799,940.2271
322,1089.1042,868.9823,-79.8534,1006.9735,1115.0211,843.0654,1089.1042,868.9823
323,1647.8251,748.7125,172.1229,1459.8046,1679.6492,716.8884,1647.8251,748.7125
324,591.3569,2023.3811,-23.9988,1802.4876,2023.7831,590.9548,591.3569,2023.3811
325,476.0917,1966.2805,43.3430,1778.3218,1967.5401,474.8321,476.0917,1966.2805
326,1080.6366,579.1979,162.3434,977.9619,1128.6070,531.2275,1080.6366,579.1979
327,1194.7104,885.4057,33.9578,1075.6078,1198.3946,881.7214,1194.7104,885.4057
328,1300.6128,496.8727,195.1056,1185.9324,1345.4706,452.0149,1300.6128,496.8727
329,1299.1398,471.1558,45.8762,1141.9145,1301.6740,468.6217,1299.1398,471.1558
330,1108.7956,641.5331,-67.9086,971.3383,1118.4649,631.8639,1108.7956,641.5331
331,1096.5221,778.8819,-66.3385,983.9506,1109.8200,765.5839,1096.5221,778.8819
332,1055.1754,890.6326,-126.4380,1007.3766,1123.7521,822.0559,1055.1754,890.6326
333,1085.5012,632.2706,-182.6505,995.9077,1149.9456,567.8262,1085.5012,632.2706
334,1095.1499,886.8912,-181.2162,1055.0680,1200.0235,782.0175,1095.1499,886.8912
335,1081.9437,817.8073,-157.3563,1014.3335,1155.3092,744.4418,1081.9437,817.8073
336,1071.3228,795.7420,100.4411,979.1356,1104.0452,763.0196,1071.3228,795.7420
337,1101.1785,876.5618,-137.6300,1035.6301,1166.5080,811.2323,1101.1785,876.5618
338,1135.3955,861.0887,-111.6665,1044.1880,1175.1049,821.3793,1135.3955,861.0887
339,1078.8543,676.7656,-136.4879,973.4956,1120.8074,634.8125,1078.8543,676.7656
340,1073.3514,902.3957,-116.5764,1019.1093,1132.4299,843.3173,1073.3514,902.3957
341,1102.1091,879.7906,-43.0628,1012.2322,1110.1589,871.7409,1102.1091,879.7906
342,1193.7402,823.0355,-175.2600,1100.9363,1263.4791,753.2965,1193.7402,823.0355
343,1133.7534,835.7009,-119.9441,1038.9773,1176.0264,793.4279,1133.7534,835.7009
344,1086.6329,726.0587,179.4734,1007.7723,1160.7355,651.9561,1086.6329,726.0587
345,1190.3758,898.4805,-13.1468,1074.8259,1190.9667,897.8896,1190.3758,898.4805
346,614.0311,2227.3240,106.7796,2001.1411,2234.3608,606.9943,614.0311,2227.3240
347,453.2351,1921.5285,-5.7037,1739.7952,1921.5507,453.2130,453.2351,1921.5285
348,1445.5587,618.6195,-126.3163,1275.1261,1464.4233,599.7548,1445.5587,618.6195
349,1275.5852,823.3374,16.4109,1120.5235,1276.1799,822.7427,1275.5852,823.3374
350,1206.9993,861.3736,82.3280,1086.0333,1225.6080,842.7650,1206.9993,861.3736
351,1226.2200,829.0174,1.4970,1083.6671,1226.2256,829.0117,1226.2200,829.0174
352,1223.0773,852.9700,-12.4161,1086.5957,1223.4934,852.5540,1223.0773,852.9700
353,1224.0869,864.1447,-16.9740,1090.0509,1224.8856,863.3460,1224.0869,864.1447
354,1059.4309,622.4853,126.1695,947.7119,1093.2459,588.6703,1059.4309,622.4853
355,1694.8255,859.4624,-5.1682,1467.8387,1694.8575,859.4304,1694.8255,859.4624
356,1529.3381,830.0351,6.5512,1326.1062,1529.3995,829.9738,1529.3381,830.0351
357,1366.6016,857.7683,-46.7376,1199.0380,1370.8589,853.5110,1366.6016,857.7683
358,1234.1414,633.6517,112.4322,1086.5204,1254.5022,613.2909,1234.1414,633.6517
359,1171.7203,689.9101,9.6736,1020.1978,1171.9144,689.7159,1171.7203,689.9101
360,1056.7937,785.0478,188.1037,1004.8027,1152.9649,688.8767,1056.7937,785.0478
361,1216.6600,769.6515,-48.0612,1069.1821,1221.7690,764.5425,1216.6600,769.6515
362,1255.9161,818.7034,82.3884,1113.4367,1270.9261,803.6934,1255.9161,818.7034
363,1070.7874,779.2633,151.0854,993.9276,1134.9619,715.0888,1070.7874,779.2633
364,1722.6962,830.6880,14.2914,1492.4189,1722.9251,830.4591,1722.6962,830.6880
365,1504.5495,815.4832,33.4776,1305.7984,1506.1721,813.8606,1504.5495,815.4832
366,1255.5757,796.4515,26.8990,1101.3496,1257.1463,794.8810,1255.5757,796.4515
367,1569.6894,375.0603,-178.2048,1452.9755,1595.7059,349.0438,1569.6894,375.0603
368,378.7217,1519.4471,-237.8258,1430.5192,1567.0445,331.1243,378.7217,1519.4471
369,865.1934,658.5194,175.2925,839.4302,965.3410,558.3718,865.1934,658.5194
370,1177.3952,861.6836,130.1053,1079.3508,1224.1020,814.9768,1177.3952,861.6836
371,1154.2835,1139.7602,162.1975,1180.9917,1309.3818,984.6619,1154.2835,1139.7602
372,1184.3019,883.1182,135.9996,1091.8232,1236.6233,830.7968,1184.3019,883.1182
373,987.2749,962.0159,16.2056,975.2948,995.1911,954.0997,987.2749,962.0159
374,1169.8357,545.5832,83.3851,1024.1060,1180.7820,534.6369,1169.8357,545.5832
375,1149.1232,898.9703,59.7319,1051.8117,1162.6542,885.4393,1149.1232,898.9703
376,375.4498,2003.1157,49.4272,1846.2651,2004.6153,373.9502,375.4498,2003.1157
377,1273.2697,526.0909,241.9390,1184.7933,1344.7685,454.5921,1273.2697,526.0909
378,1330.0451,813.9456,-85.9087,1170.9329,1343.9695,800.0212,1330.0451,813.9456
379,544.5811,1658.1210,504.5131,1704.8615,1852.7006,350.0014,544.5811,1658.1210
380,1075.1436,911.5851,-67.9741,1010.2959,1099.7049,887.0238,1075.1436,911.5851
381,1612.8122,1305.5774,-561.2654,1773.4433,2041.1030,877.2866,1612.8122,1305.5774
382,1140.8793,856.1512,-111.2123,1046.3938,1179.1688,817.8618,1140.8793,856.1512
383,1128.0514,807.6825,-188.3469,1058.3796,1215.1191,720.6148,1128.0514,807.6825
384,1115.9949,856.2138,-12.9366,1011.6909,1116.6375,855.5712,1115.9949,856.2138
385,1313.4157,648.7624,133.1960,1160.6387,1339.1145,623.0637,1313.4157,648.7624
386,961.8173,515.2316,106.6636,853.8904,985.9852,491.0637,961.8173,515.2316
387,1118.5993,799.7988,-45.8943,1001.3027,1125.0747,793.3235,1118.5993,799.7988
388,1088.3261,898.4509,46.4353,1010.1133,1099.0738,887.7032,1088.3261,898.4509
389,1082.0218,817.2973,37.4637,979.0930,1087.2215,812.0975,1082.0218,817.2973
390,477.7379,1532.1635,262.5932,1432.0096,1593.9401,415.9613,477.7379,1532.1635
391,512.0750,1654.8246,229.0909,1520.1049,1699.0404,467.8592,512.0750,1654.8246
392,1109.6356,977.0624,14.7000,1049.9558,1111.2460,975.4520,1109.6356,977.0624
393,1094.5551,771.1190,88.1048,985.8654,1116.9978,748.6762,1094.5551,771.1190
394,1104.8623,899.6081,36.2848,1019.8147,1111.0879,893.3825,1104.8623,899.6081
395,1081.1668,893.8221,-12.9030,1000.9837,1082.0513,892.9376,1081.1668,893.8221
396,1260.4577,506.5201,92.2386,1110.1320,1271.5784,495.3994,1260.4577,506.5201
397,1310.3635,653.6513,104.5217,1149.1589,1326.5978,637.4171,1310.3635,653.6513
398,1277.1306,739.5372,30.3688,1111.8719,1278.8407,737.8271,1277.1306,739.5372
399,1118.9583,792.9486,-84.0082,1007.3385,1139.3328,772.5741,1118.9583,792.9486
400,1077.5103,806.4207,-154.2481,1006.8732,1147.3064,736.6246,1077.5103,806.4207
401,1175.4132,911.6228,-46.9614,1071.3239,1183.5241,903.5119,1175.4132,911.6228
402,1149.8765,943.5156,-75.4469,1069.8542,1174.5180,918.8741,1149.8765,943.5156
403,1119.1736,888.4565,-64.0436,1029.5009,1135.7588,871.8713,1119.1736,888.4565
404,1187.9039,803.7230,-21.9581,1050.6128,1189.1549,802.4720,1187.9039,803.7230
405,1177.2026,883.2777,-101.9460,1075.8102,1209.1003,851.3800,1177.2026,883.2777
406,1247.4590,617.8907,-19.5337,1080.8766,1248.0645,617.2852,1247.4590,617.8907
407,1124.9216,697.7673,81.4390,993.6253,1139.9217,682.7673,1124.9216,697.7673
408,1162.8284,632.0747,59.5153,1013.5680,1169.4202,625.4829,1162.8284,632.0747
409,1121.0024,889.8972,-129.3018,1049.3538,1178.8608,832.0388,1121.0024,889.8972
410,1270.8968,748.3405,40.6760,1108.6443,1274.0441,745.1932,1270.8968,748.3405
411,1036.9763,496.5392,-67.1681,905.8180,1045.1992,488.3163,1036.9763,496.5392
412,1091.7162,765.3838,75.2476,979.3168,1108.2315,748.8686,1091.7162,765.3838
413,1430.8668,748.8794,-51.4627,1242.8188,1434.7283,745.0179,1430.8668,748.8794
414,578.1305,1926.9550,70.3896,1717.0391,1930.6184,574.4671,578.1305,1926.9550
415,1181.9275,531.5827,48.6060,1028.7508,1185.5402,527.9700,1181.9275,531.5827
416,1145.4121,582.6458,-144.7572,1023.2005,1180.4639,547.5940,1145.4121,582.6458
417,1064.9680,510.5240,-86.2828,934.5769,1078.0850,497.4070,1064.9680,510.5240
418,1282.1060,353.5861,13.5020,1147.1839,1282.3023,353.3898,1282.1060,353.5861
419,1184.0325,910.5704,36.5210,1075.6058,1188.8259,905.7770,1184.0325,910.5704
420,1125.0194,898.5419,68.5526,1037.4331,1144.1531,879.4082,1125.0194,898.5419
421,1197.9902,847.8301,61.6339,1072.2409,1208.5220,837.2984,1197.9902,847.8301
422,1183.6146,888.4851,40.3093,1069.3923,1189.0210,883.0786,1183.6146,888.4851
423,419.8152,1979.7330,46.6175,1808.5866,1981.1250,418.4233,419.8152,1979.7330
424,1075.6837,835.2099,67.8290,984.9120,1093.4964,817.3972,1075.6837,835.2099
425,522.6985,2008.4184,45.5811,1806.4866,2009.8155,521.3014,522.6985,2008.4184
426,1164.3426,878.5344,58.1200,1055.8102,1175.7094,867.1676,1164.3426,878.5344
427,1142.3213,852.0552,-39.2135,1030.6252,1147.5255,846.8509,1142.3213,852.0552
428,1102.2263,701.9398,-62.5479,972.4518,1111.7723,692.3939,1102.2263,701.9398
429,1099.9395,884.4648,-228.0493,1084.1156,1244.4199,739.9844,1099.9395,884.4648
430,1142.1188,642.4047,-45.4046,994.7871,1146.2108,638.3127,1142.1188,642.4047
431,1060.4359,679.5529,177.9257,980.1361,1130.6196,609.3692,1060.4359,679.5529
432,1086.3938,856.7147,-129.6966,1016.8312,1144.7863,798.3222,1086.3938,856.7147
433,1219.6176,809.2193,53.5044,1078.8665,1226.4783,802.3586,1219.6176,809.2193
434,1093.2170,879.3189,-49.8715,1007.2241,1104.2733,868.2626,1093.2170,879.3189
435,1274.5258,857.9798,8.6145,1125.7223,1274.7039,857.8017,1274.5258,857.9798
436,1255.1400,814.1271,-27.2045,1103.8823,1256.8118,812.4553,1255.1400,814.1271
437,1218.5072,834.3511,54.2361,1083.0805,1226.0175,826.8408,1218.5072,834.3511
438,1075.7519,669.4752,79.2702,950.8424,1090.6707,654.5563,1075.7519,669.4752
439,1104.5157,805.2906,159.0967,1027.0964,1173.2966,736.5097,1104.5157,805.2906
440,1085.5529,884.2726,-201.9898,1059.6405,1210.5858,759.2397,1085.5529,884.2726
441,1510.6103,748.2643,58.6980,1312.1903,1515.1033,743.7712,1510.6103,748.2643
442,1153.9757,841.9999,58.2381,1038.8221,1164.4927,831.4829,1153.9757,841.9999
443,1097.7683,815.8317,136.0193,1015.1779,1152.6911,760.9089,1097.7683,815.8317
444,1190.9177,852.8550,51.2454,1066.6980,1198.5150,845.2577,1190.9177,852.8550
445,1195.2252,680.5029,74.4915,1046.3939,1205.7889,669.9392,1195.2252,680.5029
446,1332.6604,862.3189,12.7904,1170.8502,1333.0079,861.9713,1332.6604,862.3189
447,1275.9553,820.4785,14.6057,1120.2647,1276.4232,820.0106,1275.9553,820.4785
448,1275.2286,775.1709,11.6259,1113.0963,1275.4988,774.9008,1275.2286,775.1709
449,1079.6591,893.4850,-119.4989,1020.8624,1138.0487,835.0954,1079.6591,893.4850
450,594.0846,2335.6975,102.8128,2110.1016,2341.7458,588.0363,594.0846,2335.6975
451,1732.4238,829.8146,67.2796,1505.2819,1737.4112,824.8272,1732.4238,829.8146
452,1873.4109,914.3500,16.0422,1622.8133,1873.6792,914.0818,1873.4109,914.3500
453,1275.3911,771.2574,-25.3836,1113.4355,1276.6659,769.9826,1275.3911,771.2574
454,1190.4558,892.3384,32.9494,1074.4396,1194.0541,888.7401,1190.4558,892.3384
455,473.1423,2097.0270,75.8140,1909.5646,2100.5589,469.6105,473.1423,2097.0270
456,1077.3358,798.5605,-194.4547,1025.4128,1177.2002,698.6960,1077.3358,798.5605
457,1104.1765,721.6127,-113.5999,990.8873,1135.3664,690.4227,1104.1765,721.6127
458,1085.6152,835.3786,91.2578,997.2473,1115.3600,805.6339,1085.6152,835.3786
459,1096.5049,851.8149,118.5162,1017.8559,1144.4960,803.8238,1096.5049,851.8149
460,1225.3996,818.6839,20.6103,1081.6224,1226.4414,817.6422,1225.3996,818.6839
461,1184.9956,856.5511,-79.4172,1068.5534,1203.1905,838.3562,1184.9956,856.5511
462,1219.5278,875.6724,-98.4774,1102.3778,1245.7338,849.4665,1219.5278,875.6724
463,1077.0544,934.9059,-22.0357,1014.2028,1080.3920,931.5683,1077.0544,934.9059
464,1118.0932,967.1573,-23.8796,1051.6008,1121.7811,963.4694,1118.0932,967.1573
465,1065.3870,820.2403,-205.0279,1029.6016,1181.6874,703.9400,1065.3870,820.2403
466,1067.3012,809.4480,-183.1594,1015.4089,1162.3600,714.3892,1067.3012,809.4480
467,1136.2444,811.4384,136.4059,1040.8222,1185.9293,761.7535,1136.2444,811.4384
468,1254.8621,812.2094,150.6967,1132.8198,1301.2946,765.7769,1254.8621,812.2094
469,1286.4283,814.8704,-155.4137,1158.9216,1333.0411,768.2575,1286.4283,814.8704
470,352.4208,1949.3379,37.7224,1800.3889,1950.2285,351.5303,352.4208,1949.3379
471,1328.1758,843.0863,40.7338,1166.2145,1331.5725,839.6896,1328.1758,843.0863
472,1041.3792,742.3353,164.2829,971.3117,1113.9962,669.7183,1041.3792,742.3353
473,1193.4851,921.3232,71.0524,1090.3224,1210.9179,903.8904,1193.4851,921.3232
474,1157.8722,898.6832,54.6097,1056.7336,1168.9083,887.6471,1157.8722,898.6832
475,1287.7418,606.9121,8.7904,1115.9332,1287.8553,606.7986,1287.7418,606.9121
476,425.2761,1499.6959,392.2793,1501.2700,1627.6758,297.2962,425.2761,1499.6959
477,1801.9646,699.3398,53.7693,1576.2742,1804.5804,696.7240,1801.9646,699.3398
478,933.1114,428.2081,-308.5835,969.6208,1079.3521,281.9674,933.1114,428.2081
479,364.3186,2042.1791,69.9956,1890.4809,2045.0941,361.4036,364.3186,2042.1791
480,383.7041,2001.9758,58.2680,1843.1373,2004.0711,381.6088,383.7041,2001.9758
481,1162.7030,566.6744,-33.6662,1008.7241,1164.5986,564.7788,1162.7030,566.6744
482,1061.9075,1011.4004,-7.8820,1037.6661,1063.1089,1010.1989,1061.9075,1011.4004
483,796.8526,521.0044,85.5427,716.3858,821.2264,496.6306,796.8526,521.0044
484,1436.7923,416.6382,37.7529,1282.0346,1438.1875,415.2430,1436.7923,416.6382
485,1153.2528,772.2439,99.1911,1032.1225,1177.5292,747.9675,1153.2528,772.2439
486,1068.1102,1066.2122,-143.8876,1095.8771,1211.0519,923.2705,1068.1102,1066.2122
487,1045.1847,1039.4237,-50.3539,1045.9587,1092.7405,991.8680,1045.1847,1039.4237
488,1060.5619,863.3064,-90.1467,989.3831,1095.5525,828.3158,1060.5619,863.3064
489,1122.1217,890.0985,25.2340,1026.9099,1124.8344,887.3858,1122.1217,890.0985
490,338.4994,2003.1175,47.7454,1858.9907,2004.4858,337.1310,338.4994,2003.1175
491,1120.1395,978.6958,18.7653,1057.0423,1122.5867,976.2486,1120.1395,978.6958
492,1037.4157,984.6176,-310.4066,1145.9940,1322.5438,699.4895,1037.4157,984.6176
493,1270.0757,639.3348,-400.1959,1300.1184,1464.2298,445.1807,1270.0757,639.3348
494,1157.6544,685.8770,252.6311,1099.1132,1267.4042,576.1272,1157.6544,685.8770
495,395.2114,1341.0256,-203.9838,1244.7415,1383.1433,353.0938,395.2114,1341.0256
496,415.5824,1939.5597,65.7032,1772.4290,1942.3872,412.7550,415.5824,1939.5597
497,425.3984,1953.7086,36.8023,1780.7020,1954.5943,424.5127,425.3984,1953.7086
498,1765.6043,810.2557,-33.7092,1531.8912,1766.7922,809.0678,1765.6043,810.2557
499,368.6065,1947.3827,49.1067,1793.7632,1948.9086,367.0805,368.6065,1947.3827
500,959.6943,232.1463,9.9540,867.4173,959.8305,232.0101,959.6943,232.1463
501,1097.1252,890.5723,-0.8494,1009.8195,1097.1287,890.5688,1097.1252,890.5723
502,1062.1643,909.5029,9.6883,994.8008,1062.7767,908.8905,1062.1643,909.5029
503,1185.3312,935.2205,56.1508,1086.5358,1197.3589,923.1928,1185.3312,935.2205
504,1109.1048,856.5653,44.3629,1009.8025,1116.6712,848.9989,1109.1048,856.5653
505,1101.3036,876.6733,-37.7901,1010.0626,1107.4907,870.4862,1101.3036,876.6733
506,1153.4609,781.1563,88.6593,1031.1282,1173.4958,761.1214,1153.4609,781.1563
507,1143.7700,634.3109,93.2426,1005.5530,1160.2992,617.7817,1143.7700,634.3109
508,1269.0289,800.4437,-94.4984,1123.4537,1287.3684,782.1042,1269.0289,800.4437
509,1388.0209,849.5394,191.6790,1256.7272,1449.2819,788.2784,1388.0209,849.5394
510,1276.5039,802.3001,10.5982,1117.7412,1276.7407,802.0633,1276.5039,802.3001
511,1069.8263,848.1927,64.6805,984.4242,1087.3214,830.6976,1069.8263,848.1927
512,1090.0352,788.2406,-66.1146,981.5311,1103.8835,774.3922,1090.0352,788.2406
513,1108.8682,885.0206,-47.8938,1018.9997,1118.6849,875.2039,1108.8682,885.0206
514,1062.3876,1047.7895,54.6513,1059.4017,1110.2251,999.9520,1062.3876,1047.7895
515,1096.2278,991.3079,55.1234,1052.0567,1119.8641,967.6716,1096.2278,991.3079
516,1203.8167,697.9281,-79.8505,1056.0441,1216.1212,685.6236,1203.8167,697.9281
517,1091.5004,702.4845,-65.8262,964.9325,1102.3372,691.6478,1091.5004,702.4845
518,1061.5933,860.9254,-165.5475,1018.0561,1154.8385,767.6803,1061.5933,860.9254
519,1039.0100,835.2276,-127.7256,978.9170,1100.5068,773.7307,1039.0100,835.2276
520,1072.4228,789.3851,166.2651,1004.7871,1149.2424,712.5656,1072.4228,789.3851
521,1080.9245,994.8725,-36.7905,1042.5199,1094.5093,981.2878,1080.9245,994.8725
522,514.4308,2270.8661,-2.0194,2062.3483,2270.8684,514.4285,514.4308,2270.8661
523,499.0388,1835.5870,66.3303,1647.9045,1838.8707,495.7550,499.0388,1835.5870
524,528.4905,2045.6667,73.1141,1843.6312,2049.1820,524.9752,528.4905,2045.6667
525,561.4176,1924.5661,107.9291,1724.4145,1933.0586,552.9251,561.4176,1924.5661
526,1138.3710,910.5846,-42.2829,1045.8649,1145.9666,902.9891,1138.3710,910.5846
527,1068.4305,838.7106,-102.2273,990.0639,1107.3341,799.8070,1068.4305,838.7106
528,1089.5413,854.8815,-124.2926,1016.2873,1143.1352,801.2876,1089.5413,854.8815
529,1082.5006,885.4735,-60.3295,1004.1236,1099.5058,868.4684,1082.5006,885.4735
530,1349.5860,874.4414,8.0561,1185.7871,1349.7225,874.3048,1349.5860,874.4414
531,1286.6231,740.2917,15.7277,1118.7925,1287.0755,739.8393,1286.6231,740.2917
532,1151.1741,821.1290,-81.2537,1036.3391,1170.0934,802.2097,1151.1741,821.1290
533,1136.6152,841.9519,-102.2830,1036.9124,1168.6392,809.9279,1136.6152,841.9519
534,1185.2165,871.9481,-14.9727,1064.0756,1185.9305,871.2341,1185.2165,871.9481
535,1201.9765,786.8819,-60.6511,1062.6160,1210.6569,778.2015,1201.9765,786.8819
536,1209.0680,851.6687,6.8812,1075.9190,1209.2004,851.5362,1209.0680,851.6687
537,1217.1027,818.5517,30.6413,1076.0674,1219.4447,816.2097,1217.1027,818.5517
538,919.2298,548.1944,-235.6823,899.0119,1033.6504,433.7738,919.2298,548.1944
539,513.0196,1539.9647,343.1677,1482.5453,1644.0827,408.9016,513.0196,1539.9647
540,1260.9707,747.8749,71.1809,1105.2221,1270.6624,738.1831,1260.9707,747.8749
541,1255.4482,648.5062,6.2678,1087.5029,1255.5130,648.4414,1255.4482,648.5062
542,1164.5707,941.3355,-97.1281,1083.6915,1200.9138,904.9925,1164.5707,941.3355
543,1082.4376,883.4892,75.7350,1006.5335,1107.9870,857.9398,1082.4376,883.4892
544,1079.2475,853.8771,97.8267,1000.5232,1115.7870,817.3376,1079.2475,853.8771
545,1085.7292,852.1013,186.4829,1041.1825,1188.9638,748.8667,1085.7292,852.1013
546,1098.9693,830.9069,139.7935,1021.5798,1158.6042,771.2719,1098.9693,830.9069
547,1090.5225,887.2664,-0.9815,1004.4401,1090.5272,887.2616,1090.5225,887.2664
548,1135.2417,754.2750,43.1981,1003.5030,1140.0785,749.4382,1135.2417,754.2750
549,1269.4162,786.6380,16.7379,1110.1740,1269.9958,786.0584,1269.4162,786.6380
550,1102.0815,895.5114,-206.6869,1075.9908,1229.8533,767.7396,1102.0815,895.5114
551,1515.0939,893.9453,23.5021,1319.8082,1515.9818,893.0573,1515.0939,893.9453
552,1182.5390,864.4208,72.2548,1067.2735,1198.1813,848.7785,1182.5390,864.4208
553,1171.6401,851.0411,63.4061,1054.4945,1183.7247,838.9565,1171.6401,851.0411
554,1179.8692,872.1164,0.9008,1060.0460,1179.8719,872.1138,1179.8692,872.1164
555,1199.1602,873.7492,-22.3948,1074.7847,1200.6942,872.2152,1199.1602,873.7492
556,1630.4465,728.7758,-45.3121,1416.8273,1632.7179,726.5045,1630.4465,728.7758
557,1370.4057,754.3880,-55.8618,1192.7519,1375.4304,749.3633,1370.4057,754.3880
558,1112.2591,669.0475,81.6492,980.0972,1126.8222,654.4844,1112.2591,669.0475
559,1082.3367,694.5964,96.4907,964.3968,1105.0216,671.9115,1082.3367,694.5964
560,1060.2381,832.2241,101.5095,982.4758,1098.8803,793.5819,1060.2381,832.2241
561,1093.9011,826.8050,134.6817,1014.9881,1150.0219,770.6842,1093.9011,826.8050
562,1074.2485,807.5075,149.8536,1002.9869,1141.4866,740.2694,1074.2485,807.5075
563,1244.7940,660.5244,-90.9898,1090.1492,1258.6361,646.6822,1244.7940,660.5244
564,1516.3218,770.8093,62.2632,1317.6547,1521.4861,765.6450,1516.3218,770.8093
565,1067.1937,631.5590,-131.0829,956.7244,1103.5950,595.1577,1067.1937,631.5590
566,1138.7675,855.6922,49.6449,1030.5144,1147.2216,847.2381,1138.7675,855.6922
567,1158.1292,864.8949,-15.1062,1043.2310,1158.9053,864.1187,1158.1292,864.8949
568,1167.8146,800.7844,-47.5166,1037.6186,1173.8664,794.7326,1167.8146,800.7844
569,1479.1895,789.8730,-11.8549,1282.1664,1479.3933,789.6692,1479.1895,789.8730
570,1193.6125,591.5610,17.4031,1034.1515,1194.1151,591.0584,1193.6125,591.5610
571,1117.0013,876.0507,60.6178,1023.5383,1131.3919,861.6601,1117.0013,876.0507
572,1718.7195,1063.5166,-2.3310,1502.3961,1718.7278,1063.5083,1718.7195,1063.5166
573,578.0859,2078.5654,4.8301,1858.2514,2078.5810,578.0704,578.0859,2078.5654
574,1042.8177,1246.5683,-143.4588,1184.5670,1320.6447,968.7413,1042.8177,1246.5683
575,1084.9624,676.2546,-141.6791,980.2916,1129.2719,631.9451,1084.9624,676.2546
576,1081.9090,629.1441,-51.2969,945.2867,1087.6481,623.4051,1081.9090,629.1441
577,1188.5825,845.3790,-146.0686,1089.3115,1242.3321,791.6294,1188.5825,845.3790
578,1228.0315,782.8867,7.5946,1076.9106,1228.1610,782.7571,1228.0315,782.8867
579,1185.5411,852.2356,-20.9271,1059.6069,1186.8499,850.9268,1185.5411,852.2356
580,1084.2429,821.0580,26.8521,980.6405,1086.9546,818.3463,1084.2429,821.0580
581,1091.0331,864.1597,16.3342,997.5464,1092.2031,862.9898,1091.0331,864.1597
582,1194.9878,833.5667,104.9422,1076.9243,1223.2490,805.3056,1194.9878,833.5667
583,1147.8672,853.7822,100.9870,1047.4300,1179.2059,822.4434,1147.8672,853.7822
584,1074.4011,863.8723,-127.6857,1010.6328,1134.6185,803.6548,1074.4011,863.8723
585,1119.2562,984.4387,-99.3966,1072.2192,1171.9459,931.7490,1119.2562,984.4387
586,1132.6905,862.5153,-147.0691,1055.8624,1197.2976,797.9081,1132.6905,862.5153
587,1491.8548,878.9236,-1.7702,1298.8150,1491.8599,878.9185,1491.8548,878.9236
588,1215.9878,808.4362,-131.7938,1096.0181,1254.8933,769.5308,1215.9878,808.4362
589,1279.2106,817.4855,112.7248,1138.8796,1305.2613,791.4349,1279.2106,817.4855
590,1249.4881,831.9081,75.9298,1109.5622,1262.8661,818.5301,1249.4881,831.9081
591,1196.5882,863.7391,72.6746,1077.1134,1211.7641,848.5632,1196.5882,863.7391
592,1194.4523,800.4026,78.8449,1062.9992,1209.6427,785.2122,1194.4523,800.4026
593,1120.1801,958.7211,31.0162,1050.1882,1125.9333,952.9679,1120.1801,958.7211
594,918.8015,669.8383,-120.9528,849.3055,967.8862,620.7537,918.8015,669.8383
595,1029.3329,725.3349,197.4762,977.7609,1126.5337,628.1341,1029.3329,725.3349
596,1329.7350,551.3917,-28.0082,1158.1781,1330.7415,550.3851,1329.7350,551.3917
597,1100.3179,890.4942,-53.7773,1016.1342,1113.2979,877.5142,1100.3179,890.4942
598,1132.5338,775.5974,-102.1401,1018.3769,1159.6951,748.4361,1132.5338,775.5974
599,1278.1513,869.0093,21.8451,1131.1738,1279.3144,867.8462,1278.1513,869.0093
600,1115.8802,845.9828,-55.3587,1012.9431,1126.7935,835.0695,1115.8802,845.9828
601,1116.8463,985.4691,-60.8750,1062.5417,1140.7164,961.5990,1116.8463,985.4691
602,500.6433,1412.7731,498.4904,1511.5404,1632.3471,281.0694,500.6433,1412.7731
603,1125.4872,561.7030,261.2784,1074.6355,1227.9511,459.2391,1125.4872,561.7030
604,1119.1611,1074.4844,-133.8574,1121.7266,1232.5313,961.1142,1119.1611,1074.4844
605,1095.6736,925.4409,-40.5085,1023.6617,1104.8214,916.2931,1095.6736,925.4409
606,393.7721,1998.4812,47.5261,1835.4328,1999.8875,392.3658,393.7721,1998.4812
607,420.1998,1843.2879,60.4843,1676.5154,1845.8540,417.6337,420.1998,1843.2879
608,368.5470,1886.1456,128.8729,1745.8704,1897.0115,357.6810,368.5470,1886.1456
609,1101.9559,990.4828,33.3964,1052.2550,1111.1954,981.2434,1101.9559,990.4828
610,1084.4562,960.1834,0.5572,1027.9696,1084.4587,960.1809,1084.4562,960.1834
611,1748.8201,577.8398,205.4231,1583.7704,1783.8115,542.8483,1748.8201,577.8398
612,423.8385,1485.0491,392.3530,1489.0975,1614.3550,294.5326,423.8385,1485.0491
613,1048.0769,1463.0722,-209.4475,1355.4475,1550.4025,960.7465,1048.0769,1463.0722
614,1302.1378,893.5449,245.1513,1229.1314,1416.9591,778.7235,1302.1378,893.5449
615,1082.5202,1181.0021,340.2252,1278.8342,1475.5312,787.9911,1082.5202,1181.0021
616,1416.1367,708.2652,204.1211,1276.3537,1470.7789,653.6230,1416.1367,708.2652
617,1093.7767,856.0868,46.2952,999.6469,1102.4753,847.3881,1093.7767,856.0868
618,1118.4371,863.7697,16.4784,1015.7471,1119.4989,862.7079,1118.4371,863.7697
619,1168.0596,485.4736,12.1284,1016.5761,1168.2750,485.2582,1168.0596,485.4736
620,408.9666,1608.1272,-218.2849,1496.1956,1646.6259,370.4679,408.9666,1608.1272
621,420.2120,1319.6491,-244.3333,1242.0209,1381.7367,358.1244,420.2120,1319.6491
622,1160.9155,1058.9549,-201.4491,1166.8326,1317.7349,902.1355,1160.9155,1058.9549
623,1288.7937,800.5469,32.8028,1128.4294,1290.9877,798.3530,1288.7937,800.5469
624,1186.7259,754.8474,156.3775,1075.0245,1237.4018,704.1714,1186.7259,754.8474
625,1112.0160,941.8850,81.3754,1046.9965,1144.6710,909.2301,1112.0160,941.8850
626,1111.8988,923.2295,-19.8887,1031.1744,1113.9726,921.1558,1111.8988,923.2295
627,1105.8828,929.9383,-0.5854,1029.2523,1105.8847,929.9363,1105.8828,929.9383
628,1070.2903,835.9935,-109.5060,992.7867,1113.5018,792.7819,1070.2903,835.9935
629,575.3838,1957.1401,75.6385,1747.1465,1961.2683,571.2556,575.3838,1957.1401
630,327.5333,1541.7883,-141.7589,1428.1768,1558.1184,311.2032,327.5333,1541.7883
631,981.6453,475.6577,-106.4318,870.0194,1003.1211,454.1819,981.6453,475.6577
632,356.0291,1479.5562,234.7781,1398.0130,1526.6432,308.9421,356.0291,1479.5562
633,492.7853,1526.9963,269.3364,1428.1807,1592.9347,426.8469,492.7853,1526.9963
634,511.0839,1986.1692,49.3698,1788.3757,1987.8197,509.4334,511.0839,1986.1692
635,445.2719,1964.3508,44.1285,1785.5288,1965.6317,443.9910,445.2719,1964.3508
636,1142.3943,902.7187,41.9038,1045.9316,1149.5094,895.6036,1142.3943,902.7187
637,1155.5565,904.2411,51.3607,1056.3971,1165.6477,894.1498,1155.5565,904.2411
638,994.2693,559.1417,-54.3050,868.4011,1000.9443,552.4668,994.2693,559.1417
639,1140.4631,928.4508,-89.3726,1061.9677,1173.1104,895.8035,1140.4631,928.4508
640,1159.6552,790.6421,-127.1596,1049.5483,1199.2295,751.0678,1159.6552,790.6421
641,611.0313,1904.6470,148.3920,1703.9075,1921.4509,594.2274,611.0313,1904.6470
642,429.2494,1536.8697,-333.7808,1490.2188,1629.6779,336.4412,429.2494,1536.8697
643,1126.9436,349.0728,238.0607,1080.9658,1194.0166,281.9998,1126.9436,349.0728
644,497.7046,1631.5075,378.0005,1589.3932,1745.9735,383.2386,497.7046,1631.5075
645,1082.1036,864.2301,36.7957,993.3364,1088.1501,858.1837,1082.1036,864.2301
646,1197.8510,873.5965,14.5854,1073.4140,1198.5057,872.9418,1197.8510,873.5965
647,1114.0132,866.4323,-89.8285,1025.0468,1143.1713,837.2743,1114.0132,866.4323
648,1108.6192,858.6678,-26.0056,1008.1866,1111.2962,855.9908,1108.6192,858.6678
649,1141.1305,886.0023,21.5452,1038.0401,1142.9371,884.1956,1141.1305,886.0023
650,1139.0480,1006.1370,63.2255,1084.2952,1164.3193,980.8658,1139.0480,1006.1370
651,1242.8068,845.8429,41.6827,1101.8221,1247.1364,841.5133,1242.8068,845.8429
652,1091.9556,890.6297,64.8326,1012.7537,1111.0269,871.5584,1091.9556,890.6297
653,1066.7515,875.8106,74.7131,993.7187,1092.5108,850.0513,1066.7515,875.8106
654,747.0031,2524.1380,250.2047,2287.2592,2558.6927,712.4484,747.0031,2524.1380
655,1074.8768,910.5091,-139.3311,1031.4753,1154.4562,830.9297,1074.8768,910.5091
656,1092.2676,868.5225,46.1263,1002.5486,1101.4037,859.3864,1092.2676,868.5225
657,1079.8176,843.3549,69.2071,990.4307,1098.5836,824.5889,1079.8176,843.3549
658,1057.3499,983.5606,61.4133,1027.9724,1092.0988,948.8116,1057.3499,983.5606
659,1110.1099,907.1600,38.9955,1026.0594,1117.3447,899.9252,1110.1099,907.1600
660,1112.3902,832.9434,-91.9848,1014.9050,1139.9505,805.3831,1112.3902,832.9434
661,398.4101,1972.1102,70.0624,1810.2395,1975.2233,395.2970,398.4101,1972.1102
662,1187.3928,878.1829,-126.9951,1089.3769,1232.8639,832.7117,1187.3928,878.1829
663,1243.1679,753.2249,-92.4781,1096.3967,1260.0423,736.3506,1243.1679,753.2249
664,1338.9941,757.8757,3.3614,1162.9804,1339.0135,757.8562,1338.9941,757.8757
665,469.4988,2001.1277,186.8842,1841.2472,2023.6010,447.0256,469.4988,2001.1277
666,558.5347,2066.3133,19.7874,1851.6691,2066.5729,558.2750,558.5347,2066.3133
667,1192.0740,881.0491,-1.8913,1070.9916,1192.0855,881.0376,1192.0740,881.0491
668,1186.1618,860.9658,57.6914,1066.2936,1196.0933,851.0343,1186.1618,860.9658
669,1178.7081,826.5090,-213.0878,1111.0698,1279.0456,726.1715,1178.7081,826.5090
670,1144.6702,827.1005,-93.5368,1036.2699,1170.1726,801.5982,1144.6702,827.1005
671,1106.3224,879.8448,-92.5015,1024.8677,1139.3011,846.8661,1106.3224,879.8448
672,1135.6691,862.6669,81.2824,1036.3662,1158.0371,840.2990,1135.6691,862.6669
673,1115.5394,816.4091,49.2282,1003.7359,1123.4326,808.5159,1115.5394,816.4091
674,1272.7210,735.0921,-10.5287,1106.7721,1272.9271,734.8860,1272.7210,735.0921
675,1074.6315,796.7444,150.0806,1000.5001,1140.2106,731.1653,1074.6315,796.7444
676,1117.6067,806.0453,191.8571,1052.7771,1208.9631,714.6889,1117.6067,806.0453
677,1281.7119,821.9302,15.9027,1125.0047,1282.2613,821.3808,1281.7119,821.9302
678,1191.1613,855.0012,-26.7599,1064.7048,1193.2782,852.8843,1191.1613,855.0012
679,1029.5644,846.9138,-166.4680,994.2073,1128.1124,748.3658,1029.5644,846.9138
680,1093.3372,873.6253,-184.0840,1051.2379,1197.8530,769.1096,1093.3372,873.6253
681,951.6980,758.0203,-159.8352,914.0893,1041.7416,667.9767,951.6980,758.0203
682,1130.1502,823.4052,-6.3831,1012.3173,1130.2830,823.2725,1130.1502,823.4052
683,1097.4019,655.1588,-90.5959,969.1101,1115.2414,637.3193,1097.4019,655.1588
684,1156.9837,809.9596,15.7362,1028.7268,1157.6959,809.2475,1156.9837,809.9596
685,1097.5796,818.1772,9.5257,988.1055,1097.9040,817.8528,1097.5796,818.1772
686,1111.2559,887.7398,-120.0136,1039.0743,1163.4891,835.5066,1111.2559,887.7398
687,1095.3042,879.5900,-118.0234,1025.5437,1147.3304,827.5638,1095.3042,879.5900
688,1069.0523,813.5521,198.0092,1025.9790,1176.9454,705.6590,1069.0523,813.5521
689,1178.7487,701.9481,-114.4388,1045.9675,1204.7930,675.9038,1178.7487,701.9481
690,1467.4596,737.1489,-103.5800,1283.4626,1481.8661,722.7423,1467.4596,737.1489
691,1212.5398,876.1667,-39.8196,1086.4118,1217.1893,871.5171,1212.5398,876.1667
692,1148.6350,643.9897,81.4061,1007.1032,1161.4419,631.1828,1148.6350,643.9897
693,1126.8780,602.4814,95.8157,990.6850,1143.8366,585.5228,1126.8780,602.4814
694,1074.2918,827.0561,112.5134,993.7821,1117.8285,783.5194,1074.2918,827.0561
695,1168.4881,609.0666,-50.4115,1016.0037,1172.9946,604.5601,1168.4881,609.0666
696,1092.6691,880.0329,40.1565,1005.8015,1100.0000,872.7020,1092.6691,880.0329
697,1082.4251,886.2847,65.5793,1005.3406,1102.3312,866.3786,1082.4251,886.2847
698,1392.9257,877.6635,-19.8996,1220.3291,1393.6931,876.8961,1392.9257,877.6635
699,1527.9043,853.9224,23.9578,1326.9082,1528.7549,853.0718,1527.9043,853.9224
700,1094.8647,881.8498,-47.3231,1008.7616,1104.9047,871.8098,1094.8647,881.8498
701,1206.5135,582.0893,-117.7824,1064.8109,1227.9915,560.6113,1206.5135,582.0893
702,1128.1269,668.8826,-16.0322,982.9857,1128.6859,668.3236,1128.1269,668.8826
703,1276.5429,870.6215,-0.3393,1129.6717,1276.5432,870.6212,1276.5429,870.6215
704,1272.7268,864.1278,1.9810,1125.5059,1272.7364,864.1182,1272.7268,864.1278
705,1182.3475,863.4783,74.1013,1067.2778,1198.7264,847.0994,1182.3475,863.4783
706,1313.3715,834.7702,-1.3358,1151.2723,1313.3752,834.7665,1313.3715,834.7702
707,1062.8455,594.0521,156.1110,961.3869,1110.0735,546.8241,1062.8455,594.0521
708,1121.4785,827.8286,-155.7399,1042.7785,1188.6921,760.6150,1121.4785,827.8286
709,1214.2006,834.9259,87.0513,1086.4394,1233.2262,815.9003,1214.2006,834.9259
710,357.1048,1863.9216,12.8542,1713.6533,1864.0312,356.9952,357.1048,1863.9216
711,1213.2638,616.9243,-28.9751,1051.9655,1214.6684,615.5197,1213.2638,616.9243
712,1151.7796,840.6969,-124.6762,1054.3730,1195.5803,796.8962,1151.7796,840.6969
713,1167.5418,823.1117,183.3038,1086.4853,1246.8388,743.8147,1167.5418,823.1117
714,1226.8010,829.7159,61.6765,1089.4883,1236.1602,820.3567,1226.8010,829.7159
715,1221.8798,778.7906,-64.8021,1077.2718,1231.1627,769.5077,1221.8798,778.7906
716,1215.2407,825.3811,-95.0448,1087.2570,1237.1776,803.4442,1215.2407,825.3811
717,1066.8783,551.6726,-13.9404,924.4390,1067.2552,551.2957,1066.8783,551.6726
718,1184.4161,612.4091,249.8867,1113.4942,1278.2038,518.6214,1184.4161,612.4091
719,2128.2661,933.4342,-554.4905,2082.4501,2345.9363,715.7640,2128.2661,933.4342
720,1157.6115,818.9837,-176.7795,1075.4007,1233.0795,743.5157,1157.6115,818.9837
721,1115.4737,819.4816,80.4807,1010.5211,1135.9413,799.0141,1115.4737,819.4816
722,1211.9327,790.7684,-63.0818,1071.2962,1221.1782,781.5230,1211.9327,790.7684
723,1207.4268,804.4028,104.9456,1080.1512,1233.1166,778.7130,1207.4268,804.4028
724,1041.3231,680.4020,171.6740,962.9114,1109.9368,611.7883,1041.3231,680.4020
725,1114.8397,897.6115,33.6085,1025.3144,1119.9206,892.5306,1114.8397,897.6115
726,1144.4882,891.7574,114.0636,1059.9577,1188.3542,847.8915,1144.4882,891.7574
727,1105.9223,559.2605,165.3598,999.6846,1152.0497,513.1330,1105.9223,559.2605
728,997.5981,545.9252,-135.2934,896.4012,1035.0227,508.5005,997.5981,545.9252
729,1275.3359,898.1240,-191.9222,1182.4555,1355.8142,817.6457,1275.3359,898.1240
730,1212.8633,796.6150,-32.9716,1068.9757,1215.4588,794.0194,1212.8633,796.6150
731,1183.3796,797.8984,17.9049,1045.8366,1184.2095,797.0685,1183.3796,797.8984
732,1140.5842,941.8272,-68.3804,1061.9629,1161.8373,920.5742,1140.5842,941.8272
733,1163.0664,852.2851,41.7950,1045.5093,1168.5890,846.7625,1163.0664,852.2851
734,1215.8083,1022.3940,-325.3379,1264.1117,1458.5080,779.6943,1215.8083,1022.3940
735,1061.5617,1019.2202,-59.3568,1046.1011,1103.4102,977.3716,1061.5617,1019.2202
736,762.0606,556.0773,-110.2425,708.9809,809.9354,508.2025,762.0606,556.0773
737,1163.3469,770.4370,120.8882,1046.1862,1197.5617,736.2222,1163.3469,770.4370
738,1105.6067,982.6398,104.1675,1064.9350,1165.0823,923.1643,1105.6067,982.6398
739,1337.9619,799.4612,184.8599,1209.1944,1395.3137,742.1095,1337.9619,799.4612
740,1367.3731,786.4391,-203.8111,1239.9422,1431.7441,722.0680,1367.3731,786.4391
741,1318.2660,329.1410,-182.6962,1229.7957,1350.9321,296.4749,1318.2660,329.1410
742,1234.7120,500.2947,59.5331,1080.6115,1239.5066,495.5002,1234.7120,500.2947
743,412.0657,1796.6580,-97.4628,1638.8820,1803.4849,405.2388,412.0657,1796.6580
744,1214.7112,983.3917,-204.0533,1171.7333,1333.6041,864.4988,1214.7112,983.3917
745,1036.7044,934.5616,9.2290,989.7236,1037.5316,933.7345,1036.7044,934.5616
746,1080.2484,1046.1541,-74.7192,1071.4558,1139.8404,986.5621,1080.2484,1046.1541
747,1184.8750,678.4529,-147.1362,1060.7980,1224.5204,638.8075,1184.8750,678.4529
748,488.2985,1470.4699,270.0598,1378.9437,1539.8282,418.9402,488.2985,1470.4699
749,1149.6598,878.2690,-24.1580,1041.6882,1151.7935,876.1353,1149.6598,878.2690
750,1095.7748,878.8047,-63.3465,1010.9829,1112.9153,861.6642,1095.7748,878.8047
751,392.8892,1372.0315,177.8279,1262.0001,1403.3275,361.5931,392.8892,1372.0315
752,1121.7390,853.2960,-79.2215,1023.7506,1143.3747,831.6603,1121.7390,853.2960
753,1412.8700,1150.2217,-473.5841,1538.4875,1773.0008,790.0909,1412.8700,1150.2217
754,358.0657,1373.5599,-159.6764,1264.7303,1398.0756,333.5500,358.0657,1373.5599
755,392.7377,1991.1927,44.2943,1828.3766,1992.4192,391.5112,392.7377,1991.1927
756,383.7837,2003.7738,53.6067,1844.4524,2005.5458,382.0117,383.7837,2003.7738
757,1197.4773,432.8899,-6.6888,1050.2876,1197.5359,432.8314,1197.4773,432.8899
758,1123.1344,953.4290,1.2196,1048.6340,1123.1431,953.4202,1123.1344,953.4290
759,1120.1848,947.8376,26.7751,1045.7569,1124.2486,943.7737,1120.1848,947.8376
760,1075.4618,916.8056,-98.3950,1019.9048,1122.5240,869.7433,1075.4618,916.8056
761,1088.6412,848.7977,-48.7406,994.3279,1098.1678,839.2711,1088.6412,848.7977
762,1179.7775,950.3318,94.2932,1095.6729,1213.5556,916.5537,1179.7775,950.3318
763,1798.2379,746.3541,47.9680,1566.9986,1800.4208,744.1712,1798.2379,746.3541
764,1739.4107,641.9595,-68.5415,1528.1113,1743.6749,637.6953,1739.4107,641.9595
765,333.4421,1985.1741,5.3082,1841.2615,1985.1912,333.4250,333.4421,1985.1741
766,473.8759,1988.7758,46.7586,1801.0868,1990.2176,472.4340,473.8759,1988.7758
767,1121.4506,904.0980,96.1055,1043.4808,1157.8495,867.6991,1121.4506,904.0980
768,424.3230,1411.9776,-271.7832,1340.2218,1481.8270,354.4735,424.3230,1411.9776
769,1165.4803,895.3545,-37.1604,1058.5974,1170.4990,890.3357,1165.4803,895.3545
770,403.1713,1636.5837,173.9009,1507.2671,1660.6333,379.1217,403.1713,1636.5837
771,421.5600,1842.4945,67.4314,1676.1318,1845.6873,418.3672,421.5600,1842.4945
772,1081.1489,876.7648,-93.2567,1007.8574,1117.3043,840.6093,1081.1489,876.7648
773,1135.6625,594.8104,14.8468,984.2185,1136.0697,594.4031,1135.6625,594.8104
774,1116.3787,657.7340,-66.5155,978.7278,1125.8304,648.2823,1116.3787,657.7340
775,827.6552,1152.2678,231.5015,1104.4603,1272.6915,707.2315,827.6552,1152.2678
776,1167.2469,942.0678,120.3690,1092.6104,1219.4757,889.8389,1167.2469,942.0678
777,1058.9529,761.9541,76.1706,955.2422,1077.3487,743.5583,1058.9529,761.9541
778,1188.5906,783.1157,116.3401,1065.7480,1219.5998,752.1065,1188.5906,783.1157
779,1238.9356,793.9733,127.5051,1109.2547,1272.8827,760.0262,1238.9356,793.9733
780,1131.6759,920.2880,58.3073,1047.0682,1146.6922,905.2718,1131.6759,920.2880
781,1127.8803,923.7417,36.5621,1042.8581,1134.2311,917.3909,1127.8803,923.7417
782,992.6111,751.2495,-173.7567,945.7951,1083.4847,660.3759,992.6111,751.2495
783,1108.6803,869.3691,73.3320,1018.4572,1129.3638,848.6856,1108.6803,869.3691
784,1103.1024,861.3395,54.8839,1008.7773,1114.9785,849.4634,1103.1024,861.3395
785,1089.0704,790.9534,33.0839,976.5046,1092.6978,787.3260,1089.0704,790.9534
786,1212.6893,842.4238,58.5413,1081.1920,1221.7246,833.3886,1212.6893,842.4238
787,1165.7316,838.1123,31.2638,1042.7275,1168.6883,835.1556,1165.7316,838.1123
788,1208.8396,712.6431,-214.9605,1116.3808,1289.0106,632.4720,1208.8396,712.6431
789,1401.4195,863.0078,34.1215,1225.8940,1403.5733,860.8540,1401.4195,863.0078
790,1098.0146,847.3128,10.2335,996.7585,1098.4317,846.8958,1098.0146,847.3128
791,1079.8632,880.6443,40.9295,997.8422,1087.9443,872.5631,1079.8632,880.6443
792,1167.4588,809.2999,156.8199,1070.9246,1226.4170,750.3417,1167.4588,809.2999
793,1117.6993,846.7749,-70.3625,1017.1983,1134.8833,829.5908,1117.6993,846.7749
794,1279.6027,822.8077,3.1429,1123.1911,1279.6243,822.7861,1279.6027,822.8077
795,1230.0289,850.6750,-3.9488,1091.0138,1230.0700,850.6339,1230.0289,850.6750
796,1092.6554,860.6191,-51.0202,1001.0045,1103.3782,849.8963,1092.6554,860.6191
797,1095.1424,628.9182,38.9654,954.2929,1098.3766,625.6840,1095.1424,628.9182
798,1324.3659,736.4659,38.0161,1151.2221,1326.8140,734.0178,1324.3659,736.4659
799,1102.1896,903.3008,2.2482,1017.4383,1102.2150,903.2754,1102.1896,903.3008
800,1304.1973,787.1440,-0.5723,1137.5132,1304.1980,787.1434,1304.1973,787.1440
801,1312.9339,776.7135,-127.8947,1164.6360,1341.8761,747.7713,1312.9339,776.7135
802,493.3038,1963.7663,71.0355,1773.7338,1967.1900,489.8802,493.3038,1963.7663
803,561.4720,1953.4166,85.3423,1748.1843,1958.6295,556.2590,561.4720,1953.4166
804,1075.6225,794.3337,-164.2415,1007.2002,1151.2097,718.7465,1075.6225,794.3337
805,1086.0053,873.4671,-191.7257,1050.7324,1198.9436,760.5289,1086.0053,873.4671
806,1115.1495,834.8450,69.3237,1011.9115,1131.3572,818.6373,1115.1495,834.8450
807,1193.2923,836.1966,-81.6501,1070.2077,1211.0760,818.4130,1193.2923,836.1966
808,1077.1624,806.3850,163.3723,1010.9399,1153.9543,729.5931,1077.1624,806.3850
809,1112.3901,763.3548,79.1889,994.8802,1129.5161,746.2288,1112.3901,763.3548
810,1125.6667,834.8113,34.1165,1013.8086,1129.6149,830.8632,1125.6667,834.8113
811,1164.1122,856.1719,69.8147,1051.7270,1179.2009,841.0832,1164.1122,856.1719
812,1146.2889,853.1758,31.8293,1032.9281,1149.7054,849.7593,1146.2889,853.1758
813,1217.9423,633.6856,50.3226,1058.6527,1222.2450,629.3830,1217.9423,633.6856
814,597.6495,2163.8376,29.6434,1936.1812,2164.3984,597.0887,597.6495,2163.8376
815,1183.3476,852.9109,-5.9857,1057.6323,1183.4560,852.8025,1183.3476,852.9109
816,1063.3107,872.7734,-157.9634,1019.4072,1152.5103,783.5738,1063.3107,872.7734
817,1123.9375,829.7084,-47.2224,1012.8183,1131.3306,822.3152,1123.9375,829.7084
818,1131.9729,724.1554,75.3143,1001.5269,1145.4371,710.6912,1131.9729,724.1554
819,1240.6835,862.9830,40.6581,1103.7689,1245.0106,858.6559,1240.6835,862.9830
820,1175.7327,841.6099,59.5129,1054.4059,1186.0165,831.3262,1175.7327,841.6099
821,1114.0700,1036.4109,44.1498,1080.0522,1134.0362,1016.4447,1114.0700,1036.4109
822,552.9763,2034.8754,13.9711,1822.5939,2035.0071,552.8446,552.9763,2034.8754
823,1067.3369,844.1531,-132.4634,1001.7217,1128.9481,782.5419,1067.3369,844.1531
824,1013.6817,827.5086,-174.0771,982.0383,1117.9981,723.1922,1013.6817,827.5086
825,1714.6021,715.6098,86.0675,1499.0646,1721.9630,708.2489,1714.6021,715.6098
826,1511.1322,880.3357,-56.4293,1318.2415,1516.1405,875.3275,1511.1322,880.3357
827,1212.0504,686.3326,-51.5967,1056.5205,1217.0665,681.3165,1212.0504,686.3326
828,1091.8138,679.6104,-36.4985,957.0350,1095.0206,676.4036,1091.8138,679.6104
829,1082.6617,722.5252,160.5151,994.6074,1143.8188,661.3682,1082.6617,722.5252
830,1074.3430,817.5577,154.0660,1007.7128,1146.5021,745.3986,1074.3430,817.5577
831,1053.9550,909.1166,-116.6005,1009.9174,1118.7955,844.2762,1053.9550,909.1166
832,1112.8864,770.1990,-76.1186,995.9723,1129.0332,754.0522,1112.8864,770.1990
833,1077.1110,847.5942,-114.9749,1002.6409,1124.7987,799.9066,1077.1110,847.5942
834,1108.4819,860.5285,-128.3733,1031.8916,1162.9707,806.0397,1108.4819,860.5285
835,1215.2103,585.4077,-23.4207,1053.4185,1216.0801,584.5380,1215.2103,585.4077
836,590.2781,1976.7818,-13.3502,1757.7765,1976.9103,590.1496,590.2781,1976.7818
837,1167.4714,905.3551,31.1156,1062.3491,1171.1145,901.7120,1167.4714,905.3551
838,1167.5084,906.0555,34.3699,1062.8871,1171.9511,901.6128,1167.5084,906.0555
839,1131.4582,855.8346,-106.1877,1038.3338,1167.6232,819.6696,1131.4582,855.8346
840,1389.1062,838.3769,-12.9646,1211.7762,1389.4112,838.0718,1389.1062,838.3769
841,1393.1936,821.1690,29.1185,1214.0030,1394.6720,819.6906,1393.1936,821.1690
842,1175.7157,650.8444,-81.2136,1029.7984,1187.9947,638.5655,1175.7157,650.8444
843,1264.1849,792.8778,31.8084,1107.9304,1266.3220,790.7407,1264.1849,792.8778
844,1119.3337,849.5175,35.3380,1013.6275,1123.8851,844.9661,1119.3337,849.5175
845,1098.6786,922.8580,1.1723,1022.1748,1098.6864,922.8502,1098.6786,922.8580
846,1104.4481,817.8853,-150.7973,1026.4744,1169.1797,753.1537,1104.4481,817.8853
847,1060.0757,778.6011,112.8311,970.9772,1099.7209,738.9559,1060.0757,778.6011
848,1233.4901,842.2988,-21.4420,1092.4181,1234.6619,841.1271,1233.4901,842.2988
849,1282.0442,852.8718,5.7579,1130.3574,1282.1214,852.7946,1282.0442,852.8718
850,1137.4650,657.5775,-46.3350,992.3226,1141.8979,653.1446,1137.4650,657.5775
851,1060.8494,709.6534,-357.9603,1122.7558,1283.9621,486.5407,1060.8494,709.6534
852,1126.7710,641.0647,23.0591,979.7137,1127.8633,639.9724,1126.7710,641.0647
853,1081.5556,828.9773,-163.6015,1020.1359,1161.9411,748.5918,1081.5556,828.9773
854,1169.8062,821.1213,-182.4493,1087.1969,1247.8187,743.1088,1169.8062,821.1213
855,1157.0636,806.2874,-159.1005,1063.9120,1218.4749,744.8762,1157.0636,806.2874
856,1031.2196,512.8274,53.3657,897.8373,1036.6563,507.3907,1031.2196,512.8274
857,1043.1168,775.3543,-213.4222,1008.5281,1161.1745,657.2966,1043.1168,775.3543
858,1076.3533,829.9575,-234.1422,1057.5945,1217.7311,688.5797,1076.3533,829.9575
859,1190.1451,777.2728,-63.6315,1052.4628,1199.7294,767.6885,1190.1451,777.2728
860,1198.2249,856.9815,-50.8196,1072.8707,1205.6324,849.5740,1198.2249,856.9815
861,1074.3750,635.6884,-121.6261,959.0581,1105.8392,604.2243,1074.3750,635.6884
862,1196.8844,842.4291,55.4206,1069.1787,1205.3476,833.9659,1196.8844,842.4291
863,1220.5786,855.5131,-3.2872,1085.1388,1220.6082,855.4835,1220.5786,855.5131
864,1090.9080,852.3287,3.2570,993.3600,1090.9525,852.2843,1090.9080,852.3287
865,1086.1043,824.3870,-6.7818,981.8371,1086.2799,824.2114,1086.1043,824.3870
866,1097.7425,877.1318,-94.1017,1018.8716,1132.4281,842.4461,1097.7425,877.1318
867,1650.2330,864.8700,24.2329,1430.3124,1650.9800,864.1230,1650.2330,864.8700
868,1274.0608,493.7192,-62.0317,1117.8127,1278.9612,488.8189,1274.0608,493.7192
869,1121.7318,906.1340,-45.2601,1033.9570,1130.8477,897.0181,1121.7318,906.1340
870,1146.2602,823.8777,-86.0854,1034.6694,1167.8073,802.3306,1146.2602,823.8777
871,588.6799,1768.2691,82.2016,1566.0927,1773.9699,582.9791,588.6799,1768.2691
872,1109.7322,746.4653,-64.9072,986.3966,1120.9812,735.2163,1109.7322,746.4653
873,349.2769,1688.9825,-117.2065,1557.5447,1699.1592,339.1002,349.2769,1688.9825
874,1510.1297,684.9081,235.3786,1371.6779,1572.5461,622.4918,1510.1297,684.9081
875,783.7571,591.5176,140.2004,748.0178,857.6231,517.6516,783.7571,591.5176
876,1521.6653,527.8684,176.8877,1372.8580,1552.2110,497.3227,1521.6653,527.8684
877,1063.4622,1162.3995,-21.7706,1116.8610,1166.9781,1058.8836,1063.4622,1162.3995
878,1092.9256,1002.1915,54.7187,1054.7681,1118.6381,976.4790,1092.9256,1002.1915
879,1113.8990,904.8752,0.6315,1025.4910,1113.9009,904.8733,1113.8990,904.8752
880,1091.7133,866.0761,2.2334,998.2153,1091.7354,866.0540,1091.7133,866.0761
881,1142.7425,906.2639,-70.8004,1051.9441,1162.3191,886.6872,1142.7425,906.2639
882,1161.6774,889.7438,32.1907,1053.8747,1165.4361,885.9851,1161.6774,889.7438
883,1208.7886,694.8205,164.3248,1088.6057,1256.8348,646.7744,1208.7886,694.8205
884,1251.3633,779.2000,108.3598,1110.5071,1275.0438,755.5195,1251.3633,779.2000
885,1232.1566,1040.0334,-207.4398,1203.1164,1364.6975,907.4925,1232.1566,1040.0334
886,1127.3074,932.3865,-56.6587,1048.1941,1142.5800,917.1138,1127.3074,932.3865
887,1106.7988,950.1548,-73.1522,1045.0939,1135.6476,921.3061,1106.7988,950.1548
888,474.8939,1550.9522,256.6876,1446.4110,1609.0471,416.7990,474.8939,1550.9522
889,1634.7393,421.6387,-35.8788,1471.3070,1635.7995,420.5784,1634.7393,421.6387
890,900.4118,352.0065,317.8094,959.5351,1045.9590,206.4594,900.4118,352.0065
891,430.4570,1504.8766,-334.4667,1462.1102,1600.4878,334.8459,430.4570,1504.8766
892,1751.0330,643.5471,140.0936,1553.1503,1768.4796,626.1006,1751.0330,643.5471
893,1178.7014,821.1152,97.1624,1060.2071,1203.3966,796.4199,1178.7014,821.1152
894,1390.7140,724.4949,157.6842,1235.3162,1426.1506,689.0583,1390.7140,724.4949
895,416.8267,1472.4968,-253.1933,1385.8340,1530.0819,359.2416,416.8267,1472.4968
896,311.8633,1519.1988,-212.6850,1437.7573,1555.5698,275.4922,311.8633,1519.1988
897,1131.2070,810.0104,27.7603,1010.8257,1133.5886,807.6288,1131.2070,810.0104
898,1253.5802,776.7958,1.2989,1095.9490,1253.5838,776.7922,1253.5802,776.7958
899,1049.6774,882.9783,-8.4063,977.1607,1050.1003,882.5554,1049.6774,882.9783
900,1088.3042,1001.4822,-32.4630,1049.1029,1099.0999,990.6866,1088.3042,1001.4822
901,387.7041,1863.9077,71.8315,1708.0108,1867.3948,384.2171,387.7041,1863.9077
902,393.1937,1625.5030,90.5265,1477.2639,1632.1176,386.5791,393.1937,1625.5030
903,1119.1594,871.5682,23.1177,1018.9840,1121.2994,869.4282,1119.1594,871.5682
904,1096.7464,932.4804,-37.6656,1026.6129,1104.9712,924.2556,1096.7464,932.4804
905,1112.3807,947.5788,-5.4012,1039.8632,1112.5575,947.4020,1112.3807,947.5788
906,1108.1583,928.7236,-0.0791,1030.2280,1108.1584,928.7236,1108.1583,928.7236
907,1120.5416,874.2026,-3.7067,1019.9532,1120.5974,874.1468,1120.5416,874.2026
908,1096.3734,913.2837,32.1791,1018.7876,1101.8643,907.7928,1096.3734,913.2837
909,1067.0334,746.8563,111.8596,967.9729,1102.2418,711.6478,1067.0334,746.8563
910,1067.8513,795.2006,92.6835,974.3024,1096.3739,766.6781,1067.8513,795.2006
911,1108.5787,871.1114,-21.7698,1011.6858,1110.5579,869.1322,1108.5787,871.1114
912,1123.6594,852.8108,-70.4365,1022.9915,1140.8818,835.5883,1123.6594,852.8108
913,1113.3879,875.9675,50.1116,1019.4084,1123.5314,865.8239,1113.3879,875.9675
914,1117.9129,877.9452,40.7820,1021.7829,1124.6543,871.2037,1117.9129,877.9452
915,1117.5696,908.1039,12.8207,1029.1931,1118.3514,907.3221,1117.5696,908.1039
916,1079.4024,1539.3832,22.9204,1369.2232,1540.5224,1078.2631,1079.4024,1539.3832
917,970.3594,1217.9618,233.4903,1186.0526,1358.4416,829.8796,970.3594,1217.9618
918,432.0094,1988.4480,49.0026,1813.4865,1989.9893,430.4681,432.0094,1988.4480
919,481.0020,1547.8109,260.8898,1444.5663,1608.1941,420.6188,481.0020,1547.8109
920,1136.4792,823.7071,85.3185,1027.5165,1158.2387,801.9476,1136.4792,823.7071
921,1133.4946,874.5469,97.3601,1042.4898,1166.0160,842.0255,1133.4946,874.5469
922,1164.3392,867.6587,88.3528,1059.0973,1188.6577,843.3402,1164.3392,867.6587
923,1097.7715,774.5070,-35.3352,979.0186,1101.5888,770.6896,1097.7715,774.5070
924,1100.8212,791.9164,-67.5509,990.3887,1114.9472,777.7904,1100.8212,791.9164
925,479.4286,1953.9907,58.4028,1766.7385,1956.3002,477.1191,479.4286,1953.9907
926,539.2977,1940.4219,41.7133,1736.3278,1941.6627,538.0569,539.2977,1940.4219
927,1151.6957,725.8180,-133.1067,1034.6234,1189.8751,687.6386,1151.6957,725.8180
928,1098.0713,898.8606,-93.7795,1026.1977,1135.2717,861.6602,1098.0713,898.8606
929,1080.2465,874.2189,-103.4090,1009.4055,1123.1959,831.2695,1080.2465,874.2189
930,1071.7546,670.0666,-72.3536,946.1529,1084.3898,657.4314,1071.7546,670.0666
931,1188.4022,846.7312,48.2034,1062.9990,1195.0725,840.0609,1188.4022,846.7312
932,1180.5200,899.8804,21.8384,1068.8854,1182.2092,898.1912,1180.5200,899.8804
933,1135.4158,889.1504,-180.1728,1080.5502,1230.5121,794.0540,1135.4158,889.1504
934,1090.1145,856.2097,-153.1641,1028.8128,1165.8720,780.4522,1090.1145,856.2097
935,1538.3291,829.9033,-344.8900,1461.2936,1678.5006,689.7319,1538.3291,829.9033
936,1170.3914,784.3636,-126.2325,1055.8569,1208.0049,746.7501,1170.3914,784.3636
937,1090.7481,798.1661,198.9536,1036.7979,1191.4057,697.5085,1090.7481,798.1661
938,1078.0632,797.3777,141.8345,999.3793,1137.2527,738.1882,1078.0632,797.3777
939,1130.1081,886.0482,54.5798,1034.3270,1141.7579,874.3985,1130.1081,886.0482
940,1079.6028,864.6332,-74.0367,998.0564,1102.6340,841.6020,1079.6028,864.6332
941,1164.8652,670.0737,149.1025,1045.0161,1206.3227,628.6162,1164.8652,670.0737
942,1161.0625,792.2065,120.7085,1048.6027,1197.0528,756.2162,1161.0625,792.2065
943,1221.4035,824.9134,51.9593,1082.9847,1228.0996,818.2173,1221.4035,824.9134
944,1066.1066,833.3652,39.8797,973.3426,1072.7502,826.7216,1066.1066,833.3652
945,1073.3633,837.1348,-173.4001,1022.0355,1165.0551,745.4431,1073.3633,837.1348
946,1115.8080,794.8644,-80.7694,1004.7348,1134.9884,775.6841,1115.8080,794.8644
947,467.6951,1987.8842,74.1306,1804.7672,1991.4906,464.0888,467.6951,1987.8842
948,1083.9925,801.6334,135.3056,1001.8053,1138.3615,747.2643,1083.9925,801.6334
949,1074.9922,785.6664,141.1834,994.0286,1132.4681,728.1905,1074.9922,785.6664
950,1121.5372,874.1954,41.6746,1023.1475,1128.3702,867.3624,1121.5372,874.1954
951,1220.5628,749.7922,29.1648,1067.4012,1222.3627,747.9923,1220.5628,749.7922
952,464.1362,1493.8716,-228.4261,1382.1181,1542.2687,415.7391,464.1362,1493.8716
953,566.0675,2130.9894,82.5718,1917.2163,2135.3341,561.7228,566.0675,2130.9894
954,1495.9669,789.7382,61.5123,1300.5893,1501.2846,784.4205,1495.9669,789.7382
955,1418.0348,763.2122,98.2253,1240.9668,1432.4515,748.7956,1418.0348,763.2122
956,366.8505,1771.2877,239.6087,1671.6694,1811.0417,327.0965,366.8505,1771.2877
957,1193.3519,839.5001,105.9108,1077.3493,1222.6295,810.2225,1193.3519,839.5001
958,1204.6641,907.0976,65.9543,1092.8603,1218.6274,893.1343,1204.6641,907.0976
959,1089.4658,896.1745,30.2226,1008.1930,1094.0811,891.5592,1089.4658,896.1745
960,1084.8990,684.1479,127.8812,975.6504,1122.2291,646.8178,1084.8990,684.1479
961,1576.9210,931.0902,77.7631,1379.6719,1586.1523,921.8589,1576.9210,931.0902
962,1066.8856,880.6418,-174.2909,1032.1641,1171.3719,776.1555,1066.8856,880.6418
963,1176.4245,842.4148,91.9092,1062.0460,1200.0447,818.7946,1176.4245,842.4148
964,1175.8016,851.6587,58.2527,1056.7073,1185.9525,841.5078,1175.8016,851.6587
965,1094.9888,869.5417,-59.7033,1006.8060,1109.8234,854.7071,1094.9888,869.5417
966,1632.4340,571.6701,-435.4474,1620.8878,1788.2878,415.8163,1632.4340,571.6701
967,1097.6831,574.6639,-186.0965,1004.1134,1157.1395,515.2075,1097.6831,574.6639
968,1275.3099,874.7424,-2.8272,1129.6220,1275.3298,874.7224,1275.3099,874.7424
969,1384.8659,873.2788,10.9116,1213.0344,1385.0985,873.0462,1384.8659,873.2788
970,1459.6675,649.6308,-88.6256,1275.9184,1469.2506,640.0477,1459.6675,649.6308
971,1143.4421,959.7273,95.0268,1076.2128,1183.7508,919.4186,1143.4421,959.7273
972,535.4603,2032.4794,15.1274,1824.8465,2032.6323,535.3075,535.4603,2032.4794
973,515.7699,2001.2941,84.1493,1805.6114,2006.0456,511.0184,515.7699,2001.2941
974,559.3258,2027.2687,106.0070,1822.7651,2034.8844,551.7100,559.3258,2027.2687
975,1293.0518,822.5478,4.0077,1133.5868,1293.0859,822.5137,1293.0518,822.5478
976,1325.4459,882.7912,-8.8784,1168.8762,1325.6239,882.6132,1325.4459,882.7912
977,1314.2236,761.8151,61.3887,1147.8921,1320.9634,755.0753,1314.2236,761.8151
978,1097.1865,775.3064,143.4900,1007.9835,1151.8644,720.6286,1097.1865,775.3064
979,1078.6651,766.4793,142.0568,992.3582,1133.6293,711.5150,1078.6651,766.4793
980,1057.6948,644.1426,212.1874,993.6811,1147.1953,554.6421,1057.6948,644.1426
981,1073.0164,855.4695,31.2630,983.9673,1077.4200,851.0659,1073.0164,855.4695
982,1093.6444,866.2403,-13.1809,999.7963,1094.4059,865.4788,1093.6444,866.2403
983,1047.0907,496.5538,66.8274,914.5630,1055.0865,488.5580,1047.0907,496.5538
984,1250.7072,573.7244,78.3831,1092.8398,1259.6642,564.7675,1250.7072,573.7244
985,1250.5542,795.0366,-4.9947,1096.2698,1250.6090,794.9818,1250.5542,795.0366
986,1182.1728,877.8732,-140.2448,1090.5970,1236.9485,823.0975,1182.1728,877.8732
987,1024.5241,829.8262,-149.8682,977.4792,1105.8852,748.4651,1024.5241,829.8262
988,1047.1437,851.4451,-148.8901,998.1924,1127.4594,771.1294,1047.1437,851.4451
989,634.6793,2154.6398,3.0615,1917.7625,2154.6459,634.6732,634.6793,2154.6398
990,1074.5092,789.9959,113.1954,983.9946,1114.0496,750.4555,1074.5092,789.9959
991,1148.7412,895.0850,-21.8057,1045.9393,1150.6021,893.2241,1148.7412,895.0850
992,1121.7328,897.5656,26.5416,1029.1711,1124.8325,894.4660,1121.7328,897.5656
993,1118.7017,668.6950,90.8280,987.5857,1136.3426,651.0541,1118.7017,668.6950
994,1266.9412,865.3172,6.4352,1121.4866,1267.0443,865.2141,1266.9412,865.3172
995,1066.6307,846.1230,27.5369,976.4217,1070.0175,842.7363,1066.6307,846.1230
996,1093.8710,761.1422,-73.0000,979.4319,1109.1824,745.8308,1093.8710,761.1422
997,375.5855,1898.9190,-124.1257,1754.9851,1908.9668,365.5377,375.5855,1898.9190
998,881.9457,627.7573,2.1154,786.3034,881.9633,627.7397,881.9457,627.7573
999,1152.7677,707.0189,-87.5261,1018.1861,1169.3381,690.4485,1152.7677,707.0189
1000,1290.3901,670.0916,273.3224,1213.9049,1393.6386,566.8430,1290.3901,670.0916
1001,1168.8021,305.9816,-19.5448,1050.3509,1169.2446,305.5391,1168.8021,305.9816
1002,1149.3967,963.2490,-134.9272,1093.8108,1220.2377,892.4080,1149.3967,963.2490
1003,1204.2939,792.4905,-39.1562,1062.3432,1207.9840,788.8004,1204.2939,792.4905
1004,1217.7944,775.3896,-56.8520,1072.2330,1224.9834,768.2006,1217.7944,775.3896
1005,1066.5473,838.3515,-114.9752,992.9112,1114.4297,790.4691,1066.5473,838.3515
1006,1371.2045,823.7911,0.3137,1195.5115,1371.2046,823.7909,1371.2045,823.7911
1007,1186.7043,836.2825,14.4789,1056.3354,1187.3016,835.6853,1186.7043,836.2825
1008,1205.0991,827.3521,38.4544,1069.6590,1208.9740,823.4772,1205.0991,827.3521
1009,1054.5165,658.3711,-155.7849,961.2498,1108.4393,604.4483,1054.5165,658.3711
1010,1048.9357,713.2234,-166.1914,971.4356,1117.2898,644.8693,1048.9357,713.2234
1011,1330.2156,817.1172,52.4598,1165.5334,1335.5242,811.8086,1330.2156,817.1172
1012,1362.7076,749.1362,129.8689,1203.2960,1389.0636,722.7802,1362.7076,749.1362
1013,1224.1921,865.2739,-78.1478,1098.3647,1240.4691,848.9969,1224.1921,865.2739
1014,1053.4387,800.5323,-190.0569,1007.7888,1155.2661,698.7049,1053.4387,800.5323
1015,1089.3988,885.9334,-220.9182,1073.7539,1230.8829,744.4493,1089.3988,885.9334
1016,1100.8212,852.1359,-110.4211,1018.0727,1142.7732,810.1839,1100.8212,852.1359
1017,1087.7572,879.0470,-52.8842,1004.0617,1100.3924,866.4118,1087.7572,879.0470
1018,1257.0766,828.1614,-68.7262,1113.1938,1267.8197,817.4184,1257.0766,828.1614
1019,1219.7665,874.7543,70.3652,1095.8482,1233.5656,860.9553,1219.7665,874.7543
1020,1171.3353,701.1394,-84.4094,1031.3721,1186.0293,686.4454,1171.3353,701.1394
1021,1107.3619,795.4866,77.8765,998.1743,1125.7266,777.1219,1107.3619,795.4866
1022,1065.4445,808.9066,42.8614,966.0063,1072.4162,801.9350,1065.4445,808.9066
1023,1134.3672,822.0410,-88.6973,1026.4724,1157.7984,798.6098,1134.3672,822.0410
1024,1173.7450,910.7274,41.2203,1069.2228,1180.0537,904.4187,1173.7450,910.7274
1025,1098.6609,719.6868,79.2045,976.2854,1114.5484,703.7993,1098.6609,719.6868
1026,1243.0641,869.9791,23.7591,1105.5884,1244.5711,868.4721,1243.0641,869.9791
1027,1548.4085,450.0252,268.8154,1456.0405,1610.6686,387.7651,1548.4085,450.0252
1028,397.8808,1726.3159,6.2883,1565.7990,1726.3457,397.8511,397.8808,1726.3159
1029,1012.6741,1085.8334,127.4822,1074.1056,1181.8802,916.6273,1012.6741,1085.8334
1030,1055.4353,1013.6363,-12.8991,1035.4100,1059.0955,1009.9762,1055.4353,1013.6363
1031,1146.1749,954.2076,129.1665,1086.5506,1211.1162,889.2662,1146.1749,954.2076
1032,1149.8762,563.5678,-197.1132,1052.7827,1209.9825,503.4615,1149.8762,563.5678
1033,406.7962,1469.5422,-215.7935,1366.3579,1511.6883,364.6501,406.7962,1469.5422
1034,357.3742,1996.8279,33.5227,1845.2085,1997.5130,356.6890,357.3742,1996.8279
1035,1262.6139,834.6872,133.4321,1135.9671,1300.8101,796.4910,1262.6139,834.6872
1036,1169.4777,694.4937,214.5621,1084.3963,1252.0471,611.9243,1169.4777,694.4937
1037,443.8148,1380.3501,403.7150,1406.6541,1530.3546,293.8103,443.8148,1380.3501
1038,1135.0066,859.6595,-11.5304,1025.6384,1135.4886,859.1775,1135.0066,859.6595
1039,1152.6980,745.4867,-2.5415,1012.5026,1152.7139,745.4708,1152.6980,745.4867
1040,1120.3334,956.4790,-45.3723,1050.9993,1132.0583,944.7541,1120.3334,956.4790
1041,1106.3648,910.5431,-49.7920,1026.2439,1118.2982,898.6096,1106.3648,910.5431
1042,411.4180,2651.3096,148.8964,2484.8383,2661.1641,401.5635,411.4180,2651.3096
1043,1111.3736,594.9247,-17.4239,963.7499,1111.9608,594.3375,1111.3736,594.9247
1044,1098.6358,1164.1096,49.4835,1136.0305,1190.7050,1072.0404,1098.6358,1164.1096
1045,1127.9102,943.3620,81.7393,1057.4165,1158.9074,912.3648,1127.9102,943.3620
1046,1136.2609,812.6534,-96.1249,1027.5350,1162.6604,786.2539,1136.2609,812.6534
1047,1121.1936,967.5839,10.6553,1052.9888,1121.9292,966.8483,1121.1936,967.5839
1048,1093.9402,984.6686,2.1420,1043.6104,1093.9821,984.6266,1093.9402,984.6686
1049,1142.4524,905.1450,69.5703,1051.1517,1161.3441,886.2533,1142.4524,905.1450
1050,759.1308,923.7382,-156.9711,895.6860,1018.6739,664.1951,759.1308,923.7382
1051,1094.4633,618.7249,142.3851,981.9976,1133.8220,579.3662,1094.4633,618.7249
1052,1058.7334,793.6897,112.8452,974.0411,1100.2692,752.1538,1058.7334,793.6897
1053,1058.4616,817.0493,101.7072,976.7949,1095.5982,779.9127,1058.4616,817.0493
1054,1455.1044,752.6644,-130.2692,1280.4442,1478.4849,729.2839,1455.1044,752.6644
1055,1202.5353,790.7082,-67.9775,1065.0441,1213.4658,779.7777,1202.5353,790.7082
1056,464.2691,1623.5238,275.8203,1525.0751,1685.8036,401.9893,464.2691,1623.5238
1057,1213.3704,786.8826,98.7995,1079.7944,1235.1463,765.1068,1213.3704,786.8826
1058,1135.6439,957.5899,-21.3542,1058.5615,1138.1692,955.0647,1135.6439,957.5899
1059,1154.1930,911.8550,36.4110,1056.0121,1159.5455,906.5025,1154.1930,911.8550
1060,1088.2412,865.6745,-49.0965,999.4148,1098.5903,855.3254,1088.2412,865.6745
1061,1059.8873,1006.5777,35.0746,1036.0461,1077.2860,989.1791,1059.8873,1006.5777
1062,1103.6966,883.2090,-123.0955,1033.8603,1158.6987,828.2070,1103.6966,883.2090
1063,1111.1919,855.1811,-108.0804,1025.1126,1150.7178,815.6551,1111.1919,855.1811
1064,373.6238,1948.3157,76.7073,1795.8964,1952.0435,369.8960,373.6238,1948.3157
1065,376.6375,1736.5375,116.1031,1594.9335,1746.3787,366.7963,376.6375,1736.5375
1066,1306.6964,1089.4549,-421.4662,1415.5147,1633.3138,762.8375,1306.6964,1089.4549
1067,1275.5254,788.5171,104.5794,1129.4960,1297.0328,767.0097,1275.5254,788.5171
1068,1110.7546,763.1903,222.1617,1056.6861,1219.0293,654.9156,1110.7546,763.1903
1069,434.3041,1959.2578,61.4738,1785.4228,1961.7319,431.8300,434.3041,1959.2578
1070,1107.5950,943.3164,-66.5195,1041.6691,1131.1520,919.7594,1107.5950,943.3164
1071,1119.4239,939.2064,-39.8941,1043.3710,1127.8602,930.7701,1119.4239,939.2064
1072,1088.2761,839.8706,24.0972,988.6650,1090.5922,837.5546,1088.2761,839.8706
1073,486.8467,1998.3889,41.4190,1806.3265,1999.5230,485.7126,486.8467,1998.3889
1074,1071.6305,835.4704,-194.7892,1031.9475,1181.3348,725.7661,1071.6305,835.4704
1075,1155.2207,836.0138,99.0948,1047.4411,1183.4817,807.7528,1155.2207,836.0138
1076,1147.0182,697.0701,80.3548,1010.6315,1160.9379,683.1504,1147.0182,697.0701
1077,1122.4389,882.2183,107.6684,1040.5381,1163.6326,841.0246,1122.4389,882.2183
1078,1015.6625,745.0668,56.6925,916.2972,1027.0601,733.6693,1015.6625,745.0668
1079,1032.1814,848.6999,-13.7142,954.0660,1033.2008,847.6805,1032.1814,848.6999
1080,1071.8824,953.4399,-72.5268,1025.5654,1106.2950,919.0273,1071.8824,953.4399
1081,1104.2126,951.3057,-120.1095,1056.9310,1170.1369,885.3814,1104.2126,951.3057
1082,1087.4048,955.0957,-6.5419,1027.7206,1087.7275,954.7730,1087.4048,955.0957
1083,1117.4815,982.0876,-36.0073,1058.1521,1126.4618,973.1073,1117.4815,982.0876
1084,1300.4234,812.1037,-58.9641,1142.3507,1307.4424,805.0847,1300.4234,812.1037
1085,1063.7973,791.8507,-129.7194,983.2624,1115.7491,739.8989,1063.7973,791.8507
1086,585.5810,2046.5972,79.8790,1830.8902,2050.9515,581.2267,585.5810,2046.5972
1087,384.3030,1317.3784,-39.5608,1175.4137,1319.0527,382.6287,384.3030,1317.3784
1088,1082.1271,889.4823,-90.8042,1012.1171,1118.1807,853.4286,1082.1271,889.4823
1089,1218.7215,791.8983,113.7656,1089.0865,1247.1510,763.4688,1218.7215,791.8983
1090,1207.5430,886.8805,111.8961,1100.6058,1242.7286,851.6949,1207.5430,886.8805
1091,1091.1505,873.9808,5.5630,1000.4500,1091.2929,873.8384,1091.1505,873.9808
1092,374.5382,1468.4387,-197.8296,1365.2891,1503.1164,339.8604,374.5382,1468.4387
1093,1171.3781,836.7809,-131.6932,1069.6595,1216.9925,791.1666,1171.3781,836.7809
1094,1218.6254,723.5872,-255.1546,1149.8505,1326.5913,615.6213,1218.6254,723.5872
1095,1202.7564,887.1900,103.7919,1094.9766,1233.8337,856.1126,1202.7564,887.1900
1096,1991.8637,842.7846,-39.8607,1733.1651,1993.2448,841.4035,1991.8637,842.7846
1097,1946.8352,788.0951,24.9940,1696.7156,1947.3740,787.5562,1946.8352,788.0951
1098,1121.8656,935.8711,-38.2946,1043.5109,1129.4415,928.2952,1121.8656,935.8711
1099,1110.1470,939.4839,-18.4690,1035.9124,1112.1228,937.5081,1110.1470,939.4839
1100,1270.8378,580.4776,-113.8468,1119.4522,1289.1276,562.1878,1270.8378,580.4776
1101,1065.9670,910.3938,-123.6738,1020.0679,1134.2830,842.0778,1065.9670,910.3938
1102,1144.3679,910.3913,-116.0763,1066.2968,1192.1824,862.5768,1144.3679,910.3913
1103,1130.7446,970.9380,-93.3492,1072.1769,1173.7177,927.9649,1130.7446,970.9380
1104,1144.5681,861.5134,-31.4491,1033.9960,1148.0202,858.0613,1144.5681,861.5134
1105,1150.8695,939.0733,-106.4013,1076.8343,1195.0902,894.8526,1150.8695,939.0733
1106,1119.0228,847.3869,-45.3177,1013.9982,1126.3838,840.0259,1119.0228,847.3869
1107,1175.1575,819.4051,137.2547,1070.5169,1221.9562,772.6064,1175.1575,819.4051
1108,1140.7591,805.9654,167.4529,1056.2295,1210.1368,736.5877,1140.7591,805.9654
1109,1112.7606,808.1769,142.2058,1026.0342,1168.8322,752.1053,1112.7606,808.1769
1110,1107.5705,880.8922,71.0171,1020.8641,1127.9818,860.4809,1107.5705,880.8922
1111,1125.6722,963.9238,40.9315,1056.5278,1135.4403,954.1558,1125.6722,963.9238
1112,366.8189,1642.6194,357.3715,1616.5872,1735.9039,273.5344,366.8189,1642.6194
1113,1259.7956,856.8113,24.4917,1115.1695,1261.2786,855.3283,1259.7956,856.8113
1114,1180.7116,866.3395,50.2654,1062.6884,1188.5530,858.4980,1180.7116,866.3395
1115,491.3367,1952.7685,50.8981,1761.5396,1954.5390,489.5662,491.3367,1952.7685
1116,1258.3958,607.5094,-37.8455,1091.9877,1260.5889,605.3163,1258.3958,607.5094
1117,1109.0976,866.5448,-45.1351,1012.9295,1117.2242,858.4181,1109.0976,866.5448
1118,1183.6680,821.1399,-168.7452,1090.3249,1250.0561,754.7517,1183.6680,821.1399
1119,1124.0803,665.8012,19.6793,979.5895,1124.9238,664.9577,1124.0803,665.8012
1120,1083.0463,861.9283,53.7550,995.5251,1095.4217,849.5528,1083.0463,861.9283
1121,1083.7070,873.9337,66.0436,1002.0869,1102.7678,854.8729,1083.7070,873.9337
1122,1290.7518,672.1627,181.1955,1161.3540,1339.9192,622.9953,1290.7518,672.1627
1123,1186.8639,905.5084,33.0333,1075.7090,1190.6902,901.6821,1186.8639,905.5084
1124,1139.0830,687.9546,-114.2435,1013.0691,1166.3642,660.6734,1139.0830,687.9546
1125,1331.1787,773.3000,-349.9165,1306.8871,1499.7310,604.7477,1331.1787,773.3000
1126,1708.1658,354.5893,117.8161,1574.6456,1718.3441,344.4111,1708.1658,354.5893
1127,1644.9538,706.0310,-105.9055,1441.0455,1656.7511,694.2337,1644.9538,706.0310
1128,1845.7277,607.5127,51.6262,1631.7093,1847.8765,605.3639,1845.7277,607.5127
1129,1122.1084,984.7182,186.5713,1108.2704,1252.2295,854.5971,1122.1084,984.7182
1130,1117.2273,740.3386,51.2503,988.4591,1124.0721,733.4938,1117.2273,740.3386
1131,719.5406,1239.3017,-165.3181,1115.2891,1287.4276,671.4147,719.5406,1239.3017
1132,1117.2452,953.5653,45.6595,1048.0514,1129.1206,941.6899,1117.2452,953.5653
1133,1082.1831,882.8024,-144.7468,1028.5725,1158.2476,806.7378,1082.1831,882.8024
1134,1207.5977,830.3266,43.5138,1072.7135,1212.5515,825.3728,1207.5977,830.3266
1135,1660.2223,732.8174,84.9195,1448.5695,1667.9340,725.1058,1660.2223,732.8174
1136,2041.0212,824.7986,194.2043,1809.9102,2071.2786,794.5411,2041.0212,824.7986
1137,1009.4740,1257.8158,53.2783,1157.5499,1268.7633,998.5265,1009.4740,1257.8158
1138,1227.1657,778.4241,57.6498,1080.0902,1234.4536,771.1362,1227.1657,778.4241
1139,1167.0485,956.9282,66.1124,1083.5334,1186.1192,937.8574,1167.0485,956.9282
1140,1146.4866,997.8469,76.5271,1087.9711,1178.8431,965.4904,1146.4866,997.8469
1141,1171.4912,892.1056,-54.2867,1063.9508,1181.6687,881.9281,1171.4912,892.1056
1142,1345.2196,750.6868,-142.8133,1193.5220,1377.7455,718.1609,1345.2196,750.6868
1143,1288.3688,778.2741,-105.5659,1138.5663,1309.3528,757.2901,1288.3688,778.2741
1144,1322.4924,886.9158,89.6919,1177.6249,1340.2384,869.1698,1322.4924,886.9158
1145,1068.5423,573.2869,-149.1723,961.5698,1110.0026,531.8266,1068.5423,573.2869
1146,1075.6223,875.3522,49.7442,994.5250,1087.2974,863.6771,1075.6223,875.3522
1147,1337.6203,681.3887,-110.5520,1174.1995,1355.7439,663.2651,1337.6203,681.3887
1148,1266.7408,741.4727,-37.3643,1104.2412,1269.3854,738.8281,1266.7408,741.4727
1149,1521.4138,863.2950,25.0575,1322.2832,1522.3665,862.3423,1521.4138,863.2950
1150,1103.3483,890.9448,-166.5856,1054.2248,1194.7056,799.5875,1103.3483,890.9448
1151,1180.4469,900.1349,23.5487,1069.0182,1182.4115,898.1704,1180.4469,900.1349
1152,1178.3087,869.1291,20.3247,1058.7416,1179.6391,867.7988,1178.3087,869.1291
1153,1074.3048,772.0976,135.9336,988.0441,1126.4504,719.9520,1074.3048,772.0976
1154,1096.1120,623.7911,62.7110,958.4519,1104.2965,615.6067,1096.1120,623.7911
1155,1154.3242,642.8873,128.6653,1026.3198,1184.8691,612.3425,1154.3242,642.8873
1156,1231.4124,619.1336,81.0267,1075.6348,1241.9537,608.5923,1231.4124,619.1336
1157,1057.2739,652.6624,139.5605,955.0837,1100.7419,609.1944,1057.2739,652.6624
1158,1408.5808,860.9077,17.1199,1230.2371,1409.1155,860.3730,1408.5808,860.9077
1159,1321.9593,865.8544,8.3598,1163.1275,1322.1125,865.7013,1321.9593,865.8544
1160,1086.6323,912.5096,-204.7289,1071.2716,1222.0425,777.0994,1086.6323,912.5096
1161,1108.1470,835.6824,-82.0479,1010.1938,1130.9465,812.8830,1108.1470,835.6824
1162,1189.3835,920.1559,42.7952,1082.7724,1196.0223,913.5171,1189.3835,920.1559
1163,1155.0552,761.4167,-99.2732,1031.5014,1178.6741,737.7977,1155.0552,761.4167
1164,1169.8652,897.6349,-39.5852,1062.5075,1175.5045,891.9956,1169.8652,897.6349
1165,1144.7623,864.8821,-53.6122,1037.8054,1154.6804,854.9639,1144.7623,864.8821
1166,1070.4985,810.1547,-71.9822,974.9833,1089.0752,791.5780,1070.4985,810.1547
1167,416.2553,1810.3933,-186.1621,1673.6713,1834.8238,391.8248,416.2553,1810.3933
1168,1111.5894,870.8233,-50.4818,1016.6669,1121.7456,860.6672,1111.5894,870.8233
1169,636.5201,2148.4809,7.7301,1911.4800,2148.5204,636.4806,636.5201,2148.4809
1170,1108.4709,860.9574,-26.3862,1008.8101,1111.2526,858.1757,1108.4709,860.9574
1171,1083.6854,824.9790,44.9540,983.3663,1091.2742,817.3902,1083.6854,824.9790
1172,1127.4424,570.6694,-436.5119,1234.9174,1366.7833,331.3284,1127.4424,570.6694
1173,1005.1396,515.1801,-202.7888,938.7535,1078.1825,442.1372,1005.1396,515.1801
1174,1103.0173,943.6380,-8.9496,1032.7106,1103.5183,943.1370,1103.0173,943.6380
1175,1086.9577,905.6295,-83.3717,1018.8785,1119.4634,873.1237,1086.9577,905.6295
1176,1113.8792,708.1959,160.9071,1015.4294,1169.9504,652.1248,1113.8792,708.1959
1177,379.8830,1499.2653,-176.5413,1384.2191,1526.4481,352.7002,379.8830,1499.2653
1178,362.6186,1696.2565,-38.3746,1548.5807,1697.3598,361.5153,362.6186,1696.2565
1179,516.2729,1868.5456,-370.6850,1790.4030,1963.4914,421.3270,516.2729,1868.5456
1180,439.1142,1470.3834,-274.9395,1391.3870,1539.1038,370.3938,439.1142,1470.3834
1181,1402.9490,443.5467,90.6308,1251.9456,1411.4354,435.0602,1402.9490,443.5467
1182,1638.2901,777.3132,-56.7202,1422.8132,1642.0107,773.5926,1638.2901,777.3132
1183,375.0963,2000.6133,43.7642,1843.4950,2001.7907,373.9189,375.0963,2000.6133
1184,413.4402,1675.6533,219.7559,1559.1159,1712.8193,376.2743,413.4402,1675.6533
1185,369.9286,1904.0451,133.4048,1763.8777,1915.5594,358.4143,369.9286,1904.0451
1186,1090.7398,971.7651,-77.8538,1045.1227,1129.2318,933.2731,1090.7398,971.7651
1187,1085.2263,1187.8133,-93.8697,1151.5229,1243.4897,1029.5500,1085.2263,1187.8133
1188,1146.9236,923.1663,110.2326,1070.1972,1192.1056,877.9843,1146.9236,923.1663
1189,1619.6344,1284.1205,550.2412,1760.8723,2027.1233,876.6316,1619.6344,1284.1205
1190,414.2423,1963.6826,44.1923,1794.4538,1964.9420,412.9829,414.2423,1963.6826
1191,348.8061,1951.1875,44.7048,1803.9422,1952.4337,347.5599,348.8061,1951.1875
1192,1247.0157,668.6679,87.7094,1091.5147,1260.0247,655.6590,1247.0157,668.6679
1193,1083.0455,715.4538,20.5652,954.6001,1084.1924,714.3068,1083.0455,715.4538
1194,1137.4819,733.1920,-73.3316,1006.7649,1150.3721,720.3018,1137.4819,733.1920
1195,1084.8615,800.8977,-75.0890,983.0634,1103.4948,782.2645,1084.8615,800.8977
1196,1047.9113,1382.1011,-15.3386,1249.2830,1382.8036,1047.2088,1047.9113,1382.1011
1197,1482.1590,245.4153,148.5135,1399.8030,1499.7432,227.8311,1482.1590,245.4153
1198,371.9218,1576.8354,-236.5392,1485.3042,1621.6073,327.1499,371.9218,1576.8354
1199,1145.1003,959.1188,-72.2970,1071.7075,1169.8981,934.3210,1145.1003,959.1188
1200,1131.5653,897.6549,-37.1477,1036.6335,1137.3230,891.8971,1131.5653,897.6549
1201,1079.1209,1017.7358,371.5945,1231.3714,1421.2882,675.5685,1079.1209,1017.7358
1202,1105.1123,886.0073,37.8667,1015.6014,1111.4720,879.6476,1105.1123,886.0073
1203,1089.6280,885.8454,-10.0665,1003.5304,1090.1240,885.3494,1089.6280,885.8454
1204,1094.4057,929.5858,21.8355,1022.7121,1097.2495,926.7421,1094.4057,929.5858
1205,1136.1298,548.3303,23.0879,984.9273,1137.0352,547.4249,1136.1298,548.3303
1206,1070.3722,928.2359,-77.6214,1015.7932,1104.5455,894.0626,1070.3722,928.2359
1207,1112.0796,981.2192,-71.3521,1059.9961,1143.4597,949.8392,1112.0796,981.2192
1208,1261.1209,763.9100,53.8542,1104.2202,1266.8871,758.1438,1261.1209,763.9100
1209,1220.7355,779.0776,104.0136,1085.6178,1244.0054,755.8077,1220.7355,779.0776
1210,1073.8835,875.4108,-97.2372,1003.9152,1113.5821,835.7121,1073.8835,875.4108
1211,1072.5848,832.4993,-79.9113,984.7460,1096.7505,808.3336,1072.5848,832.4993
1212,472.7591,1486.7414,313.0437,1423.0319,1575.5996,383.9009,472.7591,1486.7414
1213,1404.2357,801.7545,-88.4590,1229.7605,1416.9552,789.0351,1404.2357,801.7545
1214,463.9403,2057.9415,56.7241,1872.2325,2059.9575,461.9242,463.9403,2057.9415
1215,552.6054,2002.2305,-7.9056,1791.1013,2002.2736,552.5623,552.6054,2002.2305
1216,1124.4533,986.4749,28.1152,1063.3223,1129.9622,980.9660,1124.4533,986.4749
1217,1116.9764,954.6336,5.6663,1045.3491,1117.1739,954.4360,1116.9764,954.6336
1218,1180.0041,839.9639,-121.4347,1072.8594,1218.9176,801.0504,1180.0041,839.9639
1219,1029.3642,590.8797,153.7179,933.4809,1077.8837,542.3602,1029.3642,590.8797
1220,500.8601,1485.8302,450.6519,1524.3427,1660.8994,325.7909,500.8601,1485.8302
1221,1150.5848,595.2682,86.6597,1007.8754,1163.7942,582.0588,1150.5848,595.2682
1222,1110.8911,843.8191,85.8896,1015.3077,1136.1281,818.5820,1110.8911,843.8191
1223,1129.9463,839.0023,112.3276,1034.6635,1168.2666,800.6820,1129.9463,839.0023
1224,1067.2740,865.0340,-156.6271,1018.6881,1152.5871,779.7209,1067.2740,865.0340
1225,1052.8552,833.5361,-173.0366,1007.7294,1148.0538,738.3375,1052.8552,833.5361
1226,1204.5745,858.7359,-32.2358,1075.7012,1207.5535,855.7568,1204.5745,858.7359
1227,1080.8219,662.8322,-69.6759,951.6738,1092.1304,651.5236,1080.8219,662.8322
1228,1093.9368,670.4840,-77.0589,964.6728,1107.5239,656.8969,1093.9368,670.4840
1229,1080.5332,854.6888,77.1220,996.1770,1104.3561,830.8659,1080.5332,854.6888
1230,1101.2157,971.7888,-28.8290,1043.7403,1107.3467,965.6577,1101.2157,971.7888
1231,1118.4072,953.8472,-42.5829,1048.4796,1128.7733,943.4811,1118.4072,953.8472
1232,1506.8556,385.5064,-88.4171,1364.4703,1513.7843,378.5776,1506.8556,385.5064
1233,356.7516,1981.4496,69.5270,1833.3115,1984.4195,353.7817,356.7516,1981.4496
1234,1117.6010,692.6874,-72.3092,985.0815,1129.5691,680.7193,1117.6010,692.6874
1235,1109.2609,666.4702,-24.9370,968.1005,1110.6609,665.0702,1109.2609,666.4702
1236,1166.9196,888.3758,114.7121,1074.1165,1208.0792,847.2162,1166.9196,888.3758
1237,1077.7129,802.3951,63.0519,975.9498,1091.4658,788.6422,1077.7129,802.3951
1238,1182.6527,972.8819,-118.5287,1112.0847,1236.0392,919.4954,1182.6527,972.8819
1239,396.0887,1981.2929,55.0002,1818.4375,1983.1989,394.1827,396.0887,1981.2929
1240,404.2459,1951.3925,46.6615,1785.7875,1952.7986,402.8399,404.2459,1951.3925
1241,513.9277,2005.1018,33.2642,1804.8261,2005.8435,513.1861,513.9277,2005.1018
1242,1002.7995,1173.8681,-328.0740,1236.6554,1427.3746,749.2930,1002.7995,1173.8681
1243,1032.7346,1429.7028,9.1805,1278.4131,1429.9150,1032.5224,1032.7346,1429.7028
1244,451.0034,1840.7427,31.8546,1662.7088,1841.4725,450.2737,451.0034,1840.7427
1245,439.1444,1971.7970,44.2035,1794.6558,1973.0708,437.8706,439.1444,1971.7970
1246,1095.1004,862.4638,-43.4239,1002.1283,1102.9416,854.6226,1095.1004,862.4638
1247,1180.5434,662.2753,-34.1301,1026.6164,1182.7814,660.0374,1180.5434,662.2753
1248,1130.1416,733.3408,58.3540,998.2211,1138.5453,724.9372,1130.1416,733.3408
1249,1110.0094,686.2505,59.6298,975.6963,1118.2404,678.0195,1110.0094,686.2505
1250,1130.2448,915.5344,201.8651,1096.8715,1251.5261,794.2531,1130.2448,915.5344
1251,1015.1376,885.5777,-68.9803,964.3878,1044.9871,855.7282,1015.1376,885.5777
1252,1116.6404,998.2400,19.8007,1062.9534,1119.8639,995.0164,1116.6404,998.2400
1253,1062.5236,869.0858,-131.3793,1006.2922,1128.9459,802.6634,1062.5236,869.0858
1254,1098.7336,882.7905,-45.5706,1011.3422,1107.9565,873.5676,1098.7336,882.7905
1255,1110.4535,876.7419,-37.2520,1016.0538,1116.2476,870.9478,1110.4535,876.7419
1256,1117.2757,952.3608,41.8368,1047.1378,1127.2820,942.3545,1117.2757,952.3608
1257,1121.9656,903.4536,35.0520,1032.0258,1127.4507,897.9686,1121.9656,903.4536
1258,570.4043,1934.7872,72.6339,1726.5511,1938.6430,566.5485,570.4043,1934.7872
1259,1068.8508,802.7538,182.5562,1014.3037,1161.6976,709.9070,1068.8508,802.7538
1260,1315.2983,879.9215,13.0220,1160.7846,1315.6874,879.5324,1315.2983,879.9215
1261,1088.6880,881.6020,-117.6350,1021.8552,1141.8586,828.4314,1088.6880,881.6020
1262,1130.9493,891.5061,48.3075,1035.6554,1140.3279,882.1275,1130.9493,891.5061
1263,1444.2397,829.6507,-17.6746,1255.7354,1444.7476,829.1429,1444.2397,829.6507
1264,1713.9366,869.1455,7.6885,1484.4223,1714.0066,869.0755,1713.9366,869.1455
1265,423.1411,1961.3823,44.5134,1789.4333,1962.6693,421.8540,423.1411,1961.3823
1266,475.9281,1947.1149,37.2170,1759.3273,1948.0557,474.9872,475.9281,1947.1149
1267,1144.4892,905.2120,-49.3287,1049.0752,1154.2597,895.4415,1144.4892,905.2120
1268,415.4914,1945.2251,46.0841,1776.1420,1946.6121,414.1043,415.4914,1945.2251
1269,406.7312,1999.7671,51.1583,1832.7527,2001.4083,405.0900,406.7312,1999.7671
1270,1121.3806,820.3702,-3.0370,1005.2771,1121.4112,820.3396,1121.3806,820.3702
1271,1299.0500,930.8130,189.2012,1205.0570,1378.9328,850.9302,1299.0500,930.8130
1272,1466.9982,816.7312,23.0170,1273.8052,1467.8119,815.9175,1466.9982,816.7312
1273,1617.0771,445.7758,-268.5820,1519.6083,1675.7268,387.1260,1617.0771,445.7758
1274,539.8119,1314.6424,-18.7247,1145.0213,1315.0946,539.3597,539.8119,1314.6424
1275,1149.5305,690.9434,-31.0610,1003.7216,1151.6247,688.8491,1149.5305,690.9434
1276,822.9186,1251.7330,-158.4419,1135.4592,1303.9234,770.7282,822.9186,1251.7330
1277,1216.0093,728.2595,-320.0849,1196.1743,1374.5387,569.7300,1216.0093,728.2595
1278,1004.2956,640.3213,119.3560,904.5921,1039.9439,604.6730,1004.2956,640.3213
1279,1602.4071,358.2913,-18.1649,1457.0321,1602.6722,358.0261,1602.4071,358.2913
1280,1144.5313,283.8657,-29.6251,1033.5721,1145.5498,282.8472,1144.5313,283.8657
1281,1176.6959,890.9167,54.5000,1067.2013,1186.7367,880.8760,1176.6959,890.9167
1282,1119.3085,872.2960,16.8013,1018.9359,1120.4461,871.1584,1119.3085,872.2960
1283,1226.2045,736.0550,-45.9592,1071.9782,1230.4766,731.7829,1226.2045,736.0550
1284,1211.9345,593.3766,128.3026,1072.9082,1237.4913,567.8197,1211.9345,593.3766
1285,1189.3634,659.0473,55.9162,1036.5625,1195.1951,653.2156,1189.3634,659.0473
1286,1207.9692,772.6551,-136.5928,1085.7324,1247.2795,733.3449,1207.9692,772.6551
1287,1151.2258,837.8027,-96.9208,1044.4688,1178.7753,810.2532,1151.2258,837.8027
1288,2026.1161,765.2876,-109.9383,1782.2764,2035.6304,755.7733,2026.1161,765.2876
1289,1267.6549,663.3635,73.8428,1105.6411,1276.5474,654.4710,1267.6549,663.3635
1290,1272.4394,689.7220,29.2169,1104.4229,1273.9006,688.2607,1272.4394,689.7220
1291,458.1177,1524.2784,284.1531,1441.2587,1595.2822,387.1139,458.1177,1524.2784
1292,1074.8758,874.3732,47.3779,993.3670,1085.5073,863.7418,1074.8758,874.3732
1293,1096.3136,780.2632,168.1289,1019.8544,1169.0248,707.5520,1096.3136,780.2632
1294,1176.2321,851.2797,-117.6215,1071.6347,1214.3383,813.1735,1176.2321,851.2797
1295,1136.9959,932.1837,49.0731,1053.1199,1148.1468,921.0328,1136.9959,932.1837
1296,1269.3442,847.4127,17.6680,1120.0987,1270.0828,846.6742,1269.3442,847.4127
1297,1000.6966,609.5751,107.8302,893.2288,1028.4548,581.8169,1000.6966,609.5751
1298,1096.9973,820.0299,118.0786,1009.0140,1140.5034,776.5238,1096.9973,820.0299
1299,1196.6332,896.8233,-78.7943,1087.0511,1216.0800,877.3765,1196.6332,896.8233
1300,1061.7453,784.8963,-60.6758,959.7135,1074.4594,772.1821,1061.7453,784.8963
1301,1094.5048,871.8792,27.8871,1003.0809,1097.9449,868.4391,1094.5048,871.8792
1302,1109.6704,890.1237,34.0629,1019.5222,1114.8339,884.9602,1109.6704,890.1237
1303,1396.2372,724.1997,101.4958,1222.1674,1411.2313,709.2057,1396.2372,724.1997
1304,1144.6034,887.0309,-26.9010,1041.0635,1147.3830,884.2513,1144.6034,887.0309
1305,1197.3122,819.4796,-74.2008,1067.9174,1211.3617,805.4301,1197.3122,819.4796
1306,1216.3309,784.3059,-95.6786,1080.7795,1236.5721,764.0647,1216.3309,784.3059
1307,1101.7901,870.2461,-152.3872,1040.2436,1177.3947,794.6415,1101.7901,870.2461
1308,1212.3520,795.2694,-123.7232,1088.1298,1246.2914,761.3299,1212.3520,795.2694
1309,1096.6764,940.5073,-0.3466,1027.5317,1096.6772,940.5065,1096.6764,940.5073
1310,1071.4965,820.3721,27.1984,971.7554,1074.4085,817.4601,1071.4965,820.3721
1311,1141.3144,938.1394,98.5208,1068.2280,1181.2414,898.2123,1141.3144,938.1394
1312,1205.2613,867.7444,48.2815,1080.1712,1212.0321,860.9736,1205.2613,867.7444
1313,1199.0453,839.6460,63.4046,1071.4485,1209.9031,828.7883,1199.0453,839.6460
1314,1102.3182,897.0036,36.8463,1017.3546,1108.7304,890.5913,1102.3182,897.0036
1315,1083.9179,760.6317,125.1226,987.8984,1126.6866,717.8630,1083.9179,760.6317
1316,1057.8920,701.7229,139.1640,962.9659,1105.8179,653.7970,1057.8920,701.7229
1317,1071.4999,862.1526,43.6097,986.5739,1080.2210,853.4315,1071.4999,862.1526
1318,1079.6724,731.2557,85.8981,965.9432,1099.6986,711.2295,1079.6724,731.2557
1319,1111.5844,851.4696,127.4983,1030.9740,1163.6553,799.3986,1111.5844,851.4696
1320,1058.1332,619.1915,-181.0495,972.7249,1123.1731,554.1516,1058.1332,619.1915
1321,1177.1032,825.7277,-65.1773,1052.6993,1188.8035,814.0275,1177.1032,825.7277
1322,1065.8679,682.8282,84.8581,946.6398,1083.8254,664.8707,1065.8679,682.8282
1323,1242.1097,595.8241,146.9316,1105.6811,1273.9461,563.9878,1242.1097,595.8241
1324,1128.5095,832.8030,-3.2501,1013.5581,1128.5452,832.7673,1128.5095,832.8030
1325,1275.1163,747.5715,32.2316,1111.1529,1277.0782,745.6096,1275.1163,747.5715
1326,1254.8319,733.1753,-23.6364,1092.6177,1255.9007,732.1065,1254.8319,733.1753
1327,1089.0944,891.4931,58.7739,1010.1136,1105.2544,875.3332,1089.0944,891.4931
1328,1136.0151,852.0221,51.8713,1027.9270,1145.1928,842.8444,1136.0151,852.0221
1329,1224.7357,856.2605,-13.7465,1088.5925,1225.2478,855.7484,1224.7357,856.2605
1330,1098.4057,951.1485,-9.9262,1032.8249,1099.0718,950.4824,1098.4057,951.1485
1331,1134.4363,599.9512,-41.8676,985.6670,1137.6961,596.6915,1134.4363,599.9512
1332,416.7233,1432.9516,-308.0991,1383.7050,1519.0639,330.6110,416.7233,1432.9516
1333,402.7894,1530.0446,-256.5437,1443.7569,1585.6833,347.1506,402.7894,1530.0446
1334,1238.3631,668.0989,176.0087,1116.0141,1288.3122,618.1498,1238.3631,668.0989
1335,560.3944,1326.7705,426.7920,1370.1464,1517.1541,370.0107,560.3944,1326.7705
1336,485.7019,1529.1791,274.4910,1434.4357,1596.9797,417.9013,485.7019,1529.1791
1337,1133.3271,1046.5223,107.7516,1108.3404,1206.0891,973.7603,1133.3271,1046.5223
1338,1093.7771,964.1249,54.8356,1039.4077,1113.8590,944.0430,1093.7771,964.1249
1339,598.2253,1938.6382,94.7187,1727.2417,1945.2983,591.5652,598.2253,1938.6382
1340,591.9214,2309.9351,146.8221,2093.6908,2322.3922,579.4643,591.9214,2309.9351
1341,1029.5447,925.2660,-31.5939,983.0927,1038.3700,916.4407,1029.5447,925.2660
1342,1114.6764,1033.6166,97.4870,1089.6008,1179.7230,968.5700,1114.6764,1033.6166
1343,1097.1769,885.8697,30.7875,1009.6782,1101.5713,881.4753,1097.1769,885.8697
1344,1081.2923,891.4623,55.1115,1004.5291,1096.1322,876.6224,1081.2923,891.4623
1345,450.6238,1308.6963,410.5473,1353.3903,1473.4792,285.8409,450.6238,1308.6963
1346,408.9147,1612.5703,179.3751,1484.8289,1638.7330,382.7519,408.9147,1612.5703
1347,1168.0072,615.3133,10.1612,1012.1614,1168.1940,615.1265,1168.0072,615.3133
1348,949.6713,595.7025,-231.3576,922.8188,1063.9769,481.3969,949.6713,595.7025
1349,911.4531,327.7082,-317.4159,970.4161,1050.7910,188.3703,911.4531,327.7082
1350,1130.8844,928.5825,81.5533,1054.0390,1159.6659,899.8009,1130.8844,928.5825
1351,1168.5256,867.8279,95.5117,1063.8918,1196.2983,840.0553,1168.5256,867.8279
1352,1075.5793,1149.6451,72.3981,1121.4921,1193.9321,1031.2923,1075.5793,1149.6451
1353,1387.7652,1044.2302,350.3490,1391.1851,1606.1880,825.8074,1387.7652,1044.2302
1354,1355.3364,784.1179,-102.8089,1191.9493,1373.2767,766.1776,1355.3364,784.1179
1355,1205.6310,747.1293,-152.3112,1086.5460,1251.6158,701.1446,1205.6310,747.1293
1356,1112.5898,868.9173,-174.8958,1057.3034,1203.9028,777.6043,1112.5898,868.9173
1357,1094.1207,907.9084,-39.7332,1016.2542,1102.2444,899.7847,1094.1207,907.9084
1358,1076.5131,919.2338,-17.5515,1007.5853,1078.4479,917.2990,1076.5131,919.2338
1359,1159.2564,843.7036,-73.6172,1045.8972,1175.5860,827.3740,1159.2564,843.7036
1360,1164.8096,1000.4254,103.0026,1106.4158,1214.3941,950.8409,1164.8096,1000.4254
1361,1121.6387,1070.9413,83.4966,1106.6592,1183.5496,1009.0304,1121.6387,1070.9413
1362,1126.9181,824.7609,86.9675,1021.4827,1150.1613,801.5176,1126.9181,824.7609
1363,1161.7889,851.1115,81.0406,1051.2065,1181.6577,831.2427,1161.7889,851.1115
1364,434.7399,1889.5814,62.8934,1717.5293,1892.2952,432.0260,434.7399,1889.5814
1365,1312.0127,730.4136,13.2304,1138.9006,1312.3135,730.1128,1312.0127,730.4136
1366,1269.7555,626.6405,51.4343,1103.2740,1273.8430,622.5530,1269.7555,626.6405
1367,390.3018,1946.6233,-42.2882,1785.2933,1947.7715,389.1536,390.3018,1946.6233
1368,1131.1759,1008.6265,-110.9919,1092.2042,1196.6837,943.1187,1131.1759,1008.6265
1369,1112.0208,1065.9098,-128.4699,1112.1842,1219.4876,958.4430,1112.0208,1065.9098
1370,1069.5995,732.3095,156.5347,985.1659,1131.0507,670.8583,1069.5995,732.3095
1371,1072.6978,1016.0894,22.3673,1046.2611,1080.4689,1008.3183,1072.6978,1016.0894
1372,369.3900,1912.2406,65.6076,1760.5861,1915.0254,366.6052,369.3900,1912.2406
1373,402.0551,1997.0195,24.6794,1829.9319,1997.4013,401.6733,402.0551,1997.0195
1374,882.9692,527.5008,-127.2481,800.4380,923.8248,486.6452,882.9692,527.5008
1375,666.4265,2705.6607,-109.0943,2448.9396,2711.4804,660.6068,666.4265,2705.6607
1376,1115.2979,807.1852,75.3028,1006.0800,1132.7171,789.7660,1115.2979,807.1852
1377,1101.3313,869.3451,-0.8641,1005.6126,1101.3345,869.3419,1101.3313,869.3451
1378,1087.6772,1088.2792,-101.0496,1101.9664,1189.0282,986.9282,1087.6772,1088.2792
1379,1066.0972,903.7723,16.5097,995.3272,1067.7593,902.1102,1066.0972,903.7723
1380,419.5383,1503.0329,41.9672,1345.2971,1504.6560,417.9152,419.5383,1503.0329
1381,1082.1668,904.9916,-86.8648,1016.5527,1117.6488,869.5096,1082.1668,904.9916
1382,1073.6716,874.4397,-81.9987,999.3627,1103.0793,845.0319,1073.6716,874.4397
1383,1118.8511,937.5570,-37.4485,1042.1427,1126.2820,930.1262,1118.8511,937.5570
1384,1121.0956,960.9640,-51.3200,1053.9809,1136.1311,945.9284,1121.0956,960.9640
1385,1144.3556,912.3213,-47.6779,1051.0373,1153.7704,902.9065,1144.3556,912.3213
1386,1151.2513,916.8643,30.0444,1055.0765,1155.0412,913.0744,1151.2513,916.8643
1387,1106.5827,1009.3831,-47.0282,1064.4476,1125.6112,990.3546,1106.5827,1009.3831
1388,1122.5199,1026.8565,-98.2875,1091.2377,1183.9965,965.3799,1122.5199,1026.8565
1389,348.6768,1946.9261,123.8551,1810.8752,1956.4672,339.1357,348.6768,1946.9261
1390,1193.4529,723.4878,-228.7897,1114.1588,1286.4360,630.5046,1193.4529,723.4878
1391,1079.6079,842.6384,56.8638,987.7115,1092.5466,829.6997,1079.6079,842.6384
1392,1389.8558,935.7325,-76.5822,1234.6480,1402.4226,923.1656,1389.8558,935.7325
1393,521.3878,1561.7089,259.5691,1448.6726,1622.8771,460.2196,521.3878,1561.7089
1394,1179.6294,643.0776,86.6800,1033.9349,1193.2850,629.4220,1179.6294,643.0776
1395,1294.2789,792.1226,116.5211,1148.0941,1319.9993,766.4023,1294.2789,792.1226
1396,1448.9393,734.9477,23.0991,1255.4996,1449.6858,734.2012,1448.9393,734.9477
1397,1083.0268,739.3638,-204.6999,1022.0378,1178.4557,643.9349,1083.0268,739.3638
1398,1069.0547,663.3439,-184.3035,987.7527,1140.2761,592.1225,1069.0547,663.3439
1399,1124.6380,881.2405,62.9458,1030.6335,1139.9529,865.9255,1124.6380,881.2405
1400,1100.0843,848.4798,58.7055,1003.5154,1113.1077,835.4565,1100.0843,848.4798
1401,1190.5633,650.8437,114.0112,1051.2676,1213.6589,627.7481,1190.5633,650.8437
1402,1059.6544,857.1769,-17.0092,974.7699,1061.0733,855.7580,1059.6544,857.1769
1403,1082.1410,825.3800,-166.6009,1020.9659,1164.0874,743.4336,1082.1410,825.3800
1404,1138.2000,805.4172,203.1310,1072.9664,1234.3887,709.2285,1138.2000,805.4172
1405,1237.7802,847.7355,-10.4208,1096.2531,1238.0585,847.4573,1237.7802,847.7355
1406,1184.3833,901.8064,25.6504,1072.3376,1186.6928,899.4969,1184.3833,901.8064
1407,1176.5610,820.5565,29.2622,1046.2996,1178.9502,818.1673,1176.5610,820.5565
1408,1083.5337,903.5479,-114.4131,1025.0320,1139.1055,847.9761,1083.5337,903.5479
1409,1712.0689,460.7645,-108.3705,1545.9159,1721.3851,451.4483,1712.0689,460.7645
1410,1066.2431,857.9289,-120.4658,1000.8455,1121.3365,802.8355,1066.2431,857.9289
1411,1168.0596,588.4949,-184.2939,1060.7474,1221.6983,534.8561,1168.0596,588.4949
1412,1341.4421,593.9218,-94.9458,1175.8157,1353.3131,582.0509,1341.4421,593.9218
1413,963.7302,1151.3860,-240.5454,1148.2275,1315.7552,799.3610,963.7302,1151.3860
1414,1234.1574,611.1457,-108.2718,1085.1553,1252.4374,592.8657,1234.1574,611.1457
1415,1256.7583,638.4332,-45.1226,1091.2334,1260.0338,635.1577,1256.7583,638.4332
1416,1263.4991,787.5300,250.5518,1187.3999,1371.0762,679.9529,1263.4991,787.5300
1417,1238.8592,614.5665,-112.8867,1090.5654,1258.6447,594.7809,1238.8592,614.5665
1418,1191.9329,910.2799,-27.6729,1080.1010,1194.6260,907.5867,1191.9329,910.2799
1419,1144.9014,903.3830,-51.7048,1049.1119,1155.5049,892.7795,1144.9014,903.3830
1420,1141.2485,928.3596,-133.6872,1076.3027,1205.6920,863.9161,1141.2485,928.3596
1421,1084.3737,835.6627,-80.4769,993.7089,1108.1425,811.8939,1084.3737,835.6627
1422,1725.6760,799.5565,125.4550,1511.5190,1742.3697,782.8629,1725.6760,799.5565
1423,1108.9844,876.1066,18.8694,1013.3552,1110.5034,874.5876,1108.9844,876.1066
1424,1380.5323,555.1288,449.0953,1432.7331,1577.7562,357.9049,1380.5323,555.1288
1425,437.4283,1614.6956,-372.8722,1584.1000,1722.8569,329.2670,437.4283,1614.6956
1426,1216.2039,807.2920,68.2720,1078.4358,1227.3014,796.1945,1216.2039,807.2920
1427,982.8964,670.4443,102.7892,887.8629,1013.6789,639.6618,982.8964,670.4443
1428,830.8624,467.2220,286.4894,875.5913,988.3574,309.7270,830.8624,467.2220
1429,408.5594,2012.6474,54.0939,1845.0373,2014.4695,406.7373,408.5594,2012.6474
1430,1190.7994,557.6638,80.4954,1041.3285,1200.8731,547.5900,1190.7994,557.6638
1431,1325.7487,567.5599,46.9467,1154.9477,1328.6446,564.6641,1325.7487,567.5599
1432,1111.7499,879.6923,-42.1919,1018.4248,1119.1830,872.2592,1111.7499,879.6923
1433,1119.4557,770.3249,87.3818,1003.5654,1140.1047,749.6759,1119.4557,770.3249
1434,1070.6230,818.6958,73.9012,977.9397,1090.7013,798.6176,1070.6230,818.6958
1435,960.6963,639.2477,199.4970,914.7946,1056.1581,543.7858,960.6963,639.2477
1436,1236.1776,824.1063,10.9865,1090.3699,1236.4703,823.8136,1236.1776,824.1063
1437,388.2219,1944.9707,44.6871,1784.5273,1946.2524,386.9402,388.2219,1944.9707
1438,388.4296,1874.3121,35.7250,1714.5594,1875.1705,387.5712,388.4296,1874.3121
1439,1064.1816,554.5214,169.8618,967.6900,1115.6053,503.0976,1064.1816,554.5214
1440,1134.5376,578.2982,117.3525,1003.4032,1158.2824,554.5534,1134.5376,578.2982
1441,644.3422,2048.5969,111.9064,1824.6912,2057.4589,635.4802,644.3422,2048.5969
1442,1179.5115,866.0462,-3.8939,1058.2143,1179.5598,865.9979,1179.5115,866.0462
1443,1047.5109,871.7470,-93.2637,984.9629,1087.7748,831.4831,1047.5109,871.7470
1444,1058.4551,772.7572,-186.3628,1001.8709,1150.4186,680.7936,1058.4551,772.7572
1445,1058.3734,815.9044,-195.1320,1018.1121,1166.8655,707.4123,1058.3734,815.9044
1446,1075.1197,884.2336,-153.3338,1028.4105,1160.2884,799.0648,1075.1197,884.2336
1447,1109.3688,795.7733,-176.0099,1036.3815,1188.2934,716.8487,1109.3688,795.7733
1448,1112.1502,852.1944,-195.1377,1062.8177,1216.6355,747.7091,1112.1502,852.1944
1449,611.6006,2036.5730,-36.8456,1811.1290,2037.5251,610.6486,611.6006,2036.5730
1450,1222.7708,849.3158,70.6186,1092.2216,1235.6783,836.4083,1222.7708,849.3158
1451,359.7713,1359.8252,-235.0530,1286.5005,1412.3169,307.2796,359.7713,1359.8252
1452,1133.9052,765.9927,-37.1532,1004.0238,1137.6196,762.2784,1133.9052,765.9927
1453,1211.3210,589.2729,-94.9589,1061.9765,1225.4941,575.0999,1211.3210,589.2729
1454,1004.9483,469.6885,-59.4910,877.0024,1011.4807,463.1561,1004.9483,469.6885
1455,1119.2562,474.8359,-138.7511,1002.2455,1147.8612,446.2310,1119.2562,474.8359
1456,1080.2541,860.1542,83.1457,999.1840,1108.1324,832.2759,1080.2541,860.1542
1457,1524.3475,795.8134,40.0178,1322.3700,1526.5390,793.6218,1524.3475,795.8134
1458,1087.9864,929.2236,45.5184,1020.9819,1100.1109,917.0991,1087.9864,929.2236
1459,1168.3691,666.0406,-152.6637,1049.0156,1211.1260,623.2837,1168.3691,666.0406
1460,1113.2027,859.9703,-70.3566,1017.9873,1131.4372,841.7359,1113.2027,859.9703
1461,439.2704,1979.7754,52.7724,1803.0994,1981.5811,437.4647,439.2704,1979.7754
1462,1123.8930,891.4186,53.7641,1031.7825,1135.7248,879.5868,1123.8930,891.4186
1463,1190.6232,884.7477,32.1957,1072.4135,1193.9753,881.3956,1190.6232,884.7477
1464,1174.5419,907.7001,104.8800,1081.8206,1210.8294,871.4126,1174.5419,907.7001
1465,1175.7151,870.0903,-125.7282,1078.7991,1220.7895,825.0159,1175.7151,870.0903
1466,1138.0125,864.6734,-100.1187,1043.4532,1170.7605,831.9254,1138.0125,864.6734
1467,1140.7911,638.0718,-76.1679,999.0185,1152.0780,626.7849,1140.7911,638.0718
1468,1095.2119,890.1747,-61.7085,1014.0976,1112.3512,873.0354,1095.2119,890.1747
1469,1242.7321,683.9970,62.4391,1083.4694,1249.6247,677.1044,1242.7321,683.9970
1470,1078.5942,800.4514,-61.0761,975.6621,1091.4147,787.6310,1078.5942,800.4514
1471,489.9894,2016.5645,61.6181,1824.8061,2019.0476,487.5063,489.9894,2016.5645
1472,1110.6526,881.9093,30.3537,1017.1442,1114.6119,877.9499,1110.6526,881.9093
1473,1107.8770,885.9135,29.4853,1016.5427,1111.7270,882.0635,1107.8770,885.9135
1474,985.3512,1078.6657,-75.1196,1043.3125,1120.4384,943.5785,985.3512,1078.6657
1475,1129.3440,862.6873,-23.7448,1023.2634,1131.4419,860.5894,1129.3440,862.6873
1476,1104.6889,909.8626,-17.3717,1021.7523,1106.2258,908.3258,1104.6889,909.8626
1477,1942.0001,804.0196,32.6528,1691.0364,1942.9362,803.0834,1942.0001,804.0196
1478,1080.5398,873.2009,-240.7710,1077.2324,1239.0115,714.7291,1080.5398,873.2009
1479,1117.6990,872.9338,62.8307,1023.4405,1132.8853,857.7475,1117.6990,872.9338
1480,1074.2026,937.2444,43.0384,1015.4333,1086.6042,924.8428,1074.2026,937.2444
1481,440.3925,1490.8624,-276.0065,1410.1739,1558.9666,372.2883,440.3925,1490.8624
1482,384.5149,1434.9957,-193.7570,1329.6287,1469.5939,349.9167,384.5149,1434.9957
1483,1071.6622,1041.1684,112.0683,1074.4248,1169.5160,943.3147,1071.6622,1041.1684
1484,1097.8529,1002.0561,67.5198,1059.6999,1132.7385,967.1705,1097.8529,1002.0561
1485,366.7522,1782.0514,-232.3977,1678.8893,1819.2351,329.5684,366.7522,1782.0514
1486,1760.2745,743.8751,78.8570,1536.6025,1766.3562,737.7934,1760.2745,743.8751
1487,397.1619,1396.7796,-205.2338,1296.2816,1437.2760,356.6655,397.1619,1396.7796
1488,1129.9467,870.7625,100.5206,1039.9062,1164.3623,836.3470,1129.9467,870.7625
1489,535.7199,1413.7860,480.3957,1490.2125,1625.5448,323.9611,535.7199,1413.7860
1490,1162.7058,783.4211,-16.5862,1027.4095,1163.4297,782.6971,1162.7058,783.4211
1491,1120.8530,873.4636,-93.5053,1032.6933,1152.2183,842.0983,1120.8530,873.4636
1492,1265.4005,606.2185,-39.6662,1098.3398,1267.7788,603.8401,1265.4005,606.2185
1493,1088.2555,965.2840,-3.3739,1032.2944,1088.3480,965.1915,1088.2555,965.2840
1494,1111.1652,963.9967,-8.2149,1045.4763,1111.6223,963.5396,1111.1652,963.9967
1495,1140.6158,929.0546,71.2106,1058.1424,1162.3518,907.3186,1140.6158,929.0546
1496,1513.5946,753.9611,68.4168,1316.1600,1519.7074,747.8483,1513.5946,753.9611
1497,1347.7891,769.6632,-26.7915,1172.0609,1349.0280,768.4243,1347.7891,769.6632
1498,380.3019,1569.0328,-158.6757,1444.0642,1589.8489,359.4859,380.3019,1569.0328
1499,418.7088,1754.3201,-11.0614,1587.0645,1754.4117,418.6172,418.7088,1754.3201
1500,1196.1916,747.0000,-77.9589,1055.2540,1209.3370,733.8546,1196.1916,747.0000
1501,946.1625,767.8637,33.3697,872.7284,952.2032,761.8230,946.1625,767.8637
1502,1072.7515,628.7798,-19.2682,934.2104,1073.5862,627.9451,1072.7515,628.7798
1503,1147.6316,403.6022,36.1565,1010.2911,1149.3845,401.8493,1147.6316,403.6022
1504,666.7209,1212.5543,158.0853,1086.8957,1255.0334,624.2418,666.7209,1212.5543
1505,1214.1901,814.7701,-89.8360,1083.0668,1233.4655,795.4948,1214.1901,814.7701
1506,463.5053,1428.1592,-290.7833,1358.7425,1509.0322,382.6323,463.5053,1428.1592
1507,1054.7367,727.2286,-73.2305,943.6018,1070.3652,711.6001,1054.7367,727.2286
1508,1038.8113,698.7231,-143.0478,950.2050,1090.9781,646.5563,1038.8113,698.7231
1509,1048.1920,848.9078,-44.7593,967.2346,1057.7834,839.3165,1048.1920,848.9078
1510,442.9721,2624.4264,148.5486,2446.9350,2634.4956,432.9030,442.9721,2624.4264
1511,1255.8168,573.6642,94.7302,1101.2133,1268.7276,560.7535,1255.8168,573.6642
1512,1101.8816,841.9490,23.8934,998.5017,1104.0596,839.7709,1101.8816,841.9490
1513,1113.7811,844.3707,25.5435,1007.4639,1116.1815,841.9702,1113.7811,844.3707
1514,1073.9449,844.6271,-188.9189,1032.8314,1180.2770,738.2951,1073.9449,844.6271
1515,1186.7044,839.8180,-142.0148,1085.1039,1237.4280,789.0944,1186.7044,839.8180
1516,787.9253,889.2639,-242.9140,942.3188,1086.7369,590.4523,787.9253,889.2639
1517,485.0938,1357.6356,310.7903,1307.5479,1457.0165,385.7129,485.0938,1357.6356
1518,487.2155,1466.5901,373.0176,1446.0797,1592.4804,361.3252,487.2155,1466.5901
1519,1092.7196,588.1342,-119.9216,969.7504,1119.7705,561.0834,1092.7196,588.1342
1520,1045.5966,562.2409,-34.0921,908.2933,1047.9893,559.8482,1045.5966,562.2409
1521,1171.3662,570.0597,22.2003,1015.2816,1172.1847,569.2412,1171.3662,570.0597
1522,831.7150,468.0744,159.3545,773.1239,891.6642,408.1253,831.7150,468.0744
1523,1054.1394,594.5502,-34.1908,917.3157,1056.6691,592.0205,1054.1394,594.5502
1524,1095.6683,808.8943,-211.7422,1050.2492,1208.0050,696.5577,1095.6683,808.8943
1525,1067.0193,496.7947,-124.5457,949.6213,1093.0350,470.7790,1067.0193,496.7947
1526,1031.9140,725.1383,-205.5767,984.4679,1135.0210,622.0313,1031.9140,725.1383
1527,362.9018,1939.0873,61.1542,1788.6527,1941.4564,360.5327,362.9018,1939.0873
1528,386.0248,1952.0085,39.1847,1791.7686,1952.9883,385.0449,386.0248,1952.0085
1529,1112.9121,893.9053,-8.7750,1021.2899,1113.2631,893.5543,1112.9121,893.9053
1530,1106.8195,849.2962,-87.5565,1014.5611,1133.7682,822.3476,1106.8195,849.2962
1531,1254.0832,616.0791,-270.1208,1182.6070,1353.0854,517.0769,1254.0832,616.0791
1532,1670.8131,667.4688,-49.3128,1459.1815,1673.2309,665.0510,1670.8131,667.4688
1533,1776.6227,798.6102,-138.8038,1559.8516,1795.9408,779.2922,1776.6227,798.6102
1534,1079.4474,539.5149,-19.9846,935.4695,1080.1861,538.7762,1079.4474,539.5149
1535,1118.3592,917.0060,-9.4424,1032.6435,1118.8010,916.5641,1118.3592,917.0060
1536,1095.0525,889.6971,41.9540,1010.7999,1103.2931,881.4566,1095.0525,889.6971
1537,798.8917,926.5493,225.4986,953.4452,1097.0786,628.3624,798.8917,926.5493
1538,1169.1029,681.7164,-104.4408,1033.0856,1190.5403,660.2790,1169.1029,681.7164
1539,1258.3024,668.7555,-74.5139,1098.0524,1267.5745,659.4833,1258.3024,668.7555
1540,1093.4514,899.5953,46.9309,1013.8301,1104.2153,888.8314,1093.4514,899.5953
1541,1108.4123,898.0942,57.0733,1024.4337,1122.9019,883.6046,1108.4123,898.0942
1542,992.1154,606.0585,-94.1156,881.4154,1013.8373,584.3366,992.1154,606.0585
1543,456.5463,1528.9074,276.8197,1441.4794,1596.1494,389.3044,456.5463,1528.9074
1544,1020.9553,612.4831,-87.3077,902.7931,1038.8341,594.6043,1020.9553,612.4831
1545,1028.1870,637.5949,3.8532,898.9847,1028.2250,637.5569,1028.1870,637.5949
1546,1225.3294,922.9899,-183.9143,1150.5865,1312.2285,836.0908,1225.3294,922.9899
1547,1178.8178,586.3806,-92.7018,1033.4401,1192.9845,572.2138,1178.8178,586.3806
1548,1231.1604,183.4877,-27.6675,1151.4414,1231.8906,182.7576,1231.1604,183.4877
1549,1268.4998,647.9909,-295.6682,1212.1331,1386.8215,529.6693,1268.4998,647.9909
1550,1141.3982,1091.8406,-163.7659,1152.8827,1282.2493,950.9895,1141.3982,1091.8406
1551,1073.5633,570.9678,-138.8325,960.9348,1109.3631,535.1680,1073.5633,570.9678
1552,1105.4079,569.9240,-105.7848,974.8398,1125.5481,549.7837,1105.4079,569.9240
1553,1491.6864,479.3343,188.8816,1359.0078,1525.7793,445.2415,1491.6864,479.3343
1554,1022.2180,709.5547,-34.9199,909.2503,1026.0706,705.7022,1022.2180,709.5547
1555,1091.9624,517.0623,-44.0667,949.1830,1095.3206,513.7041,1091.9624,517.0623
1556,985.1981,326.4115,25.5277,870.3647,986.1858,325.4238,985.1981,326.4115
1557,1659.5305,680.2951,-143.3656,1466.1288,1680.0884,659.7371,1659.5305,680.2951
1558,1283.6014,423.8519,225.4787,1198.2270,1339.1470,368.3063,1283.6014,423.8519
1559,401.4256,1521.4084,286.3621,1452.9637,1590.3794,332.4547,401.4256,1521.4084
1560,1108.1647,1302.5649,-224.5158,1277.6815,1450.0180,960.7116,1108.1647,1302.5649
1561,1168.5990,531.8196,-169.0180,1054.8332,1210.6799,489.7387,1168.5990,531.8196
1562,1550.4920,698.5031,92.1570,1354.3955,1560.3463,688.6487,1550.4920,698.5031
