vid,x,y,z
0,0.60763139,-0.01585658,0.00000000
1,0.56069916,-0.23469938,0.00000000
2,0.56948109,-0.11812300,0.02990695
3,0.53905779,0.07193168,0.06701566
4,0.52359138,-0.03098125,0.08358589
5,0.52037402,-0.24411055,0.03609087
6,0.51397811,-0.10916341,0.08234089
7,0.47277260,0.17219378,0.10037983
8,0.48948053,0.06081301,0.10754664
9,0.46707418,-0.02935745,0.12412365
10,0.48523309,-0.31915445,0.02905433
11,0.46529851,0.30536038,0.05618193
12,0.45010976,-0.23987919,0.09312288
13,0.42373473,0.14439555,0.13575289
14,0.44782562,-0.31936847,0.05929201
15,0.41720343,-0.44205052,0.00000000
16,0.43580967,0.42371842,0.00000000
17,0.41063764,-0.24913811,0.11336037
18,0.38040795,-0.35216815,0.08456033
19,0.38840769,-0.44045236,0.02256462
20,0.37569270,0.10278945,0.16394575
21,0.37919150,-0.01180225,0.16855402
22,0.36049928,0.36179574,0.08886144
23,0.37269156,-0.41909986,0.04835709
24,0.36261296,-0.11815305,0.16551587
25,0.33925281,0.21288890,0.15535978
26,0.33586959,-0.26129124,0.14073665
27,0.33762752,-0.34675082,0.10638749
28,0.33407626,0.28871210,0.13254710
29,0.31682277,-0.40982776,0.08050470
30,0.29906389,0.03061638,0.19018279
31,0.32757839,-0.19051376,0.16222617
32,0.30950979,-0.03514073,0.18733082
33,0.31610395,0.12561730,0.17955477
34,0.29210492,-0.50958751,0.02037053
35,0.29687793,0.47106298,0.04715174
36,0.29322852,-0.10920227,0.18293983
37,0.27830068,0.25161551,0.16133323
38,0.29571880,-0.33972043,0.12256131
39,0.27106237,-0.27228667,0.15066041
40,0.28106791,-0.40823414,0.09347030
41,0.25195700,0.00853993,0.19504402
42,0.28215165,-0.47677576,0.04982871
43,0.27267384,0.35782344,0.12210759
44,0.25562365,0.07896312,0.19396026
45,0.25906642,-0.20004162,0.16960623
46,0.28411874,-0.06764115,0.18851410
47,0.24515792,-0.47511578,0.06342771
48,0.24099846,0.32730743,0.14305172
49,0.24426490,-0.16604641,0.17624799
50,0.24306643,-0.40963384,0.10104532
51,0.22262392,-0.35367131,0.12636874
52,0.23261209,-0.56156832,0.00000000
53,0.21588987,0.56820679,0.00000000
54,0.22110517,-0.31679679,0.13853050
55,0.23365607,-0.02284791,0.19349574
56,0.20958736,0.15866799,0.18880410
57,0.23922213,0.25758936,0.16673109
58,0.20694730,-0.47733890,0.06919450
59,0.18842818,0.45237342,0.09347973
60,0.19606987,-0.12437853,0.17615511
61,0.19944142,-0.25053301,0.15302087
62,0.20299805,-0.41271769,0.10304705
63,0.18929760,-0.54547520,0.02440053
64,0.18600231,0.22705214,0.17762786
65,0.17219789,0.09004379,0.19231649
66,0.16146762,0.39791934,0.12355961
67,0.19321534,-0.01882790,0.18993444
68,0.16847239,-0.48529009,0.06836665
69,0.18120437,-0.37590113,0.11585444
70,0.16480723,-0.22356401,0.14286846
71,0.17783069,0.36376356,0.13752184
72,0.17008323,0.15524904,0.18840181
73,0.15493414,-0.52167363,0.04753067
74,0.12807757,0.29291913,0.15995809
75,0.13439722,0.02254817,0.18633749
76,0.12920241,0.09553556,0.18940829
77,0.12008350,0.25052963,0.17026806
78,0.12924414,-0.49204654,0.06207929
79,0.10409823,-0.45630160,0.06476003
80,0.10630042,0.17561030,0.18324888
81,0.10813222,0.54107660,0.04003548
82,0.08177781,0.45688964,0.08900703
83,0.08999541,0.10160331,0.19126756
84,0.07012142,0.39259879,0.11897012
85,0.02649268,0.28862061,0.15613595
86,0.04464428,0.22777804,0.17212685
87,0.07255357,0.16724169,0.18400968
88,0.00000000,-0.60700101,0.00426415
89,0.00000000,0.15232795,0.19078821
90,-0.01392512,0.24370557,0.16907738
91,-0.00482589,0.27895604,0.15916511
92,0.01104270,0.35036598,0.13528947
93,0.01509998,0.38564479,0.12156971
94,-0.00411386,0.51852798,0.05741799
95,-0.00358182,0.45061386,0.09302606
96,-0.04148512,-0.61245286,0.00000000
97,-0.03911760,0.16566094,0.18537372
98,-0.04499361,0.23985033,0.16980288
99,-0.07450262,-0.51411599,0.04097396
100,-0.06392636,0.30085023,0.15256576
101,-0.04806680,0.32902046,0.14322368
102,-0.08204150,0.42063435,0.10639315
103,-0.08999541,0.10160331,0.19126756
104,-0.10073948,0.45935291,0.08779876
105,-0.08654764,0.54730459,0.03687049
106,-0.11387736,0.17078672,0.18329664
107,-0.12448786,-0.50546661,0.05652704
108,-0.10694845,0.24703759,0.16890075
109,-0.15220142,0.05660851,0.18976536
110,-0.16197881,-0.55365226,0.02351971
111,-0.14624003,-0.01104966,0.18270238
112,-0.15855638,0.35415447,0.14006055
113,-0.16626510,-0.21439822,0.14557216
114,-0.20096873,-0.54146199,0.02542966
115,-0.14992341,0.41349130,0.11363492
116,-0.18666386,0.22482012,0.17788736
117,-0.19942751,-0.24091121,0.15466323
118,-0.18030098,0.47876352,0.07577676
119,-0.19811809,-0.47404563,0.07193456
120,-0.17601016,0.26306521,0.16902525
121,-0.21954819,0.14760346,0.18996825
122,-0.22234248,-0.04814732,0.19029183
123,-0.19598665,-0.27943419,0.14517873
124,-0.24124672,0.55791342,0.00000000
125,-0.23261209,-0.56156832,0.00000000
126,-0.21675727,-0.34589491,0.12871826
127,-0.22684764,-0.40659194,0.10409893
128,-0.23307204,0.32684198,0.14479100
129,-0.24872640,-0.49777257,0.04729808
130,-0.24200264,0.17937711,0.18405137
131,-0.25880553,-0.09872524,0.18598664
132,-0.26272888,-0.19741230,0.16938818
133,-0.27043285,0.10355203,0.19048944
134,-0.25552272,0.38880143,0.11268592
135,-0.28745055,-0.49349479,0.03604568
136,-0.26422958,0.00376301,0.19387001
137,-0.26608729,-0.39744904,0.10274211
138,-0.28158650,-0.27506798,0.14801406
139,-0.29767846,0.23746977,0.16122321
140,-0.30889916,-0.13341909,0.17618676
141,-0.28293046,0.47190115,0.05472119
142,-0.32155426,-0.48577182,0.02574487
143,-0.31546948,0.16084139,0.17397536
144,-0.31187379,-0.05890016,0.18442929
145,-0.32996267,-0.21028102,0.15596744
146,-0.30893000,0.05445736,0.18733474
147,-0.32829155,-0.41954359,0.06980548
148,-0.32061956,0.30039085,0.13379286
149,-0.33863362,-0.31368981,0.11991371
150,-0.34255315,-0.24671418,0.14229463
151,-0.33447830,0.18772780,0.16298613
152,-0.36236294,-0.09210467,0.16816692
153,-0.37309654,0.34971176,0.08863986
154,-0.35577212,0.00934629,0.17589241
155,-0.38061532,-0.14922213,0.15273252
156,-0.38150608,0.08460015,0.16306259
157,-0.38296933,-0.44004005,0.02609052
158,-0.36477981,-0.34541428,0.09477966
159,-0.39360590,-0.21563040,0.13141945
160,-0.41998169,-0.05531551,0.14800246
161,-0.42708814,0.43250787,0.00000000
162,-0.42050749,-0.43890867,0.00000000
163,-0.42243302,0.01511105,0.14875303
164,-0.43731931,0.12562616,0.13099030
165,-0.44951507,-0.16557078,0.11508626
166,-0.45584902,-0.23520980,0.09026878
167,-0.46826362,0.30327457,0.05338395
168,-0.46535652,-0.35007191,0.02743538
169,-0.45634830,-0.05491165,0.12835717
170,-0.47519187,0.05679221,0.11649988
171,-0.46383956,0.19800486,0.09822230
172,-0.47774227,-0.13748051,0.10311730
173,-0.52789900,-0.04291532,0.07825317
174,-0.55280322,0.09792115,0.04983966
175,-0.54224122,-0.10627927,0.05811440
176,-0.56033170,-0.23557536,0.00000000
177,-0.60783815,0.00039636,0.00000000
178,-0.59632093,-0.11776543,0.00000000
179,0.59004068,-0.14601137,0.00000000
180,-0.51481909,0.32315424,0.00000000
181,0.48898762,0.36105189,0.00000000
182,-0.36590597,-0.48536602,0.00000000
183,0.35627878,-0.49247620,0.00000000
184,-0.12082618,0.59570831,0.00000000
185,-0.50479850,-0.15362600,0.07950412
186,-0.43654337,0.26117851,0.09436476
187,0.47019396,-0.16149539,0.10349471
188,0.37857657,0.21457119,0.14011141
189,-0.36451698,0.19628611,0.15041150
190,-0.41466818,-0.15612786,0.13628414
191,0.31977169,0.17150605,0.17105033
192,-0.07997610,0.37936701,0.12438092
193,0.36294863,-0.18714196,0.15228113
194,-0.32082690,-0.17127686,0.16695194
195,0.06929205,0.33280237,0.14179567
196,0.29348463,-0.19728948,0.16745548
197,-0.29592469,-0.20549659,0.16428381
198,-0.25158500,0.07211420,0.19440491
199,0.04991116,0.26324746,0.16298298
200,-0.22464261,-0.08949329,0.18573850
201,0.22470422,-0.09637160,0.18539334
202,-0.13779458,-0.36111987,0.10012960
203,0.15118771,0.12390830,0.18971762
204,-0.16611786,-0.17543660,0.15405481
205,0.16592947,-0.14503296,0.16063935
206,-0.11026256,0.06551871,0.18901724
207,0.11130672,0.06365963,0.18890131
208,0.12241723,0.40990008,0.11447742
209,-0.16913807,0.01747525,0.18930335
210,-0.14547009,0.23533503,0.17435434
211,-0.12020394,-0.53825738,0.03912467
212,0.08484328,0.60188782,0.00000000
213,0.59559309,0.12139286,0.00000000
214,-0.50067735,-0.34465858,0.00000000
215,0.49678737,-0.35024232,0.00000000
216,-0.35689431,0.49203029,0.00000000
217,-0.11670338,-0.59242719,0.00000000
218,0.13167903,-0.58844018,0.00000000
219,0.33167984,0.47477607,0.02900843
220,-0.05981484,-0.58143778,0.01307769
221,0.48747129,-0.08575303,0.10583617
222,-0.18691607,-0.31940480,0.13301640
223,0.47124947,0.23873597,0.08050288
224,-0.51760768,-0.18711436,0.06004918
225,-0.19154930,-0.06919833,0.18326421
226,-0.49107571,0.09483935,0.10154079
227,0.47146590,-0.29298500,0.05443409
228,0.41139783,0.28402594,0.10051111
229,-0.40465129,0.28809885,0.10171219
230,0.22719227,-0.50260688,0.04927815
231,0.22382332,0.42476646,0.10052085
232,-0.23484704,0.42110314,0.10070288
233,0.06242656,-0.53622925,0.03191833
234,-0.44762523,-0.32637244,0.05544488
235,0.43452481,0.07539677,0.14004082
236,0.35823760,-0.28389159,0.12475941
237,-0.11085286,0.35540392,0.13571959
238,0.39125859,-0.12058829,0.15425753
239,-0.36615880,0.04607795,0.17161202
240,0.03256690,0.13397208,0.19096167
241,0.05799668,0.42624588,0.10377111
242,-0.30412948,0.19931069,0.16912946
243,0.35842885,-0.45730633,0.02844748
244,-0.35648241,-0.47281658,0.01649994
245,-0.47681188,-0.09342756,0.11150338
246,-0.28161533,-0.35787160,0.11760556
247,-0.36317872,-0.21380029,0.14455031
248,0.10617239,0.33334799,0.14482627
249,0.28775357,0.00167166,0.19194926
250,0.25778357,0.28936721,0.15357517
251,-0.26002501,-0.30021110,0.14235902
252,0.25695505,-0.33227360,0.13231904
253,-0.25586793,-0.03366951,0.19236907
254,-0.37844200,-0.11768701,0.15883971
255,-0.19890102,-0.19906937,0.16290847
256,-0.20535442,-0.50532912,0.05162853
257,0.26352559,-0.44306419,0.07842814
258,0.28155553,0.18336115,0.17735224
259,-0.02807332,0.30487953,0.15120507
260,-0.11714670,0.12971965,0.18761976
261,-0.15527174,0.19233612,0.18271242
262,0.17940039,0.19049283,0.18418196
263,0.08878624,0.27416407,0.16159243
264,0.30514585,-0.15310359,0.17454173
265,0.11251825,-0.52997925,0.04156195
266,-0.28707080,-0.16733961,0.17346529
267,0.07562182,0.20237285,0.17779871
268,-0.47897672,0.32785602,0.03109360
269,0.16160858,-0.41438809,0.09859463
270,-0.24145151,-0.37050947,0.11840059
271,-0.07413687,0.22318829,0.17363127
272,-0.20690234,0.29287114,0.15951593
273,-0.03386363,0.20674627,0.17757896
274,0.33736593,0.50562000,0.00000000
275,-0.32048533,0.44809080,0.05416496
276,-0.55866607,0.02684695,0.05157838
277,0.55258685,0.17630701,0.03211627
278,0.57661384,-0.07538361,0.02970025
279,0.05572837,0.57288368,0.02208202
280,0.33195677,0.40203031,0.07825422
281,0.54453741,-0.20338017,0.03005098
282,0.48703799,0.26742162,0.05637594
283,-0.16045915,-0.25090089,0.13480468
284,-0.29495218,-0.53147960,0.00000000
285,0.26347902,-0.54776472,0.00000000
286,-0.46648866,-0.29064991,0.05948476
287,0.36928762,-0.04977822,0.17051017
288,0.26162519,0.46666685,0.06397261
289,-0.09443335,-0.47518173,0.05699234
290,0.39449024,-0.28327407,0.10895712
291,0.45207650,-0.09759722,0.12711267
292,-0.15518892,-0.05110410,0.17723590
293,-0.23545689,0.36246136,0.12939133
294,-0.38314372,-0.30924393,0.10294357
295,0.41700235,0.21400551,0.12218699
296,-0.50862537,-0.11782843,0.08433591
297,0.35669591,0.25122752,0.13763768
298,-0.38831013,-0.37532187,0.06626441
299,0.35101041,-0.38873476,0.07899272
300,-0.32895680,-0.01657117,0.18325639
301,0.22543933,0.36145362,0.13196660
302,0.32444264,-0.30431954,0.12912057
303,-0.04730481,0.12566528,0.19104017
304,-0.36576411,0.11933894,0.16491475
305,-0.33403260,0.22225510,0.15475950
306,0.03902272,0.45474914,0.09027508
307,0.38517554,-0.21835862,0.13544540
308,0.04663238,0.36232503,0.13060629
309,0.32094667,0.08231155,0.18318704
310,-0.30732970,-0.45685647,0.05449916
311,-0.23413086,-0.13374694,0.18058336
312,-0.22965955,-0.00921833,0.19397091
313,-0.40887683,-0.12076214,0.14557492
314,0.22036033,0.23144600,0.17519926
315,-0.22877314,0.21795547,0.17769683
316,0.19413854,-0.51224334,0.04846180
317,0.24161475,-0.25938445,0.15569117
318,-0.26923788,-0.23681776,0.15995780
319,-0.03529133,0.27282561,0.16100358
320,0.26860217,0.03946597,0.19413425
321,0.26215512,-0.37174975,0.11583941
322,0.19116983,-0.08575873,0.18105060
323,-0.16840518,0.29608212,0.15971337
324,-0.09038131,-0.56193824,0.02266198
325,0.21762655,0.29464893,0.15838939
326,-0.34634642,-0.13470624,0.16720825
327,0.08449653,0.36235011,0.13173207
328,-0.00056195,0.18163843,0.18489360
329,-0.17457835,0.08538679,0.19229062
330,-0.15063133,-0.43099114,0.09137822
331,0.27557141,-0.17006793,0.17479502
332,0.19476025,0.12288348,0.19224457
333,0.45937722,0.04498783,0.12833884
334,-0.17575299,-0.35608349,0.12026943
335,0.20255509,-0.16495979,0.17099679
336,-0.19888234,-0.15598431,0.17093970
337,-0.08268028,0.51637970,0.05615007
338,0.11929929,-0.41867033,0.07921768
339,-0.36418255,0.28238262,0.12366569
340,0.18759465,0.51904819,0.04888446
341,-0.51986758,0.17276985,0.06275677
342,0.07985420,0.51583160,0.05649944
343,-0.58008579,-0.05264516,0.02808366
344,-0.27737125,0.50493850,0.03178081
345,-0.44205069,0.33301741,0.05818246
346,0.55377300,0.03133198,0.05699100
347,-0.40297705,-0.02260937,0.15764428
348,0.42366449,-0.21155375,0.11844277
349,0.04220190,0.60637146,0.00000000
350,0.57708573,-0.19089116,0.00000000
351,0.58584660,0.16202202,0.00000000
352,-0.54225647,-0.27463669,0.00000000
353,-0.39251760,-0.46410912,0.00000000
354,0.38650444,-0.46912864,0.00000000
355,-0.32027730,0.40861070,0.08050225
356,-0.04042694,0.46707356,0.08448884
357,-0.09020793,0.57253190,0.01990423
358,0.18062642,-0.57540870,0.00000000
359,0.41437022,-0.00301476,0.15375519
360,0.50591781,-0.28384918,0.02982793
361,-0.39986765,0.20468039,0.13295705
362,0.38785543,0.14214018,0.15301081
363,0.39503171,-0.38448346,0.05783074
364,-0.24779303,0.28690562,0.15657818
365,-0.45250745,-0.20358660,0.10298849
366,-0.52649184,0.02561185,0.08040412
367,-0.34730972,-0.38228117,0.08333872
368,-0.02452578,-0.57919663,0.01512876
369,-0.32029422,-0.28076156,0.13794410
370,0.18743576,-0.29161826,0.13975798
371,0.45475865,0.00479622,0.13252178
372,-0.04872883,0.36159164,0.13138072
373,-0.30722876,0.09293958,0.18506210
374,-0.38626437,-0.18348491,0.14312051
375,0.15828256,0.25954235,0.17018169
376,-0.26989476,-0.46396743,0.06397668
377,0.29963534,0.21423576,0.16655894
378,0.21501308,0.08781943,0.19466579
379,0.35756205,0.42201556,0.05378478
380,-0.17673065,0.38699047,0.12568375
381,0.39539463,0.25037644,0.12128928
382,0.34946552,-0.22352616,0.14765328
383,0.23415348,-0.22661302,0.16329888
384,-0.23419875,-0.22268818,0.16377075
385,-0.07057842,0.26099061,0.16426435
386,-0.36712805,0.23764941,0.13787128
387,-0.26825282,0.20964713,0.17447291
388,0.28127045,0.14577841,0.18406179
389,-0.08101873,0.14470309,0.18740634
390,0.22441159,-0.44363435,0.08616285
391,0.27427915,-0.23610261,0.16060372
392,0.15130452,0.33128150,0.14905494
393,0.10724093,0.13414830,0.18806570
394,-0.16603388,-0.49088499,0.06522737
395,0.29120670,0.06417079,0.19041642
396,-0.33394796,0.03118744,0.18216007
397,0.20698984,0.39288124,0.12121077
398,0.01746220,0.25295875,0.16679565
399,-0.55387438,-0.17161233,0.03170116
400,-0.21247349,-0.44201374,0.08816852
401,-0.19751613,0.11578054,0.19265732
402,0.21733478,0.19759050,0.18253581
403,0.41802739,-0.10741774,0.14413924
404,-0.44527650,-0.12608853,0.12573694
405,0.23211578,-0.13172897,0.18110411
406,0.13197607,-0.37922490,0.09355084
407,-0.24754658,-0.06683546,0.18943960
408,0.11224334,0.21253180,0.17759741
409,-0.16586216,-0.13417043,0.16299185
410,0.18214152,-0.04805289,0.18437182
411,0.15192371,0.05756643,0.19017226
412,-0.45660163,0.09137477,0.12474604
413,-0.26248857,-0.52443236,0.02111111
414,-0.11288223,-0.43863779,0.07196216
415,0.04852406,-0.61057889,0.00000000
416,0.48416611,0.13358249,0.10116209
417,-0.44863670,0.36387478,0.03553023
418,0.53765646,0.21862321,0.03124287
419,0.02702384,0.54626340,0.04029068
420,0.15249316,0.50139736,0.06549323
421,-0.51031191,-0.01152523,0.09373415
422,0.60516715,-0.05692155,0.00000000
423,-0.58628982,0.16041063,0.00000000
424,0.52089852,-0.31326044,0.00000000
425,0.49412535,-0.18613900,0.07946482
426,-0.25051929,0.45355673,0.07806657
427,-0.53152046,-0.24679016,0.02406129
428,-0.30779173,0.34065365,0.12116271
429,-0.43303139,0.19089848,0.11909753
430,0.38790941,0.02968935,0.16489434
431,-0.38298748,-0.05650671,0.16413825
432,-0.12366762,0.43527086,0.10111828
433,0.25813873,0.42965310,0.08834884
434,-0.04188228,0.43219641,0.10141147
435,-0.38445980,0.16118812,0.15023638
436,0.40983675,-0.41267249,0.02901042
437,-0.41071076,-0.40457402,0.03416527
438,0.42690042,0.31568136,0.07775897
439,-0.42032347,0.08826666,0.14517977
440,-0.35187464,0.45863712,0.03055324
441,0.29742380,0.50118975,0.02423459
442,-0.25613590,0.14026007,0.18831267
443,0.03545822,0.32518264,0.14411582
444,0.41255330,0.10781495,0.14742067
445,-0.52322848,0.09751257,0.07629901
446,0.34272667,-0.15339079,0.16581853
447,0.33840263,-0.05359117,0.17956047
448,0.52078454,-0.07029242,0.08252286
449,0.05789883,0.48582516,0.07403306
450,0.34721364,0.32627580,0.11191622
451,0.24097806,0.12414281,0.19170382
452,-0.07457131,0.18654724,0.18106509
453,-0.30086261,0.01374242,0.18957119
454,0.25956524,-0.10026035,0.18645602
455,-0.18643099,0.32543971,0.15005603
456,0.21975727,-0.28280201,0.14783087
457,0.25596466,0.21511546,0.17524915
458,-0.29541335,-0.31682810,0.13128561
459,-0.13744514,-0.46816829,0.07501656
460,0.55907612,-0.16078325,0.02988605
461,-0.23626256,0.10906275,0.19307370
462,-0.53361756,-0.14523282,0.05774149
463,-0.27774351,-0.06339133,0.18870909
464,-0.15797379,0.12171229,0.18990601
465,0.30114075,-0.44348246,0.06556981
466,0.31346661,-0.22988315,0.15589888
467,0.12727351,0.36964927,0.13296369
468,0.39758613,-0.18180719,0.13950785
469,-0.34480006,-0.44825556,0.04191476
470,0.22744108,-0.19329628,0.16942066
471,-0.23942170,-0.26676429,0.15353698
472,0.47767017,0.33056086,0.03103165
473,0.15860219,-0.26257581,0.13136084
474,0.17150839,0.01910637,0.18998051
475,-0.19710370,-0.11361520,0.17775874
476,-0.20324317,0.01287677,0.19301438
477,0.44487623,-0.13519185,0.12509443
478,-0.47092476,0.27099169,0.06666808
479,-0.19651574,-0.57117844,0.00000000
480,-0.21555679,0.07683864,0.19490783
481,0.57987590,0.00701959,0.03138206
482,-0.38571486,0.40206287,0.05221294
483,-0.03797936,0.60665059,0.00000000
484,-0.60335088,0.07372291,0.00000000
485,-0.53711790,0.28455535,0.00000000
486,0.53693402,0.28490213,0.00000000
487,0.37230456,0.48047546,0.00000000
488,-0.12691430,0.53118753,0.04531483
489,-0.55018812,-0.06956448,0.05607009
490,0.52281094,0.00790058,0.08495975
491,0.40331579,0.35548480,0.07108646
492,0.50612667,0.15860890,0.07905622
493,0.22597337,0.49560816,0.05548214
494,-0.50611463,-0.27675161,0.03332150
495,-0.19159757,0.41970358,0.10864307
496,0.04051464,0.51635611,0.05755360
497,-0.56626449,0.13091918,0.02995008
498,-0.40327036,0.05032462,0.15648336
499,-0.43865349,0.29735917,0.07788815
500,0.13938130,0.56239401,0.02329031
501,-0.12541568,0.56308623,0.02354966
502,-0.01229351,0.41140409,0.11099411
503,0.54659626,-0.09309624,0.05688323
504,0.35089420,0.13861985,0.16755244
505,0.15325363,0.46852527,0.08594416
506,-0.34631695,-0.05708092,0.17645089
507,0.37303300,-0.25306690,0.12984473
508,0.46069966,-0.35101045,0.03100768
509,0.43386462,0.24626002,0.10230541
510,-0.48219566,-0.17768389,0.09035762
511,0.35732120,0.06402024,0.17438241
512,-0.34631609,0.32598071,0.11302496
513,-0.45304950,0.16133749,0.11470156
514,-0.12533452,-0.39989093,0.08604149
515,0.38877719,-0.08404499,0.16038683
516,0.31677373,-0.07852023,0.18258473
517,0.21169874,0.01577361,0.19429883
518,-0.13383302,0.27908288,0.16317266
519,0.48717140,-0.22542087,0.07165441
520,0.16617236,-0.18423098,0.15215020
521,-0.28268582,0.07249378,0.19086633
522,0.19838232,0.26247274,0.16908780
523,-0.42074687,-0.19362029,0.12429909
524,0.27548773,0.31925353,0.13800218
525,-0.04755181,0.39739920,0.11692138
526,-0.25475680,-0.33392156,0.13129258
527,0.25009085,-0.06298911,0.19061794
528,0.24736926,0.16973840,0.18506062
529,-0.25635638,-0.16160992,0.17630884
530,-0.20116287,0.18690612,0.18477730
531,-0.50886083,0.05996576,0.09229131
532,-0.37956313,-0.24528136,0.12878401
533,0.03835931,0.19352344,0.18002233
534,0.19758053,0.32983386,0.14866566
535,0.36742627,-0.31650192,0.10793138
536,-0.29352010,-0.09744011,0.18350316
537,0.08883589,0.30629911,0.15211272
538,-0.35076242,0.15699735,0.16400578
539,-0.23537771,0.03430213,0.19565790
540,-0.14509357,0.15505574,0.18673714
541,-0.14191656,0.32123426,0.15110530
542,0.52753260,-0.17276458,0.05598664
543,0.28515051,-0.30390106,0.13854827
544,0.13457147,0.15388463,0.18694593
545,0.32691711,-0.51243782,0.00000000
546,-0.18995169,-0.41809471,0.10042151
547,0.31810799,0.25093421,0.15096745
548,-0.16328734,-0.52305540,0.04574656
549,0.14489318,-0.45475015,0.08059914
550,-0.28942259,0.27587428,0.15159178
551,0.45937347,-0.06200145,0.12681395
552,-0.16469385,-0.09364735,0.17142977
553,0.09085643,-0.59930855,0.00000000
554,-0.44155217,-0.26631531,0.08787498
555,-0.36851081,-0.41198875,0.05430971
556,-0.20118246,0.50926318,0.05245160
557,0.60284495,0.07775159,0.00000000
558,-0.48933694,0.36057833,0.00000000
559,0.46077695,0.39642397,0.00000000
560,-0.57792142,-0.01034810,0.03299216
561,-0.52589049,0.25334534,0.02655884
562,-0.43943860,-0.02051032,0.13970921
563,-0.33077657,0.12208368,0.17591347
564,-0.33401750,0.36696428,0.09812779
565,0.52114905,0.25667849,0.03021676
566,0.51256080,0.07915886,0.08837008
567,0.31802063,0.36362664,0.10482554
568,-0.01658260,0.58007325,0.01917169
569,-0.35269203,0.42359133,0.05481216
570,0.09598229,0.56941052,0.02175230
571,-0.57771285,0.09730023,0.02458083
572,-0.20709972,0.45051902,0.08934093
573,0.47984187,-0.26145165,0.06271491
574,-0.57383153,-0.09238236,0.02980004
575,0.49264953,-0.01117701,0.10782866
576,0.11901337,0.47867797,0.07839909
577,0.51562731,-0.20797785,0.05453774
578,0.42519082,0.03620140,0.14770131
579,-0.50596357,0.13319965,0.08386942
580,0.45449017,0.14787244,0.11759295
581,0.32129029,0.00518261,0.18606239
582,0.57979771,-0.03326538,0.03038076
583,0.01931106,0.48537770,0.07516816
584,0.22746298,0.45977873,0.07884465
585,0.27114936,-0.02887422,0.19253820
586,-0.42040618,-0.23472054,0.11232915
587,0.09157932,0.42212584,0.10648787
588,-0.23161737,-0.47076948,0.06933638
589,-0.27968934,0.17066798,0.18020536
590,-0.27277236,-0.13178658,0.18086110
591,-0.48667748,-0.31546248,0.02977593
592,0.18484612,-0.33223195,0.12906164
593,-0.41762449,0.16153341,0.13461617
594,-0.11085688,0.39771726,0.11812630
595,-0.40863991,0.32641916,0.08236982
596,-0.32158456,-0.34986933,0.11016740
597,0.22317876,-0.38420105,0.11447846
598,-0.27366826,0.41576290,0.09384008
599,0.00357062,0.31437800,0.14796184
600,-0.09625599,0.28086195,0.15936530
601,0.18107314,0.55132887,0.02500538
602,-0.33029514,0.26099005,0.14451807
603,0.18421606,-0.44809034,0.08698506
604,0.21382179,-0.05710696,0.18881907
605,0.36251536,0.45160169,0.03092624
606,0.14209666,0.18552863,0.18355768
607,-0.01717526,0.37488518,0.12616757
608,0.14932737,0.22132542,0.17803957
609,0.24971435,-0.29616856,0.14502912
610,0.40170076,-0.04311198,0.15825948
611,0.22818166,-0.53402177,0.02569788
612,0.10110130,-0.56394438,0.02258004
613,-0.18003038,0.15447855,0.18866231
614,0.43496361,-0.17352969,0.12241462
615,-0.40655559,-0.33749602,0.07668800
616,-0.19892329,0.57436651,0.00000000
617,-0.57496589,-0.19718409,0.00000000
618,0.44501001,-0.41404521,0.00000000
619,-0.44730964,-0.41155976,0.00000000
620,-0.31854054,0.51768649,0.00000000
621,-0.19228580,0.04787784,0.19351940
622,-0.32828566,-0.09640197,0.17729302
623,0.37245645,0.28799963,0.11775285
624,-0.20424797,-0.38240749,0.11514396
625,-0.43484155,-0.08871777,0.13715981
626,0.14785300,-0.01826917,0.18171708
627,-0.21774863,0.25587817,0.16940911
628,-0.39299428,0.46370557,0.00000000
629,-0.13934822,0.47119864,0.08217937
630,-0.54396422,-0.00707370,0.06578015
631,-0.49750876,0.20580390,0.07100874
632,-0.23889194,0.52474490,0.03046592
633,0.06782592,0.54439079,0.03964166
634,-0.36042081,0.38700554,0.07403324
635,0.22545531,0.53085872,0.02935336
636,0.53763393,0.14572975,0.05522435
637,0.45165023,0.11270465,0.12587413
638,0.55150861,-0.05221018,0.05733690
639,-0.45816087,0.01832946,0.12911736
640,-0.40134072,0.12339949,0.14958770
641,-0.13833276,0.38162783,0.12784790
642,-0.53719753,0.13529188,0.05713049
643,-0.54172244,-0.21039361,0.03002495
644,-0.29118695,-0.02542230,0.18993742
645,0.11686895,0.51136145,0.05880728
646,-0.29509795,0.37980661,0.10642737
647,-0.01394818,0.48506060,0.07560689
648,0.49019658,0.19981206,0.07980127
649,-0.30665628,-0.38918902,0.09585433
650,0.04223633,0.39700403,0.11661127
651,0.42205022,-0.35153298,0.06001392
652,-0.51602411,-0.08058092,0.08432179
653,0.48975255,0.02442409,0.10957930
654,0.29653430,0.28712176,0.14486958
655,-0.02049581,0.33960547,0.13942612
656,0.38715707,0.32282801,0.09591546
657,-0.37909906,0.31427073,0.10295844
658,0.39847501,0.06910265,0.15817966
659,0.45005901,0.27687207,0.08024086
660,0.34528887,0.10089180,0.17453529
661,0.19754588,-0.20815833,0.16113861
662,-0.47267073,0.12891099,0.10880149
663,-0.48524842,-0.21437640,0.07677512
664,0.37721189,-0.15219805,0.15444931
665,-0.10202079,0.31413484,0.14955195
666,0.00110758,0.60783726,0.00000000
667,0.13010299,0.59375125,0.00000000
668,-0.15830503,0.58686191,0.00000000
669,-0.58688796,-0.15820837,0.00000000
670,0.55528694,0.24723220,0.00000000
671,0.47138885,-0.38374460,0.00000000
672,0.19203137,0.05381715,0.19387217
673,0.03395624,0.16127894,0.18646387
674,-0.43339310,0.22464582,0.10911808
675,0.16567706,-0.10429711,0.16946155
676,0.42467424,-0.07133558,0.14524486
677,-0.23096518,-0.52876471,0.02878464
678,-0.13162653,0.09405287,0.18896025
679,-0.29379959,0.13199168,0.18348740
680,0.30735363,-0.37658564,0.10233916
681,0.33749704,-0.43397140,0.05672484
682,-0.11269276,0.20862620,0.17727370
683,0.40085122,0.17916464,0.13948177
684,-0.40148596,-0.27313785,0.10860419
685,-0.16857206,0.52914889,0.04302016
686,0.39519616,0.42215523,0.03522291
687,-0.38622277,0.01206513,0.16500593
688,-0.15459221,0.50404136,0.06170296
689,-0.31906194,0.48182464,0.02980485
690,0.14794712,0.53334401,0.04386473
691,-0.55708234,-0.03597542,0.05242912
692,0.55242156,-0.01086253,0.05880380
693,-0.50052891,0.28730113,0.03398527
694,-0.04384635,0.50227299,0.06568644
695,-0.21581522,0.39079813,0.11988064
696,-0.55055245,0.17130858,0.03500674
697,-0.20081020,0.54161870,0.02776148
698,0.51917215,0.11414995,0.07811651
699,0.54240674,-0.27433974,0.00000000
700,0.49337482,-0.04886733,0.10549647
701,0.45446954,0.20931556,0.10195026
702,-0.27792493,0.31453308,0.14046470
703,-0.39878056,-0.08789551,0.15465878
704,0.28786963,0.39657828,0.09770083
705,0.10000002,0.39050412,0.12134898
706,-0.43986110,0.05346021,0.13801981
707,0.26957966,-0.13671718,0.18111257
708,-0.13234565,0.02620089,0.18656528
709,-0.30628923,-0.24367765,0.15275313
710,-0.25036319,-0.43483733,0.08656938
711,0.46428583,0.07925450,0.12233218
712,0.00369471,-0.61840785,0.00000000
713,-0.28907835,-0.42724013,0.08059930
714,0.40948392,-0.31753991,0.08571689
715,0.55242165,0.10424158,0.05007840
716,0.09080607,0.48907516,0.07177537
717,0.02218534,0.42248809,0.10568544
718,0.11915766,0.44579612,0.09631871
719,0.43508675,-0.38229600,0.03147441
720,-0.56993899,0.06349705,0.03761491
721,-0.51068742,-0.23194099,0.04963259
722,-0.49301707,0.02217280,0.10624892
723,0.14399774,-0.34181795,0.10714328
724,-0.14774682,-0.33015218,0.11138223
725,0.08180526,0.23812885,0.17036529
726,-0.06835351,0.45138948,0.09171720
727,-0.18780275,-0.02372666,0.18831982
728,0.53829132,-0.13354917,0.05673042
729,0.17722945,0.58142674,0.00000000
730,-0.07761306,0.60286283,0.00000000
731,-0.60680664,-0.03539819,0.00000000
732,0.59932864,-0.10135340,0.00000000
733,0.60727406,0.02618292,0.00000000
734,-0.52306062,-0.30963674,0.00000000
735,-0.45731241,0.40041569,0.00000000
736,0.29883647,0.52930534,0.00000000
737,-0.27730468,0.54089689,0.00000000
738,0.50473030,-0.14774813,0.08164211
739,0.32224560,-0.47675413,0.03294390
740,0.23358569,0.04845066,0.19567971
741,0.49967333,0.29432658,0.03149669
742,0.08436613,-0.49484783,0.04890129
743,-0.35992567,-0.27850891,0.12546568
744,0.46025698,-0.20062925,0.09946626
745,0.43607079,-0.03429148,0.14195397
746,-0.25846478,0.24819393,0.16649881
747,0.30173274,-0.26844346,0.14720262
748,0.35146457,-0.08435017,0.17336203
749,-0.56543872,-0.13179830,0.03078838
750,-0.42722981,-0.36328302,0.04919371
751,0.00744369,0.21768051,0.17635298
752,0.17404305,0.29599948,0.16058397
753,-0.24534152,0.49150858,0.05377168
754,-0.40723327,0.36634624,0.06232610
755,0.29489049,0.43464522,0.07261162
756,-0.46842893,0.23458361,0.08304902
757,-0.07703796,0.34031528,0.13943459
758,-0.53174405,0.21446491,0.03814155
759,0.40999804,-0.14565404,0.14152978
760,0.18897782,0.48572748,0.07231756
761,-0.59611666,0.11879523,0.00000000
762,0.40566403,0.45266327,0.00000000
763,-0.40053588,0.25030074,0.11832942
764,-0.58574350,0.02932483,0.02375140
765,0.30817768,0.32576725,0.12596453
766,-0.49366789,-0.05100772,0.10423645
767,-0.54072533,0.06184460,0.06568050
768,0.43795581,-0.28103677,0.08474572
769,-0.20120745,0.35722994,0.13668374
770,-0.11342768,0.49582621,0.06761115
771,0.50632061,0.22888246,0.05620659
772,-0.01226987,0.55271289,0.03694495
773,0.05656819,0.29825766,0.15289730
774,0.52306372,0.18825049,0.05618764
775,0.15214079,0.43453649,0.10506816
776,-0.36681234,-0.02302031,0.17184418
777,0.48783904,0.09867782,0.10441601
778,-0.34366457,0.07769762,0.17705767
779,0.51935629,0.04454087,0.08629402
780,0.37768143,0.39229122,0.06325276
781,0.32780644,-0.11705590,0.17562014
782,0.24721109,0.39343733,0.11133076
783,-0.26851436,0.35199692,0.12707810
784,-0.17454002,-0.45442981,0.08383486
785,-0.15420762,-0.29020500,0.12321084
786,0.15234855,-0.30189320,0.11976308
787,-0.35373592,-0.17688701,0.15675251
788,-0.60300517,-0.07649910,0.00000000
789,-0.47540072,-0.37876314,0.00000000
790,0.51377952,0.32480448,0.00000000
791,-0.33776820,-0.50535136,0.00000000
792,-0.55705661,0.24321865,0.00000000
793,0.25593263,0.55133098,0.00000000
794,0.36222676,0.17714656,0.15608618
795,-0.47959891,-0.25419448,0.06588507
796,0.01544080,0.57571570,0.02188207
797,-0.38636627,0.43202642,0.03147742
798,-0.41991523,0.39953847,0.03342443
799,0.06802920,-0.57457287,0.01537205
800,0.56685398,0.13379003,0.02954104
801,-0.07522414,0.48338002,0.07503813
802,0.14268486,-0.55578139,0.02482023
803,0.28267945,0.10400893,0.18886877
804,-0.16449096,-0.39233773,0.10693543
805,-0.22650283,-0.30786814,0.14131810
806,0.15785897,-0.06305498,0.17560489
807,-0.29007160,0.43964910,0.07352837
808,-0.08244728,-0.60154736,0.00000000
809,0.18690401,0.42126156,0.11052741
810,-0.27327645,0.04041632,0.19333804
811,-0.44458216,-0.38169332,0.02384726
812,0.43718893,0.17918275,0.12071670
813,0.47962704,-0.12317442,0.10532403
814,-0.48681896,0.16700194,0.09065354
815,-0.21721902,0.47803947,0.07024036
816,-0.50092090,0.24450366,0.05352004
817,-0.16007627,0.55521878,0.02509343
818,-0.05330117,-0.54657453,0.02787590
819,-0.47563756,-0.01653289,0.11821000
820,0.07163047,0.13500983,0.18851138
821,-0.16505528,0.44671207,0.09600371
822,-0.60688978,0.03394369,0.00000000
823,-0.57195485,0.20575470,0.00000000
824,0.44258916,0.34452475,0.05314355
825,0.03320434,-0.56935787,0.01897325
826,0.32538919,0.04472317,0.18449069
827,-0.23017171,-0.17843502,0.17233236
828,0.32908877,0.44285336,0.05318762
829,0.45669593,0.36348336,0.02876460
830,-0.15553673,-0.58208841,0.00000000
831,-0.04714322,0.53430647,0.04707261
832,-0.42522533,-0.30134935,0.08306636
833,-0.05480189,0.56749436,0.02590595
834,0.35256512,0.01924471,0.17772379
835,0.57107329,0.20818903,0.00000000
836,0.57928253,0.09198580,0.02471917
837,0.34554973,-0.02049535,0.17942531
838,0.26211574,0.49992397,0.04012392
839,0.25826826,-0.50898226,0.03499878
840,0.56466263,0.06631967,0.04327854
841,0.29640168,-0.53067261,0.00000000
842,-0.12737344,-0.56669497,0.01884200
843,0.42415406,0.38753830,0.04080342
844,0.26709076,0.52233927,0.02032524
845,0.58210865,0.04787056,0.02704496
846,0.06820389,0.11388580,0.19115150
