vid,x,y,z
0,0.60763139,-0.01585658,0.00000000
1,0.56069916,-0.23469938,0.00000000
2,0.57102356,-0.11805416,0.02778322
3,0.54213875,0.07309952,0.06277636
4,0.52865229,-0.02937685,0.07769340
5,0.52316873,-0.24313251,0.03350789
6,0.51965995,-0.10823851,0.07618915
7,0.47801816,0.17322752,0.09483797
8,0.49525833,0.06297020,0.10100567
9,0.47610620,-0.02626886,0.11575338
10,0.48673272,-0.31936492,0.02758923
11,0.46941856,0.30409070,0.05247644
12,0.45733814,-0.23987889,0.08579529
13,0.43158411,0.14667325,0.12924414
14,0.45108575,-0.32014763,0.05500384
15,0.41720343,-0.44205052,0.00000000
16,0.43580967,0.42371842,0.00000000
17,0.42105715,-0.24992908,0.10366073
18,0.38486578,-0.35391586,0.07773819
19,0.38913163,-0.44041230,0.02122388
20,0.38622688,0.10756866,0.15659114
21,0.39054120,-0.00546002,0.16004622
22,0.37586370,0.35794075,0.08547581
23,0.37449558,-0.41945733,0.04511028
24,0.37155002,-0.11646211,0.15714686
25,0.35059210,0.21413618,0.15077242
26,0.34313409,-0.26337284,0.13127540
27,0.34399740,-0.34969318,0.09737186
28,0.34794471,0.28775391,0.12914454
29,0.32011579,-0.41142869,0.07432616
30,0.30494498,0.03613781,0.18493796
31,0.33381619,-0.19043460,0.15367977
32,0.31461277,-0.03129380,0.18115940
33,0.32500963,0.13083070,0.17439811
34,0.29216563,-0.50887978,0.02006914
35,0.31139258,0.46854416,0.04566132
36,0.29595395,-0.10699049,0.17615811
37,0.29306994,0.25183282,0.15887583
38,0.30156475,-0.34289077,0.11264338
39,0.27362242,-0.27346706,0.14136523
40,0.28481063,-0.41041735,0.08543189
41,0.25103675,0.01281791,0.19145453
42,0.28270363,-0.47728804,0.04657678
43,0.29240077,0.35504596,0.12117433
44,0.25850440,0.08560233,0.19106266
45,0.25946080,-0.19964934,0.16149628
46,0.28608353,-0.06438248,0.18262474
47,0.24541502,-0.47576478,0.05761345
48,0.26104564,0.32554511,0.14251702
49,0.24231434,-0.16428984,0.16911896
50,0.24529976,-0.41203360,0.09174041
51,0.22139369,-0.35420011,0.11660821
52,0.23261209,-0.56156832,0.00000000
53,0.21588987,0.56820679,0.00000000
54,0.21920919,-0.31747327,0.12880594
55,0.23223677,-0.02010201,0.18985011
56,0.21936397,0.16109021,0.18919502
57,0.25576572,0.25756246,0.16573580
58,0.20724092,-0.47751571,0.06261646
59,0.20978392,0.44940398,0.09571085
60,0.19573134,-0.12347091,0.17223958
61,0.19856232,-0.25028044,0.14523388
62,0.20161447,-0.41317144,0.09364955
63,0.18923590,-0.54573180,0.02215112
64,0.20179653,0.22803817,0.18014216
65,0.17564755,0.09230141,0.19454488
66,0.19004866,0.39564836,0.12743251
67,0.19288712,-0.01694553,0.18842643
68,0.16899810,-0.48407658,0.06152483
69,0.18076004,-0.37560419,0.10627297
70,0.16480723,-0.22356401,0.14286846
71,0.20431862,0.36186295,0.13993118
72,0.17893215,0.15715682,0.19170877
73,0.15526373,-0.52017488,0.04286218
74,0.15454060,0.29352106,0.16790494
75,0.13439722,0.02254817,0.18633749
76,0.13159881,0.09646218,0.19276828
77,0.13941862,0.25193564,0.17836125
78,0.13004582,-0.49040171,0.05709564
79,0.10409823,-0.45630160,0.06476003
80,0.11519551,0.17701795,0.18979568
81,0.11629369,0.54219701,0.04415549
82,0.09622896,0.45921430,0.09974705
83,0.08999541,0.10160331,0.19126756
84,0.09239713,0.39454620,0.13203832
85,0.04096137,0.29009191,0.16803523
86,0.05563523,0.22934545,0.18156380
87,0.07827156,0.16839588,0.18961578
88,0.00000000,-0.60700101,0.00426415
89,0.00000000,0.15232795,0.19078821
90,-0.01945419,0.24572349,0.17837024
91,-0.00682530,0.28116628,0.17037515
92,0.01754550,0.35310961,0.14871531
93,0.02116685,0.38876231,0.13503816
94,-0.00504953,0.52210770,0.06501892
95,-0.00305153,0.45435512,0.10481057
96,-0.04148512,-0.61245286,0.00000000
97,-0.04130058,0.16655989,0.18931184
98,-0.05509854,0.24237530,0.17965720
99,-0.07450262,-0.51411599,0.04097396
100,-0.08586070,0.30409771,0.16562518
101,-0.06408798,0.33227396,0.15660664
102,-0.09899842,0.42431542,0.11889550
103,-0.08999541,0.10160331,0.19126756
104,-0.11567321,0.46198951,0.09808817
105,-0.09531132,0.54946918,0.04168862
106,-0.11972746,0.17323815,0.19065884
107,-0.12524660,-0.50352079,0.05118555
108,-0.12184363,0.25028847,0.17917160
109,-0.15079461,0.05801175,0.19238674
110,-0.16216898,-0.55302673,0.02154948
111,-0.14624003,-0.01104966,0.18270238
112,-0.18566547,0.35557601,0.14539201
113,-0.16626510,-0.21439822,0.14557216
114,-0.20097550,-0.54187915,0.02310083
115,-0.17587994,0.41422221,0.12003793
116,-0.19959588,0.22822722,0.18122258
117,-0.19598210,-0.24123850,0.14764006
118,-0.19705357,0.47858216,0.07921965
119,-0.19855294,-0.47492826,0.06514316
120,-0.19307068,0.26580326,0.17321836
121,-0.22379675,0.15355979,0.19083377
122,-0.21100901,-0.04667801,0.18747152
123,-0.19304706,-0.27978105,0.13720485
124,-0.24124672,0.55791342,0.00000000
125,-0.23261209,-0.56156832,0.00000000
126,-0.20998193,-0.34721462,0.11919066
127,-0.23003309,-0.40939578,0.09501847
128,-0.25267812,0.32758143,0.14480761
129,-0.24934488,-0.49829435,0.04292654
130,-0.25242442,0.18500649,0.18316532
131,-0.25234836,-0.09850682,0.18219599
132,-0.25660429,-0.19910746,0.16329608
133,-0.28047497,0.11247671,0.18774670
134,-0.27512236,0.38794664,0.11163433
135,-0.28835652,-0.49405903,0.03331141
136,-0.26332573,0.00840528,0.19211058
137,-0.27296222,-0.40005497,0.09398072
138,-0.28371131,-0.27732573,0.14090904
139,-0.31157171,0.24129588,0.15778745
140,-0.31551078,-0.13233313,0.17146375
141,-0.29972194,0.47100551,0.05091054
142,-0.32267392,-0.48595511,0.02451530
143,-0.32909944,0.16757509,0.16910470
144,-0.32027580,-0.05510762,0.18042363
145,-0.34104638,-0.21101791,0.14901719
146,-0.32075559,0.06234086,0.18317140
147,-0.33303536,-0.42061403,0.06513359
148,-0.33541660,0.30171031,0.13001330
149,-0.35552725,-0.31657812,0.10930779
150,-0.35673170,-0.24830698,0.13389114
151,-0.34820606,0.19330869,0.15765314
152,-0.37948573,-0.08862905,0.16105913
153,-0.38672399,0.34890589,0.08482994
154,-0.37567876,0.01681773,0.16803441
155,-0.40224330,-0.14762986,0.14266605
156,-0.40469088,0.09276328,0.15226817
157,-0.38542301,-0.43896562,0.02539672
158,-0.37604284,-0.34722854,0.08690528
159,-0.41852592,-0.21410106,0.11885085
160,-0.44459872,-0.04974469,0.13580972
161,-0.42708814,0.43250787,0.00000000
162,-0.42050749,-0.43890867,0.00000000
163,-0.44475107,0.02238990,0.13705722
164,-0.45129623,0.13038909,0.12252905
165,-0.46989753,-0.16357700,0.10316415
166,-0.47094138,-0.23393550,0.08100388
167,-0.47317723,0.30347495,0.04970873
168,-0.46829953,-0.35048788,0.02563974
169,-0.48178052,-0.05012835,0.11354301
170,-0.48957303,0.06130700,0.10697875
171,-0.47255812,0.20032543,0.09199429
172,-0.49488289,-0.13525447,0.09236980
173,-0.53840929,-0.04052848,0.07047997
174,-0.55719820,0.09962594,0.04599283
175,-0.55016436,-0.10504944,0.05211908
176,-0.56033170,-0.23557536,0.00000000
177,-0.60783815,0.00039636,0.00000000
178,-0.59632093,-0.11776543,0.00000000
179,0.59004068,-0.14601137,0.00000000
180,-0.51481909,0.32315424,0.00000000
181,0.48898762,0.36105189,0.00000000
182,-0.36590597,-0.48536602,0.00000000
183,0.35627878,-0.49247620,0.00000000
184,-0.12082618,0.59570831,0.00000000
185,-0.51713564,-0.15199312,0.07113911
186,-0.44519686,0.26240710,0.08889228
187,0.47818217,-0.16096016,0.09563775
188,0.38849966,0.21552716,0.13478827
189,-0.37806157,0.20119813,0.14432548
190,-0.44183193,-0.15412312,0.12215294
191,0.33020271,0.17447305,0.16631693
192,-0.10212582,0.38354487,0.13752013
193,0.37221939,-0.18735534,0.14301337
194,-0.32982122,-0.17108700,0.16113420
195,0.09806578,0.33463803,0.15533023
196,0.29701068,-0.19716694,0.15908915
197,-0.29915610,-0.20671424,0.15840124
198,-0.25016607,0.07765661,0.19361527
199,0.07152279,0.26426429,0.17500840
200,-0.21450191,-0.08999715,0.18155457
201,0.22319024,-0.09421932,0.18044226
202,-0.13779458,-0.36111987,0.10012960
203,0.15676121,0.12556739,0.19369276
204,-0.16611786,-0.17543660,0.15405481
205,0.16592947,-0.14503296,0.16063935
206,-0.11026256,0.06551871,0.18901724
207,0.11130672,0.06365963,0.18890131
208,0.15786027,0.40908835,0.12329262
209,-0.16629017,0.01892344,0.19030662
210,-0.15946931,0.23851594,0.18124967
211,-0.12076400,-0.53606535,0.03535823
212,0.08484328,0.60188782,0.00000000
213,0.59559309,0.12139286,0.00000000
214,-0.50067735,-0.34465858,0.00000000
215,0.49678737,-0.35024232,0.00000000
216,-0.35689431,0.49203029,0.00000000
217,-0.11670338,-0.59242719,0.00000000
218,0.13167903,-0.58844018,0.00000000
219,0.34529925,0.47099822,0.02611169
220,-0.06003161,-0.58141319,0.01320747
221,0.49557734,-0.08425791,0.09791301
222,-0.18458611,-0.31959178,0.12451736
223,0.47604779,0.23824882,0.07586921
224,-0.52661625,-0.18591506,0.05363849
225,-0.18643374,-0.06861614,0.18104203
226,-0.50192251,0.09835260,0.09369974
227,0.47488598,-0.29302537,0.05073758
228,0.42035761,0.28286376,0.09561692
229,-0.41529485,0.28897959,0.09670070
230,0.22710079,-0.50282309,0.04437110
231,0.23883459,0.42325144,0.10257443
232,-0.25243366,0.42051833,0.10125767
233,0.06242656,-0.53622925,0.03191833
234,-0.45452109,-0.32656123,0.05071098
235,0.44285234,0.07866337,0.13254119
236,0.36646670,-0.28759291,0.11469780
237,-0.14463140,0.35813196,0.14678799
238,0.40241249,-0.11934522,0.14485848
239,-0.39066037,0.05495282,0.16128462
240,0.03256690,0.13397208,0.19096167
241,0.07246674,0.42894759,0.11625067
242,-0.31752395,0.20458201,0.16507595
243,0.35930660,-0.45722910,0.02687821
244,-0.35783345,-0.47125850,0.01701467
245,-0.49605481,-0.09042656,0.09949701
246,-0.28889577,-0.36219579,0.10823795
247,-0.38161607,-0.21387615,0.13516824
248,0.14299852,0.33337120,0.15572469
249,0.29146463,0.00602990,0.18688373
250,0.27527319,0.28842323,0.15219074
251,-0.25893961,-0.30241560,0.13448554
252,0.25902775,-0.33433694,0.12246558
253,-0.25226633,-0.03045615,0.19014224
254,-0.39896809,-0.11518659,0.14972200
255,-0.19500863,-0.19942666,0.15719864
256,-0.20575267,-0.50590591,0.04683164
257,0.26493051,-0.44444359,0.07169403
258,0.29281918,0.18578959,0.17397812
259,-0.03901473,0.30777200,0.16381843
260,-0.11978234,0.13140600,0.19284964
261,-0.16413585,0.19574644,0.18847244
262,0.19174231,0.19209056,0.18708282
263,0.11251016,0.27550022,0.17290162
264,0.30923478,-0.15195046,0.16683702
265,0.11297564,-0.52838483,0.03876134
266,-0.28846629,-0.16764367,0.16841771
267,0.08593557,0.20395184,0.18608277
268,-0.48183651,0.32803513,0.02888822
269,0.16233534,-0.41356791,0.09050120
270,-0.24497515,-0.37307919,0.10943313
271,-0.08428423,0.22582557,0.18318693
272,-0.22563863,0.29475826,0.16121381
273,-0.03837194,0.20845319,0.18485330
274,0.33736593,0.50562000,0.00000000
275,-0.33624647,0.44609990,0.05105669
276,-0.56418270,0.02839418,0.04690116
277,0.55389236,0.17640494,0.03001559
278,0.57807386,-0.07510083,0.02773902
279,0.05867523,0.57468371,0.02482194
280,0.35164343,0.39616153,0.07601154
281,0.54658405,-0.20305838,0.02747863
282,0.49040382,0.26649160,0.05308115
283,-0.16045915,-0.25090089,0.13480468
284,-0.29495218,-0.53147960,0.00000000
285,0.26347902,-0.54776472,0.00000000
286,-0.47511457,-0.29007383,0.05391080
287,0.37939890,-0.04560815,0.16237284
288,0.27701959,0.46513491,0.06326781
289,-0.09443335,-0.47518173,0.05699234
290,0.40299602,-0.28613645,0.09934698
291,0.46341552,-0.09629329,0.11732669
292,-0.15518892,-0.05110410,0.17723590
293,-0.25585053,0.36245034,0.12932208
294,-0.39765262,-0.31069639,0.09369813
295,0.42506167,0.21458703,0.11654962
296,-0.52149308,-0.11584442,0.07554109
297,0.36838030,0.25123431,0.13319038
298,-0.39535376,-0.37611787,0.06147652
299,0.35461816,-0.39013071,0.07291181
300,-0.34214299,-0.01081734,0.17826744
301,0.24716806,0.35914551,0.13220887
302,0.33236312,-0.30761576,0.11889583
303,-0.04730481,0.12566528,0.19104017
304,-0.38288281,0.12781821,0.15699566
305,-0.34756961,0.22653131,0.14983684
306,0.04616997,0.45805195,0.10190466
307,0.39677658,-0.21893946,0.12517174
308,0.06490256,0.36454959,0.14436984
309,0.32832905,0.08961971,0.17762537
310,-0.30985463,-0.45763701,0.05068581
311,-0.22383838,-0.13360272,0.17537233
312,-0.21919791,-0.00617137,0.19224623
313,-0.43687405,-0.11798857,0.13169683
314,0.23578949,0.23217686,0.17522557
315,-0.24138447,0.22195630,0.17782194
316,0.19425830,-0.51226142,0.04393166
317,0.24078401,-0.25966544,0.14661241
318,-0.26682637,-0.23868046,0.15323874
319,-0.05026981,0.27550911,0.17256390
320,0.27134493,0.04504269,0.19026680
321,0.26566250,-0.37412365,0.10621980
322,0.19085255,-0.08462938,0.17836387
323,-0.18919069,0.29834080,0.16450568
324,-0.09071499,-0.56129634,0.02214551
325,0.23748710,0.29382785,0.15859966
326,-0.36047571,-0.13304271,0.16073854
327,0.11941681,0.36366849,0.14471213
328,0.00017982,0.18250787,0.18784619
329,-0.17354711,0.08817668,0.19519611
330,-0.15068140,-0.43032586,0.08314074
331,0.27698496,-0.16899714,0.16716724
332,0.20122586,0.12565463,0.19342105
333,0.46699304,0.04796683,0.12081974
334,-0.17406620,-0.35604258,0.11158971
335,0.20213749,-0.16410365,0.16548898
336,-0.19449649,-0.15613509,0.16634990
337,-0.09112362,0.51915133,0.06379956
338,0.11929929,-0.41867033,0.07921768
339,-0.37719757,0.28390836,0.11902609
340,0.20142117,0.51716767,0.05030775
341,-0.52526550,0.17426618,0.05819157
342,0.08705600,0.51823019,0.06380685
343,-0.58337535,-0.05202762,0.02534882
344,-0.29179729,0.50421533,0.02745433
345,-0.44856224,0.33283312,0.05368211
346,0.55647837,0.03225096,0.05318003
347,-0.42744901,-0.01442426,0.14620636
348,0.43354100,-0.21180461,0.10916103
349,0.04220190,0.60637146,0.00000000
350,0.57708573,-0.19089116,0.00000000
351,0.58584660,0.16202202,0.00000000
352,-0.54225647,-0.27463669,0.00000000
353,-0.39251760,-0.46410912,0.00000000
354,0.38650444,-0.46912864,0.00000000
355,-0.33717788,0.40630382,0.07769624
356,-0.04510462,0.47086342,0.09538337
357,-0.09483749,0.57408801,0.02225527
358,0.18062642,-0.57540870,0.00000000
359,0.42568868,0.00229661,0.14473890
360,0.50783756,-0.28318964,0.02832038
361,-0.41226188,0.20841747,0.12641529
362,0.39708750,0.14522419,0.14650282
363,0.39745008,-0.38542705,0.05349498
364,-0.26456853,0.28882096,0.15574122
365,-0.47020659,-0.20203472,0.09237186
366,-0.53597908,0.02825342,0.07306073
367,-0.35506690,-0.38391936,0.07711061
368,-0.02452578,-0.57919663,0.01512876
369,-0.33095301,-0.28342437,0.12972282
370,0.18748944,-0.29136731,0.13225990
371,0.46359429,0.00841456,0.12430241
372,-0.06288792,0.36525578,0.14494115
373,-0.32156867,0.10312294,0.18001783
374,-0.41166725,-0.18224857,0.13076884
375,0.17811481,0.26024996,0.17504311
376,-0.27184609,-0.46502020,0.05850512
377,0.31205637,0.21562549,0.16295166
378,0.21862923,0.09180500,0.19409155
379,0.37771676,0.41476075,0.04985511
380,-0.20193595,0.38749784,0.12950556
381,0.40501815,0.25013463,0.11619785
382,0.35758206,-0.22442772,0.13844211
383,0.23236933,-0.22615271,0.15497401
384,-0.22496424,-0.22361749,0.15630379
385,-0.08592263,0.26412177,0.17574302
386,-0.38005390,0.24090946,0.13241801
387,-0.28114147,0.21439461,0.17220203
388,0.29064231,0.14974433,0.18031445
389,-0.08381153,0.14572278,0.19128024
390,0.22495356,-0.44505506,0.07789545
391,0.27653224,-0.23652177,0.15179598
392,0.18018206,0.33055734,0.15454133
393,0.11187985,0.13506182,0.19227911
394,-0.16643571,-0.49032004,0.05877657
395,0.29731942,0.07122548,0.18570564
396,-0.34967774,0.03892138,0.17634159
397,0.22666807,0.39089520,0.12277746
398,0.02659962,0.25457345,0.17625193
399,-0.55799825,-0.17122180,0.02816129
400,-0.21312137,-0.44425045,0.07988461
401,-0.19842495,0.12008605,0.19479134
402,0.23026536,0.19916059,0.18258815
403,0.43081892,-0.10672095,0.13379605
404,-0.46850146,-0.12350666,0.11261476
405,0.23015094,-0.13109948,0.17481268
406,0.13197607,-0.37922490,0.09355084
407,-0.24133231,-0.06544251,0.18640067
408,0.12593794,0.21410250,0.18533555
409,-0.16586216,-0.13417043,0.16299185
410,0.18184315,-0.04694396,0.18288274
411,0.15304605,0.05881491,0.19225201
412,-0.47098094,0.09614323,0.11560498
413,-0.26267933,-0.52471132,0.01930156
414,-0.11288223,-0.43863779,0.07196216
415,0.04852406,-0.61057889,0.00000000
416,0.48927820,0.13510552,0.09538200
417,-0.45288693,0.36349434,0.03210088
418,0.53925977,0.21809703,0.02937870
419,0.02805458,0.54971857,0.04528123
420,0.16943902,0.49964145,0.06919253
421,-0.52305783,-0.00833777,0.08463043
422,0.60516715,-0.05692155,0.00000000
423,-0.58628982,0.16041063,0.00000000
424,0.52089852,-0.31326044,0.00000000
425,0.49989864,-0.18558766,0.07349173
426,-0.26885973,0.45271613,0.07636008
427,-0.53491145,-0.24595105,0.02178945
428,-0.32423101,0.34056910,0.11792471
429,-0.44407345,0.19415623,0.11226941
430,0.39890458,0.03484803,0.15653666
431,-0.40404141,-0.05102861,0.15517809
432,-0.14428274,0.43673143,0.11058656
433,0.27677111,0.42710548,0.08825479
434,-0.04892855,0.43605772,0.11382681
435,-0.39901084,0.16695301,0.14295817
436,0.41083343,-0.41305556,0.02694867
437,-0.41406227,-0.40448877,0.03179918
438,0.43469205,0.31376503,0.07312048
439,-0.43838903,0.09452098,0.13522220
440,-0.36495382,0.45579105,0.02689431
441,0.30844530,0.49954116,0.02191064
442,-0.26711560,0.14836825,0.18612570
443,0.05176253,0.32727801,0.15735762
444,0.42135583,0.11115342,0.14023085
445,-0.53068725,0.10000542,0.07027493
446,0.35004916,-0.15260804,0.15748615
447,0.34597130,-0.04987499,0.17237486
448,0.52620447,-0.06896353,0.07646799
449,0.06477957,0.48884445,0.08380346
450,0.36165399,0.32404603,0.10864285
451,0.24821766,0.12828246,0.18973481
452,-0.08054336,0.18851474,0.18818093
453,-0.30915447,0.01968231,0.18625242
454,0.25869647,-0.09753967,0.18051731
455,-0.20890839,0.32685240,0.15309891
456,0.21780347,-0.28267733,0.13881873
457,0.26936660,0.21637752,0.17316135
458,-0.30283935,-0.31991298,0.12294445
459,-0.13825670,-0.46670831,0.06790317
460,0.56076964,-0.16070940,0.02750130
461,-0.23565189,0.11528651,0.19313204
462,-0.54188520,-0.14416487,0.05156659
463,-0.27849706,-0.06081300,0.18565782
464,-0.16004228,0.12453679,0.19441079
465,0.30303969,-0.44457716,0.06089498
466,0.31882966,-0.23073589,0.14699871
467,0.16296047,0.36843418,0.14149124
468,0.41010451,-0.18242854,0.12883433
469,-0.34754925,-0.44805657,0.04033529
470,0.22516395,-0.19224954,0.16210779
471,-0.23043741,-0.26830269,0.14523761
472,0.48005735,0.33003284,0.02925890
473,0.15860219,-0.26257581,0.13136084
474,0.17178247,0.02066974,0.19050973
475,-0.19233876,-0.11343053,0.17424390
476,-0.19726431,0.01560981,0.19284181
477,0.45541658,-0.13457908,0.11563856
478,-0.47664615,0.27152885,0.06234349
479,-0.19651574,-0.57117844,0.00000000
480,-0.21108335,0.08077331,0.19562903
481,0.58135573,0.00745306,0.02918950
482,-0.40082060,0.39781850,0.04733672
483,-0.03797936,0.60665059,0.00000000
484,-0.60335088,0.07372291,0.00000000
485,-0.53711790,0.28455535,0.00000000
486,0.53693402,0.28490213,0.00000000
487,0.37230456,0.48047546,0.00000000
488,-0.13503327,0.53261069,0.05001356
489,-0.55748784,-0.06809659,0.05037957
490,0.52750551,0.00954474,0.07922438
491,0.41428659,0.35216093,0.06679539
492,0.50991595,0.15942178,0.07438460
493,0.23999508,0.49488636,0.05554927
494,-0.51099810,-0.27565432,0.03052897
495,-0.21262399,0.41934343,0.11173706
496,0.04302654,0.51976367,0.06532511
497,-0.56859673,0.13214144,0.02779799
498,-0.42532043,0.05789418,0.14550657
499,-0.44633818,0.29772403,0.07294671
500,0.14723221,0.56199192,0.02434983
501,-0.12929939,0.56403699,0.02590125
502,-0.01413122,0.41511791,0.12399769
503,0.54997313,-0.09244812,0.05277389
504,0.36060408,0.14281089,0.16153221
505,0.17590765,0.46591347,0.09073916
506,-0.36143173,-0.05235631,0.17047588
507,0.38217637,-0.25479585,0.12026443
508,0.46195113,-0.35180526,0.02916904
509,0.44103165,0.24590403,0.09702718
510,-0.49693816,-0.17595541,0.08090272
511,0.36927766,0.06897674,0.16656414
512,-0.36063886,0.32618460,0.10911490
513,-0.46395891,0.16477750,0.10748644
514,-0.12533452,-0.39989093,0.08604149
515,0.39965724,-0.08130648,0.15156295
516,0.32194397,-0.07567840,0.17575242
517,0.21162971,0.01887099,0.19263206
518,-0.15379390,0.28217958,0.17132840
519,0.49249575,-0.22483695,0.06629742
520,0.16617236,-0.18423098,0.15215020
521,-0.29035489,0.08017721,0.18818770
522,0.21687056,0.26261334,0.17065264
523,-0.44348043,-0.19202360,0.11189454
524,0.29340942,0.31757280,0.13657538
525,-0.05908097,0.40132589,0.13013695
526,-0.25561444,-0.33652186,0.12286746
527,0.24807152,-0.06010004,0.18561580
528,0.25806840,0.17238577,0.18305090
529,-0.25080228,-0.16215448,0.17105554
530,-0.21024685,0.19129175,0.18692902
531,-0.51925360,0.06314764,0.08451918
532,-0.40111290,-0.24593167,0.11733077
533,0.04396572,0.19478035,0.18643628
534,0.22098658,0.32835628,0.14991618
535,0.37415559,-0.31920148,0.09901947
536,-0.29692236,-0.09564618,0.17973531
537,0.12167115,0.30676057,0.16431831
538,-0.36531948,0.16365521,0.15768638
539,-0.22716045,0.03883400,0.19493520
540,-0.14996026,0.15797694,0.19239279
541,-0.16721073,0.32365905,0.15836617
542,0.53132537,-0.17236278,0.05167425
543,0.28954838,-0.30636110,0.12878513
544,0.14239956,0.15535654,0.19197649
545,0.32691711,-0.51243782,0.00000000
546,-0.18543169,-0.41967503,0.09093248
547,0.33142713,0.25107247,0.14744979
548,-0.16368293,-0.52220662,0.04141694
549,0.14592911,-0.45337622,0.07373808
550,-0.30454793,0.27819386,0.14879178
551,0.47014543,-0.05964835,0.11745375
552,-0.16469385,-0.09364735,0.17142977
553,0.09085643,-0.59930855,0.00000000
554,-0.45592235,-0.26566556,0.07900766
555,-0.37331352,-0.41223642,0.05136305
556,-0.21597366,0.50864556,0.05304265
557,0.60284495,0.07775159,0.00000000
558,-0.48933694,0.36057833,0.00000000
559,0.46077695,0.39642397,0.00000000
560,-0.58165040,-0.00935513,0.02968349
561,-0.52776039,0.25319459,0.02535235
562,-0.46380361,-0.01302469,0.12633841
563,-0.34562224,0.13046859,0.17001560
564,-0.35013024,0.36575359,0.09461271
565,0.52272440,0.25588400,0.02895638
566,0.51691191,0.08082114,0.08289285
567,0.33598301,0.36003594,0.10271361
568,-0.01903716,0.58191794,0.02125323
569,-0.36982761,0.42003596,0.05103650
570,0.09953535,0.57066717,0.02405225
571,-0.57967982,0.09832595,0.02289270
572,-0.22616975,0.44981408,0.09113023
573,0.48432827,-0.26101551,0.05824056
574,-0.57745464,-0.09201534,0.02680316
575,0.49951741,-0.00874437,0.10060436
576,0.13626213,0.47882320,0.08591055
577,0.51956740,-0.20743721,0.05037794
578,0.43472294,0.04029958,0.13951188
579,-0.51383779,0.13577096,0.07768368
580,0.46088462,0.14955288,0.11143349
581,0.32891242,0.01001728,0.17968204
582,0.58131488,-0.03267877,0.02827519
583,0.02179368,0.48899546,0.08520686
584,0.24182251,0.45883354,0.08014983
585,0.27149820,-0.02545629,0.18762608
586,-0.44160923,-0.23374531,0.10030845
587,0.11476955,0.42392099,0.11782713
588,-0.23271441,-0.47196286,0.06290154
589,-0.29206600,0.17710225,0.17706005
590,-0.27096877,-0.13131469,0.17661778
591,-0.49052040,-0.31517403,0.02768643
592,0.18519390,-0.33199059,0.12045970
593,-0.43088490,0.16605248,0.12703560
594,-0.14007656,0.40091155,0.12862132
595,-0.41880611,0.32618181,0.07755041
596,-0.33381350,-0.35341278,0.10051763
597,0.22256802,-0.38543397,0.10469647
598,-0.29562527,0.41385022,0.09081418
599,0.00710850,0.31673085,0.16062225
600,-0.11611866,0.28418975,0.17107859
601,0.19042757,0.55015298,0.02538272
602,-0.34412294,0.26376188,0.14012734
603,0.18457704,-0.44763914,0.07864478
604,0.21298481,-0.05506789,0.18528179
605,0.37719950,0.44584057,0.02739595
606,0.15327787,0.18709309,0.18898593
607,-0.02063981,0.37838351,0.13965348
608,0.16472029,0.22266001,0.18343397
609,0.25058058,-0.29748910,0.13540003
610,0.41361254,-0.03831150,0.14912358
611,0.22784249,-0.53425103,0.02285695
612,0.10143030,-0.56270536,0.02116569
613,-0.18503503,0.15849026,0.19230517
614,0.44516827,-0.17342634,0.11302352
615,-0.41607035,-0.33831250,0.07025532
616,-0.19892329,0.57436651,0.00000000
617,-0.57496589,-0.19718409,0.00000000
618,0.44501001,-0.41404521,0.00000000
619,-0.44730964,-0.41155976,0.00000000
620,-0.31854054,0.51768649,0.00000000
621,-0.18838110,0.05076853,0.19467194
622,-0.33917225,-0.09376715,0.17228590
623,0.38421846,0.28681787,0.11345710
624,-0.19863614,-0.38370751,0.10551956
625,-0.46256315,-0.08556180,0.12212571
626,0.14785300,-0.01826917,0.18171708
627,-0.23323974,0.25865479,0.17036687
628,-0.39299428,0.46370557,0.00000000
629,-0.15564386,0.47218841,0.08918130
630,-0.55196011,-0.00501781,0.05936735
631,-0.50351872,0.20702043,0.06622371
632,-0.25186210,0.52436529,0.02751147
633,0.07199454,0.54721046,0.04469151
634,-0.37811329,0.38377743,0.06989090
635,0.23279186,0.53129925,0.02872882
636,0.54000816,0.14640999,0.05182079
637,0.45859328,0.11506748,0.11914535
638,0.55477939,-0.05123345,0.05323007
639,-0.47676363,0.02398064,0.11789490
640,-0.41799849,0.12968201,0.14086661
641,-0.17049308,0.38325387,0.13523449
642,-0.54214846,0.13709581,0.05277358
643,-0.54585166,-0.20961569,0.02674666
644,-0.29615686,-0.02095514,0.18696942
645,0.12971783,0.51190509,0.06463578
646,-0.31323205,0.37870867,0.10353310
647,-0.01482032,0.48879794,0.08552842
648,0.49431137,0.20001341,0.07519898
649,-0.31371930,-0.39159477,0.08819007
650,0.05545305,0.39971646,0.13001311
651,0.42486954,-0.35271182,0.05543876
652,-0.52841504,-0.07827277,0.07560226
653,0.49610952,0.02680750,0.10264051
654,0.31216833,0.28624536,0.14246549
655,-0.02561596,0.34275410,0.15275731
656,0.39872650,0.32059698,0.09170016
657,-0.39160371,0.31462424,0.09869332
658,0.40851946,0.07336726,0.15031019
659,0.45596490,0.27575889,0.07554843
660,0.35431621,0.10736874,0.16818744
661,0.19726916,-0.20754370,0.15504846
662,-0.48363752,0.13248878,0.10117082
663,-0.49754592,-0.21288765,0.06880102
664,0.38745959,-0.15187295,0.14512130
665,-0.12921794,0.31725437,0.16147498
666,0.00110758,0.60783726,0.00000000
667,0.13010299,0.59375125,0.00000000
668,-0.15830503,0.58686191,0.00000000
669,-0.58688796,-0.15820837,0.00000000
670,0.55528694,0.24723220,0.00000000
671,0.47138885,-0.38374460,0.00000000
672,0.19347269,0.05669789,0.19419214
673,0.03637976,0.16188415,0.18957607
674,-0.44326345,0.22696547,0.10294453
675,0.16567706,-0.10429711,0.16946155
676,0.43699015,-0.06871678,0.13547064
677,-0.23095620,-0.52905366,0.02588933
678,-0.13194009,0.09539890,0.19300015
679,-0.30651942,0.14014593,0.17941567
680,0.31256594,-0.37923857,0.09372060
681,0.33956618,-0.43447873,0.05288121
682,-0.12264831,0.21158918,0.18613400
683,0.40954009,0.18092262,0.13346453
684,-0.42060978,-0.27367768,0.09736869
685,-0.17975732,0.52921257,0.04497564
686,0.40838194,0.41558909,0.03065184
687,-0.41229051,0.02072195,0.15333508
688,-0.16777360,0.50453221,0.06604485
689,-0.32884027,0.48118242,0.02724149
690,0.15994116,0.53229166,0.04635129
691,-0.56359727,-0.03435850,0.04713699
692,0.55554286,-0.00977881,0.05467144
693,-0.50313672,0.28761490,0.03208690
694,-0.04855834,0.50593426,0.07426252
695,-0.23711214,0.39065877,0.12098440
696,-0.55333952,0.17210477,0.03233746
697,-0.21241548,0.54098301,0.02692123
698,0.52278257,0.11544531,0.07336325
699,0.54240674,-0.27433974,0.00000000
700,0.50084589,-0.04681956,0.09795343
701,0.46045845,0.20967182,0.09649609
702,-0.29488653,0.31544132,0.13834223
703,-0.42230847,-0.08387745,0.14388947
704,0.30980931,0.39204299,0.09627370
705,0.13158946,0.39144251,0.13277394
706,-0.45812815,0.05946409,0.12744885
707,0.26931284,-0.13514485,0.17419044
708,-0.13234565,0.02620089,0.18656528
709,-0.31261124,-0.24562811,0.14594404
710,-0.25332385,-0.43673784,0.07894537
711,0.47108817,0.08180576,0.11537001
712,0.00369471,-0.61840785,0.00000000
713,-0.29333585,-0.42883745,0.07408714
714,0.41470361,-0.31919489,0.07873541
715,0.55446033,0.10516425,0.04699818
716,0.10238156,0.49096476,0.08046698
717,0.02782685,0.42587110,0.11851299
718,0.14271500,0.44583516,0.10489394
719,0.43615796,-0.38314993,0.02927944
720,-0.57332827,0.06469495,0.03469399
721,-0.51808835,-0.23061016,0.04472804
722,-0.50700775,0.02614680,0.09662354
723,0.14399774,-0.34181795,0.10714328
724,-0.14774682,-0.33015218,0.11138223
725,0.09857962,0.23973450,0.18058394
726,-0.07927701,0.45499276,0.10341194
727,-0.18274347,-0.02224190,0.18749773
728,0.54185607,-0.13314613,0.05248941
729,0.17722945,0.58142674,0.00000000
730,-0.07761306,0.60286283,0.00000000
731,-0.60680664,-0.03539819,0.00000000
732,0.59932864,-0.10135340,0.00000000
733,0.60727406,0.02618292,0.00000000
734,-0.52306062,-0.30963674,0.00000000
735,-0.45731241,0.40041569,0.00000000
736,0.29883647,0.52930534,0.00000000
737,-0.27730468,0.54089689,0.00000000
738,0.51053274,-0.14711097,0.07549764
739,0.32303488,-0.47649364,0.03144740
740,0.23346855,0.05323223,0.19358571
741,0.50156092,0.29375275,0.03012282
742,0.08436613,-0.49484783,0.04890129
743,-0.37826845,-0.28122184,0.11463013
744,0.46793225,-0.20035842,0.09182365
745,0.44725910,-0.02943433,0.13277063
746,-0.27295588,0.25143790,0.16495687
747,0.30691555,-0.27023386,0.13785408
748,0.35979155,-0.08165084,0.16559381
749,-0.56930626,-0.13152063,0.02749690
750,-0.43241336,-0.36376699,0.04528727
751,0.01035216,0.21910365,0.18277180
752,0.19703142,0.29563520,0.16398126
753,-0.26134109,0.49105302,0.05136821
754,-0.41770902,0.36459230,0.05756687
755,0.31300699,0.43106321,0.07151545
756,-0.47554163,0.23586424,0.07776309
757,-0.10104089,0.34401258,0.15293961
758,-0.53488869,0.21440738,0.03556487
759,0.42297778,-0.14570538,0.13083423
760,0.20884482,0.48261482,0.07433204
761,-0.59611666,0.11879523,0.00000000
762,0.40566403,0.45266327,0.00000000
763,-0.41185955,0.25243278,0.11270599
764,-0.58790273,0.03022104,0.02199380
765,0.32476015,0.32375807,0.12375382
766,-0.51008200,-0.04759802,0.09338382
767,-0.54744404,0.06394922,0.06012290
768,0.44397730,-0.28176060,0.07797735
769,-0.22404733,0.35774839,0.13865355
770,-0.12550859,0.49776614,0.07542905
771,0.50927548,0.22832436,0.05295332
772,-0.01593455,0.55590546,0.04136443
773,0.08309422,0.29963686,0.16618410
774,0.52571767,0.18837110,0.05277069
775,0.18277459,0.43180047,0.11001995
776,-0.38805875,-0.01612975,0.16331543
777,0.49318794,0.10063684,0.09827234
778,-0.36046270,0.08773061,0.17022640
779,0.52377076,0.04614607,0.08073525
780,0.39566517,0.38563983,0.05872968
781,0.33385452,-0.11527197,0.16807143
782,0.26860965,0.39011322,0.11150826
783,-0.28711411,0.35183062,0.12543989
784,-0.17423255,-0.45462039,0.07568049
785,-0.15420762,-0.29020500,0.12321084
786,0.15234855,-0.30189320,0.11976308
787,-0.37004277,-0.17617077,0.14884314
788,-0.60300517,-0.07649910,0.00000000
789,-0.47540072,-0.37876314,0.00000000
790,0.51377952,0.32480448,0.00000000
791,-0.33776820,-0.50535136,0.00000000
792,-0.55705661,0.24321865,0.00000000
793,0.25593263,0.55133098,0.00000000
794,0.37215654,0.17947918,0.15049705
795,-0.48991367,-0.25295412,0.05927387
796,0.01628799,0.57754197,0.02459082
797,-0.40072961,0.42717175,0.02643507
798,-0.42710929,0.39749936,0.02948030
799,0.06826122,-0.57463710,0.01574131
800,0.56787989,0.13434601,0.02771746
801,-0.08487715,0.48665097,0.08504361
802,0.14286391,-0.55456128,0.02269855
803,0.29008423,0.11040423,0.18465160
804,-0.16347044,-0.39217458,0.09821759
805,-0.21843475,-0.30912983,0.13226139
806,0.15785897,-0.06305498,0.17560489
807,-0.30804649,0.43820075,0.07044490
808,-0.08244728,-0.60154736,0.00000000
809,0.20996821,0.41869390,0.11273428
810,-0.27592945,0.04623626,0.19150903
811,-0.44688673,-0.38224547,0.02214592
812,0.44419151,0.18043844,0.11475633
813,0.48782478,-0.12224165,0.09734234
814,-0.49497183,0.16941345,0.08450047
815,-0.23464582,0.47737112,0.07047869
816,-0.50528468,0.24488160,0.05011436
817,-0.16832218,0.55509991,0.02603752
818,-0.05330117,-0.54657453,0.02787590
819,-0.49416622,-0.01180150,0.10654143
820,0.07376607,0.13554519,0.19108850
821,-0.18525964,0.44652504,0.10154313
822,-0.60688978,0.03394369,0.00000000
823,-0.57195485,0.20575470,0.00000000
824,0.44795272,0.34253499,0.04881840
825,0.03320434,-0.56935787,0.01897325
826,0.33415521,0.05073461,0.17816011
827,-0.22056514,-0.18003800,0.16565983
828,0.34540583,0.43830990,0.05124898
829,0.45978393,0.36266066,0.02646975
830,-0.15553673,-0.58208841,0.00000000
831,-0.05144569,0.53769863,0.05293537
832,-0.43736398,-0.30161323,0.07526550
833,-0.05686874,0.56968516,0.02893863
834,0.36423858,0.02506276,0.16971513
835,0.57107329,0.20818903,0.00000000
836,0.58017752,0.09256870,0.02322834
837,0.35455654,-0.01560834,0.17208966
838,0.27285101,0.49968436,0.03874238
839,0.25807967,-0.50941715,0.03209045
840,0.56644325,0.06714063,0.04058728
841,0.29640168,-0.53067261,0.00000000
842,-0.12754735,-0.56536408,0.01705806
843,0.43105866,0.38427754,0.03639585
844,0.27375813,0.52283683,0.01837962
845,0.58303329,0.04837884,0.02551318
846,0.06820389,0.11388580,0.19115150
