face,S11,S22,S12,von_mises,principal_1,principal_2,T_wale_Nm,T_course_Nm
0,1199.7649,586.3315,-153.3534,1072.5262,1235.9657,550.1308,1199.7649,586.3315
1,1380.0634,298.0286,8.0611,1257.8921,1380.1234,297.9686,1380.0634,298.0286
2,1301.7452,576.7487,-73.7851,1136.9840,1309.1783,569.3156,1301.7452,576.7487
3,1749.7726,487.2608,14.7913,1564.3490,1749.9458,487.0876,1749.7726,487.2608
4,743.1102,596.2701,-0.9242,681.6590,743.1160,596.2643,743.1102,596.2701
5,1359.0372,599.2006,-100.9152,1192.5767,1372.2115,586.0263,1359.0372,599.2006
6,1216.1456,762.8978,-135.2644,1090.0082,1253.4438,725.5997,1216.1456,762.8978
7,1371.3639,546.4509,-204.8610,1247.3045,1419.4379,498.3768,1371.3639,546.4509
8,781.6228,949.5187,35.8458,879.8916,956.8515,774.2900,781.6228,949.5187
9,941.3341,762.7526,139.0763,898.8454,1017.3160,686.7707,941.3341,762.7526
10,1140.0937,1123.0825,-136.8479,1156.2399,1268.7001,994.4761,1140.0937,1123.0825
11,1213.5557,1757.1153,308.8403,1647.4105,1896.7314,1073.9396,1213.5557,1757.1153
12,1135.9808,1024.7382,29.4334,1085.8438,1143.2885,1017.4305,1135.9808,1024.7382
13,1176.2105,931.1755,18.5290,1075.3281,1177.6037,929.7823,1176.2105,931.1755
14,1280.7650,1163.5349,209.0454,1278.6937,1439.2575,1005.0424,1280.7650,1163.5349
15,1181.0795,776.8301,79.5233,1048.7553,1196.1606,761.7490,1181.0795,776.8301
16,1274.4959,509.7844,215.8276,1172.2826,1331.2045,453.0759,1274.4959,509.7844
17,1166.8552,738.8404,134.4653,1048.5987,1205.5929,700.1027,1166.8552,738.8404
18,1275.0810,772.1544,-11.4987,1112.6056,1275.3438,771.8916,1275.0810,772.1544
19,1347.7473,581.9354,12.3265,1170.9934,1347.9457,581.7370,1347.7473,581.9354
20,1902.6587,690.8927,-102.6570,1677.6547,1911.2940,682.2575,1902.6587,690.8927
21,1733.9479,670.4115,-16.5758,1514.7252,1734.2062,670.1532,1733.9479,670.4115
22,893.1384,2392.2305,139.3846,2107.6419,2405.0803,880.2887,893.1384,2392.2305
23,1029.7776,564.2623,162.8456,936.6564,1081.0883,512.9516,1029.7776,564.2623
24,1237.1032,720.6841,253.8793,1162.5891,1341.0081,616.7792,1237.1032,720.6841
25,1253.9287,640.4710,268.3943,1181.3305,1354.7757,539.6239,1253.9287,640.4710
26,1472.5818,504.7878,286.6458,1387.9712,1551.1100,426.2596,1472.5818,504.7878
27,1850.2328,1227.4727,660.6231,1992.0364,2269.1817,808.5238,1850.2328,1227.4727
28,1282.1829,771.5535,123.7265,1138.3935,1310.5826,743.1538,1282.1829,771.5535
29,1205.1622,735.9919,107.6571,1068.5881,1228.6861,712.4681,1205.1622,735.9919
30,1074.0870,1073.3400,3.1074,1073.7272,1076.8433,1070.5837,1074.0870,1073.3400
31,1164.0598,819.0191,127.1210,1058.7349,1205.8360,777.2428,1164.0598,819.0191
32,1167.0812,893.7566,-5.3997,1057.2986,1167.1879,893.6499,1167.0812,893.7566
33,1191.5799,1007.8570,158.1568,1144.4374,1282.6176,916.8193,1191.5799,1007.8570
34,657.7089,699.5058,60.7464,687.6689,742.8481,614.3666,657.7089,699.5058
35,1192.4368,810.0978,-46.7763,1057.7039,1198.0763,804.4583,1192.4368,810.0978
36,1159.9329,825.3575,-6.6509,1034.1338,1160.0651,825.2253,1159.9329,825.3575
37,1117.6820,456.8600,22.6211,974.0868,1118.4555,456.0865,1117.6820,456.8600
38,532.0905,1673.0425,321.5333,1581.8130,1757.4150,447.7181,532.0905,1673.0425
39,1202.2116,695.8101,-85.1989,1055.8078,1216.1615,681.8602,1202.2116,695.8101
40,2136.7230,496.3025,486.3527,2112.1215,2270.0765,362.9490,2136.7230,496.3025
41,321.6169,1638.5271,22.9966,1504.2663,1638.9286,321.2154,321.6169,1638.5271
42,1358.8755,564.8519,-58.9530,1186.7869,1363.2287,560.4988,1358.8755,564.8519
43,1139.0144,564.8577,-146.6083,1018.5867,1174.2836,529.5884,1139.0144,564.8577
44,1078.5750,495.3750,105.7280,952.8675,1097.1507,476.7993,1078.5750,495.3750
45,1108.4403,667.5099,-175.7361,1013.3923,1169.9114,606.0388,1108.4403,667.5099
46,1157.5127,714.7784,-149.4554,1044.2171,1203.2416,669.0495,1157.5127,714.7784
47,1158.2355,622.9805,-183.7019,1053.2308,1215.2168,565.9992,1158.2355,622.9805
48,1162.0801,665.9905,-63.8731,1016.0111,1170.1720,657.8986,1162.0801,665.9905
49,1145.2598,662.8593,-111.1310,1014.3503,1169.6300,638.4891,1145.2598,662.8593
50,1167.6274,649.7092,-4.0005,1013.3635,1167.6583,649.6783,1167.6274,649.7092
51,1081.7800,827.7166,-207.4053,1043.5546,1197.9642,711.5324,1081.7800,827.7166
52,1162.0016,836.7909,-182.3036,1085.2733,1243.6811,755.1113,1162.0016,836.7909
53,1119.4452,806.2315,-213.2292,1066.3184,1227.3991,698.2776,1119.4452,806.2315
54,1111.7258,848.2694,-214.9370,1072.8681,1232.0893,727.9059,1111.7258,848.2694
55,1137.1832,788.9541,-206.9048,1070.9237,1233.4859,692.6514,1137.1832,788.9541
56,1097.9028,742.3860,-211.7187,1037.2725,1196.5913,643.6976,1097.9028,742.3860
57,1113.3366,734.7011,-142.3926,1011.0200,1160.9088,687.1288,1113.3366,734.7011
58,1164.9499,760.5821,-92.2192,1036.8541,1184.9882,740.5438,1164.9499,760.5821
59,1200.0484,744.0759,-102.3885,1064.0903,1221.9844,722.1399,1200.0484,744.0759
60,1215.3715,696.1222,-82.9167,1065.9702,1228.2907,683.2030,1215.3715,696.1222
61,1126.2426,730.2300,-86.2885,1000.7893,1144.2276,712.2450,1126.2426,730.2300
62,1192.4262,686.0757,-115.4561,1055.6874,1217.5095,660.9924,1192.4262,686.0757
63,1171.8686,654.6288,-88.2173,1028.6023,1186.5005,639.9969,1171.8686,654.6288
64,1222.9116,551.3205,-128.8787,1084.0111,1246.7942,527.4379,1222.9116,551.3205
65,1168.7344,842.2249,-267.1033,1142.3564,1318.5232,692.4360,1168.7344,842.2249
66,1128.2196,816.2247,-162.5946,1047.6319,1197.5491,746.8953,1128.2196,816.2247
67,1115.3243,868.6316,-254.9700,1106.6582,1275.2164,708.7395,1115.3243,868.6316
68,1084.1863,845.7933,-146.5260,1018.9398,1153.8752,776.1044,1084.1863,845.7933
69,1092.0541,806.4687,-105.1083,997.7022,1126.5677,771.9551,1092.0541,806.4687
70,1090.4481,829.0238,-82.3597,996.3431,1114.2313,805.2407,1090.4481,829.0238
71,1112.3521,874.3247,-139.4741,1042.8677,1176.6886,809.9882,1112.3521,874.3247
72,1123.8626,932.8872,-144.5202,1071.2455,1201.5915,855.1583,1123.8626,932.8872
73,1107.6465,839.9617,-109.6488,1018.8741,1146.8262,800.7820,1107.6465,839.9617
74,1120.7995,847.6386,-80.8226,1021.8839,1142.9216,825.5164,1120.7995,847.6386
75,1120.9872,852.8655,-40.5314,1016.3016,1126.9803,846.8724,1120.9872,852.8655
76,1158.3777,846.7178,-75.2313,1046.3891,1175.5874,829.5081,1158.3777,846.7178
77,1125.4739,884.3936,-68.3582,1033.1990,1143.5078,866.3597,1125.4739,884.3936
78,1144.6443,827.8123,-65.2577,1029.9072,1157.5590,814.8976,1144.6443,827.8123
79,1355.1535,775.3501,-98.4386,1189.9415,1371.4105,759.0930,1355.1535,775.3501
80,1167.0407,805.9986,-182.0206,1081.8406,1242.8775,730.1618,1167.0407,805.9986
81,1167.2255,855.8581,-155.1524,1080.8080,1231.3364,791.7471,1167.2255,855.8581
82,1168.8138,847.6941,-139.1978,1073.3324,1220.7522,795.7557,1168.8138,847.6941
83,1118.6616,869.3945,-105.0273,1033.3366,1157.0135,831.0426,1118.6616,869.3945
84,1106.7011,807.3950,-134.3760,1018.4792,1158.1773,755.9188,1106.7011,807.3950
85,1132.3905,874.7098,-100.4695,1042.6863,1166.9330,840.1672,1132.3905,874.7098
86,1101.7048,886.2292,-92.8011,1024.0258,1136.1622,851.7718,1101.7048,886.2292
87,1107.2953,914.7842,27.4574,1025.7965,1111.1349,910.9446,1107.2953,914.7842
88,1071.4567,841.5254,-86.6993,988.4719,1100.4837,812.4984,1071.4567,841.5254
89,1088.4548,885.6161,-88.9961,1014.3261,1121.9657,852.1051,1088.4548,885.6161
90,1139.3661,905.5036,29.1181,1043.5206,1142.9370,901.9326,1139.3661,905.5036
91,1143.2797,956.5498,11.1803,1062.4721,1143.9467,955.8828,1143.2797,956.5498
92,1093.5509,804.8173,-94.5084,995.1238,1121.7344,776.6338,1093.5509,804.8173
93,1139.3197,946.2136,6.2810,1056.1477,1139.5238,946.0095,1139.3197,946.2136
94,1167.6591,979.8027,27.7804,1087.0514,1171.6811,975.7806,1167.6591,979.8027
95,1165.1610,853.6528,-28.7206,1046.0186,1167.7869,851.0269,1165.1610,853.6528
96,1103.1425,954.8409,-67.2374,1043.4948,1129.0877,928.8956,1103.1425,954.8409
97,1249.4946,804.9283,-19.8113,1097.5291,1250.3757,804.0472,1249.4946,804.9283
98,1271.5797,834.9766,-57.8654,1123.5688,1279.1187,827.4376,1271.5797,834.9766
99,1185.3084,818.7235,12.0730,1051.3142,1185.7055,818.3263,1185.3084,818.7235
100,1181.5584,865.0368,10.4593,1059.5308,1181.9036,864.6915,1181.5584,865.0368
101,1166.6150,836.8252,-85.7173,1052.1675,1187.5636,815.8766,1166.6150,836.8252
102,1129.2108,842.8442,-65.0635,1022.9635,1143.3002,828.7548,1129.2108,842.8442
103,1179.2779,871.6106,10.0303,1059.6377,1179.6046,871.2839,1179.2779,871.6106
104,1168.6288,883.4872,15.4766,1055.6955,1169.4664,882.6496,1168.6288,883.4872
105,1177.4616,842.1292,52.8306,1054.7018,1185.5880,834.0028,1177.4616,842.1292
106,1164.6594,905.6182,19.6981,1059.7184,1166.1487,904.1289,1164.6594,905.6182
107,1151.6883,864.5125,32.3623,1039.8369,1155.2900,860.9107,1151.6883,864.5125
108,1137.3470,898.1546,46.0643,1041.6775,1145.9115,889.5901,1137.3470,898.1546
109,1252.6528,782.3541,-23.7997,1096.7672,1253.8541,781.1528,1252.6528,782.3541
110,1275.9646,824.2197,2.5517,1120.6107,1275.9791,824.2053,1275.9646,824.2197
111,1253.3011,854.0571,6.9120,1109.0220,1253.4207,853.9374,1253.3011,854.0571
112,1307.0993,882.4792,25.0231,1155.7113,1308.5688,881.0097,1307.0993,882.4792
113,1261.0836,867.8999,9.8549,1117.7563,1261.3304,867.6530,1261.0836,867.8999
114,1210.1255,846.3144,36.8988,1077.3067,1213.8302,842.6097,1210.1255,846.3144
115,1244.4563,809.7343,-5.3596,1093.9600,1244.5224,809.6682,1244.4563,809.7343
116,1190.2586,847.6888,11.4105,1061.4677,1190.6383,847.3091,1190.2586,847.6888
117,1243.7003,813.2644,-1.0578,1093.9541,1243.7029,813.2618,1243.7003,813.2644
118,1171.4912,814.0860,48.2619,1043.2740,1177.8936,807.6836,1171.4912,814.0860
119,1146.1347,663.1866,58.0310,1001.7199,1153.0098,656.3115,1146.1347,663.1866
120,1238.8428,796.4653,40.6326,1089.6541,1242.5439,792.7641,1238.8428,796.4653
121,1208.9998,746.0091,102.0510,1071.2275,1230.4955,724.5133,1208.9998,746.0091
122,1322.8465,898.8254,9.5767,1170.0757,1323.0627,898.6092,1322.8465,898.8254
123,1289.4563,746.0515,144.7996,1148.9954,1325.6324,709.8754,1289.4563,746.0515
124,1438.2692,791.1692,17.7733,1248.0386,1438.7570,790.6814,1438.2692,791.1692
125,1439.3594,889.7380,63.5077,1262.8682,1446.6022,882.4953,1439.3594,889.7380
126,842.5522,3371.5850,23.9766,3039.4848,3371.8123,842.3249,842.5522,3371.5850
127,503.4899,2308.5489,-14.6608,2102.6683,2308.6680,503.3708,503.4899,2308.5489
128,670.5958,2436.2779,159.1342,2197.1259,2450.5054,656.3683,670.5958,2436.2779
129,681.1715,2073.3741,28.6602,1831.1242,2073.9639,680.5817,681.1715,2073.3741
130,645.5153,2241.0366,101.9437,2005.8637,2247.5238,639.0281,645.5153,2241.0366
131,1244.8192,854.4635,140.5770,1129.2989,1290.1748,809.1080,1244.8192,854.4635
132,676.6241,2530.3689,125.5631,2279.4247,2538.8352,668.1577,676.6241,2530.3689
133,670.1432,2113.5488,75.2401,1875.3089,2117.4603,666.2318,670.1432,2113.5488
134,1228.8109,812.1829,-139.3486,1108.9870,1271.1217,769.8722,1228.8109,812.1829
135,526.0989,2000.3528,137.8179,1811.8470,2013.1258,513.3260,526.0989,2000.3528
136,457.3275,1906.1728,136.5467,1739.7796,1918.9294,444.5710,457.3275,1906.1728
137,404.2952,1768.0544,157.4185,1627.5739,1785.9893,386.3602,404.2952,1768.0544
138,344.4381,1955.0096,-112.6496,1818.0732,1962.8506,336.5971,344.4381,1955.0096
139,1337.1296,880.1411,-19.5173,1177.6434,1337.9616,879.3090,1337.1296,880.1411
140,1721.5430,955.2877,97.4752,1503.4029,1733.7484,943.0823,1721.5430,955.2877
141,495.7612,2082.4136,38.6321,1885.2912,2083.3536,494.8212,495.7612,2082.4136
142,1689.9455,1029.5442,-7.0086,1475.1782,1690.0198,1029.4698,1689.9455,1029.5442
143,1252.5622,810.9053,-8.2224,1100.4422,1252.7152,810.7523,1252.5622,810.9053
144,653.2285,2176.7353,26.9782,1935.2421,2177.2128,652.7509,653.2285,2176.7353
145,1040.5683,591.6649,34.8059,905.9892,1043.2510,588.9823,1040.5683,591.6649
146,1198.1934,745.0908,-154.0209,1081.3104,1245.5909,697.6934,1198.1934,745.0908
147,504.6204,2024.0463,-75.2257,1829.4827,2027.7616,500.9051,504.6204,2024.0463
148,595.8133,2051.0793,-2.7209,1827.5343,2051.0844,595.8082,595.8133,2051.0793
149,583.5170,2034.3481,-105.0294,1823.4805,2041.9120,575.9531,583.5170,2034.3481
150,556.6449,2012.8877,26.4845,1800.8917,2013.3692,556.1634,556.6449,2012.8877
151,1178.8710,529.2222,-127.4326,1046.2531,1202.9735,505.1197,1178.8710,529.2222
152,414.5277,2720.6102,-96.1379,2544.3098,2724.6111,410.5268,414.5277,2720.6102
153,546.0664,1989.6054,-21.2386,1780.9028,1989.9178,545.7540,546.0664,1989.6054
154,1153.0402,626.2759,164.0653,1039.4009,1199.9605,579.3557,1153.0402,626.2759
155,1119.6305,805.2228,168.5251,1041.9244,1192.8909,731.9625,1119.6305,805.2228
156,1117.2070,704.5544,116.3879,999.0264,1147.7703,673.9911,1117.2070,704.5544
157,1103.5837,681.8958,155.6741,1001.5253,1154.8267,630.6528,1103.5837,681.8958
158,1133.5685,826.0736,170.0171,1057.2046,1209.0460,750.5960,1133.5685,826.0736
159,1125.4664,702.4953,69.2803,991.9369,1136.5250,691.4367,1125.4664,702.4953
160,1160.5426,677.1893,18.6505,1010.2381,1161.2612,676.4708,1160.5426,677.1893
161,1115.4823,666.7064,71.6998,980.0620,1126.6592,655.5295,1115.4823,666.7064
162,1140.7155,664.0288,18.1810,992.8191,1141.4079,663.3364,1140.7155,664.0288
163,981.3674,311.1722,-51.9279,873.2843,985.3670,307.1727,981.3674,311.1722
164,1194.3643,969.0607,100.5410,1112.8786,1232.7056,930.7194,1194.3643,969.0607
165,1021.7187,684.7466,123.1537,926.6439,1061.9295,644.5358,1021.7187,684.7466
166,1155.5484,743.8124,240.5000,1096.6123,1266.2588,633.1020,1155.5484,743.8124
167,1179.9356,757.8315,131.8493,1060.4324,1217.7353,720.0317,1179.9356,757.8315
168,1165.7166,778.6238,131.5751,1053.2956,1206.2049,738.1356,1165.7166,778.6238
169,1125.8221,687.2768,138.5484,1011.7610,1165.9259,647.1730,1125.8221,687.2768
170,1210.5233,759.2818,119.0259,1079.4669,1239.9945,729.8106,1210.5233,759.2818
171,1126.5702,815.2459,94.7001,1020.9108,1153.1134,788.7026,1126.5702,815.2459
172,1177.8983,727.6803,122.7325,1051.1990,1209.1822,696.3964,1177.8983,727.6803
173,1229.4453,689.7680,119.5034,1087.2566,1254.7236,664.4898,1229.4453,689.7680
174,1150.4540,722.1462,77.3528,1015.9694,1163.9958,708.6043,1150.4540,722.1462
175,1238.5618,727.6255,101.1572,1092.2286,1257.8604,708.3269,1238.5618,727.6255
176,1141.0560,723.9384,288.3212,1117.7785,1288.3425,576.6519,1141.0560,723.9384
177,1165.4129,860.4289,89.1621,1058.1209,1189.5665,836.2752,1165.4129,860.4289
178,1264.4395,495.6166,327.1695,1240.5183,1384.8172,375.2389,1264.4395,495.6166
179,403.1812,945.2929,645.8717,1387.9699,1374.6809,-26.2068,403.1812,945.2929
180,1169.0782,855.0378,63.5270,1053.7241,1181.4423,842.6737,1169.0782,855.0378
181,1207.2913,857.7758,62.4658,1081.4122,1218.1198,846.9473,1207.2913,857.7758
182,1186.7442,822.2383,71.5680,1060.1967,1200.2924,808.6900,1186.7442,822.2383
183,1195.4366,669.4068,149.5840,1069.6106,1234.9977,629.8458,1195.4366,669.4068
184,1142.3206,847.3028,60.3010,1032.3931,1154.1701,835.4533,1142.3206,847.3028
185,1139.1296,875.0359,63.4935,1038.5658,1153.6017,860.5638,1139.1296,875.0359
186,1138.3746,816.3780,106.8451,1033.0892,1170.6024,784.1502,1138.3746,816.3780
187,1125.4300,846.6060,38.3161,1017.3215,1130.5996,841.4364,1125.4300,846.6060
188,1120.5799,707.0679,81.5765,991.6060,1136.0913,691.5566,1120.5799,707.0679
189,1126.5066,901.4145,29.6899,1033.8086,1130.3569,897.5643,1126.5066,901.4145
190,1147.2252,845.5789,50.9040,1033.8441,1155.5839,837.2203,1147.2252,845.5789
191,1181.7921,908.3584,51.4583,1075.2677,1191.1555,898.9950,1181.7921,908.3584
192,1117.4182,879.7508,6.4828,1019.6379,1117.5949,879.5741,1117.4182,879.7508
193,1313.8427,960.8756,59.4797,1182.2177,1323.5963,951.1220,1313.8427,960.8756
194,1284.7703,910.3976,-7.7641,1144.5469,1284.9312,910.2367,1284.7703,910.3976
195,2041.1036,332.0649,-223.9450,1936.2454,2069.9611,303.2074,2041.1036,332.0649
196,1151.2338,914.9700,96.2869,1066.2919,1185.5037,880.7000,1151.2338,914.9700
197,1108.7896,826.2059,53.3816,1002.2429,1118.5374,816.4581,1108.7896,826.2059
198,1134.1243,864.9734,68.2454,1033.1514,1150.4395,848.6583,1134.1243,864.9734
199,1119.0259,873.8990,9.0945,1018.9460,1119.3628,873.5621,1119.0259,873.8990
200,1143.2347,983.2411,-5.4794,1072.2702,1143.4222,983.0537,1143.2347,983.2411
201,1199.1566,823.8024,-45.4568,1065.3440,1204.5832,818.3759,1199.1566,823.8024
202,1150.1147,900.8832,-14.4787,1048.2673,1150.9530,900.0449,1150.1147,900.8832
203,1147.4799,944.6266,-6.4708,1060.7616,1147.6861,944.4204,1147.4799,944.6266
204,1299.9285,883.2099,33.3494,1151.1301,1302.5805,880.5579,1299.9285,883.2099
205,1202.6293,881.4731,30.2634,1079.8029,1205.4562,878.6461,1202.6293,881.4731
206,1224.7531,867.4491,23.2513,1091.6497,1226.2598,865.9424,1224.7531,867.4491
207,1288.2964,885.6275,26.8370,1142.4770,1290.0771,883.8468,1288.2964,885.6275
208,1180.2758,888.4674,68.8540,1071.4529,1195.7064,873.0369,1180.2758,888.4674
209,1189.6606,860.2360,10.4079,1064.0651,1189.9891,859.9075,1189.6606,860.2360
210,1157.0852,905.3279,-25.0888,1054.8989,1159.5611,902.8520,1157.0852,905.3279
211,1177.7060,889.4458,0.7822,1063.2975,1177.7081,889.4437,1177.7060,889.4458
212,1169.2250,887.8093,-1.4418,1057.0004,1169.2323,887.8019,1169.2250,887.8093
213,1161.2593,907.0150,-10.6615,1057.4785,1161.7056,906.5687,1161.2593,907.0150
214,1199.8671,901.2903,-25.3804,1082.8246,1202.0092,899.1482,1199.8671,901.2903
215,1210.7025,811.7546,-35.5203,1070.3914,1213.8404,808.6168,1210.7025,811.7546
216,1149.0541,863.9440,-42.3645,1038.9372,1155.2159,857.7822,1149.0541,863.9440
217,1151.5657,829.0358,-67.1428,1035.4898,1164.9848,815.6167,1151.5657,829.0358
218,1225.5182,820.4278,-60.1352,1086.4604,1234.2567,811.6893,1225.5182,820.4278
219,1229.4499,844.6951,11.2152,1089.4603,1229.7765,844.3684,1229.4499,844.6951
220,1258.4523,843.9976,4.3932,1110.8381,1258.4989,843.9510,1258.4523,843.9976
221,1236.7089,875.3226,-9.6989,1101.5451,1236.9690,875.0625,1236.7089,875.3226
222,1244.2420,862.2339,-10.7728,1104.1313,1244.5456,861.9303,1244.2420,862.2339
223,1183.6394,869.1028,-22.0055,1062.5866,1185.1714,867.5707,1183.6394,869.1028
224,1212.3109,801.6370,-8.9270,1068.0475,1212.5049,801.4430,1212.3109,801.6370
225,1236.4993,734.3143,-57.6463,1081.7292,1243.0316,727.7820,1236.4993,734.3143
226,1228.0780,754.5332,-25.9872,1073.7301,1229.4999,753.1113,1228.0780,754.5332
227,1240.3861,747.2812,6.2212,1081.7513,1240.4646,747.2027,1240.3861,747.2812
228,1248.2579,858.7984,6.3145,1106.2550,1248.3603,858.6961,1248.2579,858.7984
229,1240.2860,724.4187,-12.1824,1079.3751,1240.5735,724.1312,1240.2860,724.4187
230,1243.9883,767.4947,-14.7391,1087.4062,1244.4437,767.0392,1243.9883,767.4947
231,1227.2435,767.4375,-88.2022,1084.7088,1243.5823,751.0987,1227.2435,767.4375
232,1295.8171,659.7423,-119.1667,1141.0953,1317.4096,638.1497,1295.8171,659.7423
233,1273.5016,619.7283,36.6839,1104.8446,1275.5536,617.6764,1273.5016,619.7283
234,1746.8028,657.4750,311.6422,1620.6409,1829.6575,574.6203,1746.8028,657.4750
235,1222.9986,664.7590,209.1361,1120.6447,1292.6563,595.1012,1222.9986,664.7590
236,1235.6200,680.6407,-102.8798,1086.6315,1254.0776,662.1831,1235.6200,680.6407
237,1175.9114,561.7930,-99.2734,1033.1147,1191.5604,546.1440,1175.9114,561.7930
238,1208.0374,668.0502,-42.9606,1050.7867,1211.4339,664.6537,1208.0374,668.0502
239,1175.0402,879.7878,-112.8043,1076.6310,1213.2050,841.6230,1175.0402,879.7878
240,1154.2021,903.1357,77.3496,1059.8982,1176.1190,881.2187,1154.2021,903.1357
241,1232.0002,598.7669,121.3698,1087.5924,1254.4657,576.3014,1232.0002,598.7669
242,1194.0180,832.4646,-77.8438,1069.0545,1210.0658,816.4168,1194.0180,832.4646
243,1158.2967,946.7543,58.2161,1073.0982,1173.2593,931.7916,1158.2967,946.7543
244,364.3696,1677.1021,222.2778,1575.6185,1713.7178,327.7539,364.3696,1677.1021
245,1371.2097,536.0821,161.2223,1229.0228,1401.2531,506.0388,1371.2097,536.0821
246,1148.1215,893.9373,35.4670,1046.2944,1152.9775,889.0813,1148.1215,893.9373
247,1157.5372,919.9132,-32.0917,1060.3719,1161.7950,915.6555,1157.5372,919.9132
248,1187.3140,914.1443,-21.2815,1077.6626,1188.9620,912.4963,1187.3140,914.1443
249,1285.1795,635.3539,62.9503,1118.3494,1291.2215,629.3119,1285.1795,635.3539
250,1124.2794,780.4356,-37.3794,999.9239,1128.2960,776.4190,1124.2794,780.4356
251,1092.7628,830.3632,-95.0260,1001.6653,1123.5609,799.5650,1092.7628,830.3632
252,1114.9416,881.3814,27.9184,1019.5967,1118.2324,878.0906,1114.9416,881.3814
253,1145.7667,673.0140,-86.2861,1008.4384,1161.0231,657.7575,1145.7667,673.0140
254,1135.5560,870.2788,35.6544,1030.7454,1140.2646,865.5702,1135.5560,870.2788
255,1185.2942,883.8690,-10.7452,1067.1683,1185.6767,883.4864,1185.2942,883.8690
256,1183.7216,883.6780,-13.9312,1066.1319,1184.3671,883.0325,1183.7216,883.6780
257,1136.4620,891.3344,87.1755,1046.8304,1164.3025,863.4939,1136.4620,891.3344
258,1092.9155,850.4614,-158.3085,1031.2377,1171.0815,772.2954,1092.9155,850.4614
259,1122.9651,694.1836,88.6766,993.4727,1140.5806,676.5680,1122.9651,694.1836
260,1099.2822,589.8824,-147.5251,986.5223,1138.9217,550.2429,1099.2822,589.8824
261,1145.3404,834.5208,35.9090,1027.7585,1149.4350,830.4261,1145.3404,834.5208
262,1182.7953,888.6896,4.6728,1066.6309,1182.8695,888.6154,1182.7953,888.6896
263,1221.5539,844.4554,-88.0336,1094.0754,1241.0930,824.9164,1221.5539,844.4554
264,1210.5346,839.7952,92.0539,1086.0344,1232.1331,818.1967,1210.5346,839.7952
265,1180.6507,579.4452,155.1361,1057.2474,1218.3218,541.7741,1180.6507,579.4452
266,1209.9707,783.1668,11.8032,1063.1032,1210.2969,782.8406,1209.9707,783.1668
267,1218.7934,826.2920,-122.4837,1098.2456,1253.8792,791.2061,1218.7934,826.2920
268,646.9307,2116.6802,122.5849,1890.6586,2126.8342,636.7766,646.9307,2116.6802
269,1131.6222,838.5356,-152.3808,1050.9353,1196.4905,773.6673,1131.6222,838.5356
270,1229.7741,913.3299,82.8606,1115.3134,1250.1580,892.9460,1229.7741,913.3299
271,1212.7019,906.8546,44.6582,1095.1118,1219.0892,900.4672,1212.7019,906.8546
272,1850.7555,791.4656,-135.2918,1625.3664,1867.7619,774.4593,1850.7555,791.4656
273,1408.1487,930.7277,150.8075,1267.5814,1451.7955,887.0809,1408.1487,930.7277
274,1261.1325,829.7236,6.2293,1110.2348,1261.2224,829.6337,1261.1325,829.7236
275,1274.7157,887.7605,-7.6464,1132.0565,1274.8668,887.6094,1274.7157,887.7605
276,1193.6538,839.1050,-140.4064,1089.2418,1242.5214,790.2375,1193.6538,839.1050
277,1171.0528,778.2539,90.5711,1044.1632,1190.9306,758.3761,1171.0528,778.2539
278,580.5709,1949.6865,-50.2269,1736.0810,1951.5267,578.7307,580.5709,1949.6865
279,1213.4826,783.1325,-4.9087,1065.6412,1213.5386,783.0765,1213.4826,783.1325
280,1225.1935,744.2341,-9.3110,1069.3048,1225.3737,744.0539,1225.1935,744.2341
281,1230.9119,771.9936,8.0499,1077.5233,1231.0530,771.8525,1230.9119,771.9936
282,1117.3243,663.9125,191.9975,1028.5801,1187.7019,593.5349,1117.3243,663.9125
283,1403.8882,706.0681,-57.9402,1219.9446,1408.6663,701.2901,1403.8882,706.0681
284,1222.4362,764.6905,-9.5850,1069.8561,1222.6368,764.4899,1222.4362,764.6905
285,1330.7227,777.8578,-158.5752,1190.0466,1372.9766,735.6039,1330.7227,777.8578
286,1288.1346,565.0625,49.8565,1121.6804,1291.5561,561.6411,1288.1346,565.0625
287,1420.3927,467.9678,51.4024,1256.8763,1423.1589,465.2017,1420.3927,467.9678
288,1252.7688,619.6350,129.4351,1107.8710,1278.2078,594.1960,1252.7688,619.6350
289,1456.4192,487.2029,-73.9930,1290.4948,1462.0355,481.5866,1456.4192,487.2029
290,1253.6099,615.2042,-145.8066,1114.7047,1285.3344,583.4796,1253.6099,615.2042
291,1130.5170,904.0320,33.3116,1037.6165,1135.3149,899.2341,1130.5170,904.0320
292,1146.6433,803.5843,-239.9828,1100.8584,1270.0954,680.1323,1146.6433,803.5843
293,1143.4934,1003.2358,-53.0192,1084.1120,1161.2798,985.4493,1143.4934,1003.2358
294,1071.5580,834.0908,-13.1229,975.0302,1072.2810,833.3678,1071.5580,834.0908
295,1187.0690,834.0806,-84.2868,1065.8446,1206.1623,814.9873,1187.0690,834.0806
296,1244.7886,933.4422,-26.1840,1122.9121,1246.9753,931.2555,1244.7886,933.4422
297,1506.5831,624.5731,33.4845,1312.3553,1507.8524,623.3037,1506.5831,624.5731
298,1324.6867,807.9280,-49.8792,1159.6357,1329.4572,803.1576,1324.6867,807.9280
299,1204.8258,838.7828,-148.7342,1100.4273,1257.6405,785.9681,1204.8258,838.7828
300,1189.0648,879.7110,48.0315,1071.7529,1196.3507,872.4250,1189.0648,879.7110
301,1148.1186,882.4724,36.1277,1042.9125,1152.9443,877.6467,1148.1186,882.4724
302,1184.5644,759.2144,115.0182,1058.2762,1213.6741,730.1047,1184.5644,759.2144
303,1192.3108,884.1296,66.5781,1078.1609,1206.0790,870.3615,1192.3108,884.1296
304,483.4053,1940.1247,92.2824,1756.5438,1945.9475,477.5826,483.4053,1940.1247
305,399.7471,1860.7718,153.6494,1717.3397,1876.7556,383.7633,399.7471,1860.7718
306,1083.7093,615.7755,108.8093,960.1053,1107.7734,591.7115,1083.7093,615.7755
307,1260.4727,730.8889,13.6098,1096.4854,1260.8222,730.5394,1260.4727,730.8889
308,1276.3487,694.2026,-147.1597,1135.7406,1311.4344,659.1170,1276.3487,694.2026
309,1269.8800,608.2840,39.5597,1102.2032,1272.2371,605.9270,1269.8800,608.2840
310,1096.6725,589.3614,98.7542,965.8976,1115.2182,570.8157,1096.6725,589.3614
311,1172.1549,772.2009,-112.6992,1050.3360,1201.7251,742.6307,1172.1549,772.2009
312,1336.3208,889.4823,5.2145,1178.2954,1336.3816,889.4215,1336.3208,889.4823
313,1168.2248,908.6774,-25.6431,1063.4271,1170.7341,906.1682,1168.2248,908.6774
314,1121.0553,923.5193,-10.7108,1036.6681,1121.6343,922.9402,1121.0553,923.5193
315,1166.2979,752.7942,47.7933,1027.5311,1171.7500,747.3421,1166.2979,752.7942
316,1136.1536,697.1891,145.9973,1024.0846,1180.2765,653.0663,1136.1536,697.1891
317,1029.3587,690.1452,25.0523,909.5909,1031.1990,688.3050,1029.3587,690.1452
318,1135.8015,883.5600,70.9950,1040.3343,1154.4106,864.9509,1135.8015,883.5600
319,1107.5909,882.3685,53.1610,1018.0897,1119.5083,870.4511,1107.5909,882.3685
320,1147.5825,626.7338,-72.8727,1003.2166,1157.5861,616.7302,1147.5825,626.7338
321,1116.6108,929.1002,-90.6996,1047.5126,1153.3027,892.4082,1116.6108,929.1002
322,1106.1266,850.9875,-81.2318,1013.0112,1129.7940,827.3201,1106.1266,850.9875
323,1593.2431,773.2399,141.9700,1401.7243,1617.1272,749.3558,1593.2431,773.2399
324,708.1303,2336.0844,110.7303,2083.5715,2343.5815,700.6332,708.1303,2336.0844
325,592.7191,1956.9165,12.7044,1738.2234,1957.0348,592.6008,592.7191,1956.9165
326,1144.2042,596.5206,174.7040,1036.3702,1195.1867,545.5380,1144.2042,596.5206
327,1179.7653,868.9812,11.8207,1059.3393,1180.2143,868.5322,1179.7653,868.9812
328,1369.6196,503.6990,227.1813,1262.7464,1425.6030,447.7156,1369.6196,503.6990
329,1364.8155,475.1970,29.1136,1201.0496,1365.7672,474.2452,1364.8155,475.1970
330,1161.8171,633.2290,-79.2818,1016.8375,1173.4523,621.5938,1161.8171,633.2290
331,1149.1835,765.2216,-93.6018,1026.2021,1170.7862,743.6189,1149.1835,765.2216
332,1074.2472,857.5531,-128.6950,1008.8943,1134.1307,797.6697,1074.2472,857.5531
333,1222.0666,572.7249,-86.8223,1069.6574,1233.4751,561.3165,1222.0666,572.7249
334,1130.7448,857.2926,-175.0064,1065.8504,1216.1026,771.9348,1130.7448,857.2926
335,1128.6106,837.7286,-247.4181,1101.6936,1270.1692,696.1700,1128.6106,837.7286
336,1153.7200,744.0722,161.3174,1050.8721,1209.6184,688.1737,1153.7200,744.0722
337,1160.9942,845.0219,-131.2201,1064.2181,1208.3817,797.6344,1160.9942,845.0219
338,1165.7532,836.2100,-93.7959,1053.4734,1190.5794,811.3837,1165.7532,836.2100
339,1136.5512,679.7464,-150.8631,1024.4590,1181.8774,634.4202,1136.5512,679.7464
340,1097.5952,879.7875,-122.6398,1028.6945,1152.7053,824.6775,1097.5952,879.7875
341,1117.9872,881.3581,-122.6616,1042.3425,1170.0962,829.2491,1117.9872,881.3581
342,1272.2590,806.6153,-186.3010,1160.6773,1337.6218,741.2525,1272.2590,806.6153
343,1170.5439,840.5267,-194.9249,1098.5317,1260.9243,750.1463,1170.5439,840.5267
344,1134.2747,748.3372,144.6040,1029.8052,1182.4434,700.1686,1134.2747,748.3372
345,1182.8699,898.4079,0.0245,1069.4009,1182.8699,898.4079,1182.8699,898.4079
346,674.4078,2053.3259,-3.0865,1812.7942,2053.3328,674.4009,674.4078,2053.3259
347,447.5850,1933.7133,-87.2008,1759.7984,1938.8124,442.4858,447.5850,1933.7133
348,1384.3309,629.1913,-99.3469,1212.7877,1397.1823,616.3399,1384.3309,629.1913
349,1255.7525,869.3116,34.7443,1115.6157,1258.8515,866.2127,1255.7525,869.3116
350,1253.6429,896.2914,42.7516,1121.0765,1258.6863,891.2480,1253.6429,896.2914
351,1213.8396,855.6970,10.5675,1080.4073,1214.1511,855.3854,1213.8396,855.6970
352,1211.3138,874.3309,-27.4257,1083.9295,1213.5313,872.1135,1211.3138,874.3309
353,1203.1150,869.2558,-23.1167,1076.5128,1204.7080,867.6628,1203.1150,869.2558
354,1115.9742,641.7238,140.7579,1000.2495,1154.6046,603.0934,1115.9742,641.7238
355,1209.7609,831.0461,-111.3701,1089.0371,1240.0840,800.7230,1209.7609,831.0461
356,1459.1506,824.2205,-54.6860,1270.7359,1463.8263,819.5448,1459.1506,824.2205
357,1277.6186,832.3407,-49.2620,1126.4842,1283.0035,826.9559,1277.6186,832.3407
358,1326.4956,614.1086,95.8150,1161.7440,1339.1575,601.4467,1326.4956,614.1086
359,1264.6405,715.7582,-22.0078,1099.0458,1265.5215,714.8771,1264.6405,715.7582
360,1112.0014,930.2018,165.8483,1072.3590,1210.2270,831.9761,1112.0014,930.2018
361,1220.2644,773.7081,-7.4733,1069.4431,1220.3894,773.5831,1220.2644,773.7081
362,1243.8949,866.1153,20.9396,1105.1648,1245.0520,864.9582,1243.8949,866.1153
363,1089.9548,850.1673,323.2018,1139.0875,1314.7840,625.3381,1089.9548,850.1673
364,1810.3402,913.3564,142.0675,1587.0146,1832.3036,891.3930,1810.3402,913.3564
365,1304.3597,784.1310,34.6633,1138.8728,1306.6591,781.8315,1304.3597,784.1310
366,1233.6134,783.1800,7.9294,1081.3049,1233.7530,783.0405,1233.6134,783.1800
367,1542.5755,477.8998,-216.9808,1418.4403,1585.0979,435.3775,1542.5755,477.8998
368,1331.5712,548.2490,-51.8950,1162.6287,1334.9942,544.8259,1331.5712,548.2490
369,1123.9048,591.3174,82.3030,984.1520,1136.3334,578.8889,1123.9048,591.3174
370,1248.8312,843.8096,128.5450,1125.7841,1286.1838,806.4570,1248.8312,843.8096
371,1217.2213,1118.8989,158.1283,1202.7587,1333.6541,1002.4661,1217.2213,1118.8989
372,1278.4950,869.9208,107.2641,1146.1409,1304.9433,843.4725,1278.4950,869.9208
373,1049.0955,947.6995,38.7519,1004.4967,1062.2097,934.5853,1049.0955,947.6995
374,1233.6406,528.5074,103.0948,1086.7781,1248.4045,513.7434,1233.6406,528.5074
375,1207.4337,905.8350,76.5593,1096.4859,1225.7549,887.5138,1207.4337,905.8350
376,995.0014,720.6504,267.0357,1003.1155,1158.0344,557.6174,995.0014,720.6504
377,1203.9269,558.5135,234.9040,1120.0480,1280.3686,482.0717,1203.9269,558.5135
378,1299.4389,771.5829,-44.6493,1134.5649,1303.1889,767.8328,1299.4389,771.5829
379,1141.2982,694.8089,-162.8819,1035.3398,1194.4024,641.7047,1141.2982,694.8089
380,1133.9419,912.0607,-59.3210,1045.9503,1148.8059,897.1967,1133.9419,912.0607
381,1757.7640,1317.8623,-585.9282,1881.4729,2163.6648,911.9615,1757.7640,1317.8623
382,1195.5153,850.0621,-59.1298,1070.5555,1205.3560,840.2214,1195.5153,850.0621
383,1175.7851,756.2660,-198.2869,1087.7295,1254.6719,677.3791,1175.7851,756.2660
384,1159.3378,819.3283,-29.8337,1033.5157,1161.9356,816.7304,1159.3378,819.3283
385,1387.6501,619.6987,155.4496,1233.7618,1417.9230,589.4258,1387.6501,619.6987
386,1008.1882,500.7989,93.9684,888.1631,1025.0320,483.9551,1008.1882,500.7989
387,1163.0099,770.1513,-57.5609,1029.5490,1171.2699,761.8912,1163.0099,770.1513
388,1125.5570,933.8120,68.8670,1049.7870,1147.7277,911.6413,1125.5570,933.8120
389,1108.8564,826.5747,52.4144,1002.2362,1118.2746,817.1565,1108.8564,826.5747
390,554.8973,1669.3481,328.0080,1578.3172,1758.7210,465.5244,554.8973,1669.3481
391,1184.0392,675.0370,34.3320,1030.4803,1186.3445,672.7318,1184.0392,675.0370
392,1143.4166,962.6074,4.1020,1064.6144,1143.5096,962.5144,1143.4166,962.6074
393,1160.8235,730.5474,49.3130,1020.0341,1166.4028,724.9681,1160.8235,730.5474
394,1154.8513,907.5259,49.6307,1056.7010,1164.4390,897.9382,1154.8513,907.5259
395,1120.2112,894.0369,5.2843,1026.0354,1120.3346,893.9135,1120.2112,894.0369
396,1355.0221,535.5903,101.5486,1195.0488,1367.4190,523.1934,1355.0221,535.5903
397,1270.3327,699.4979,57.1038,1106.4493,1275.9891,693.8416,1270.3327,699.4979
398,1257.2010,746.4912,16.5176,1095.5056,1257.7347,745.9575,1257.2010,746.4912
399,1169.1401,757.0423,-95.9638,1040.4519,1190.3910,735.7914,1169.1401,757.0423
400,1126.5969,774.0727,-178.3782,1044.8912,1201.1079,699.5618,1126.5969,774.0727
401,1187.8249,901.5318,-18.6050,1074.1807,1189.0289,900.3279,1187.8249,901.5318
402,1176.6893,930.6825,-31.4424,1076.3872,1180.6444,926.7274,1176.6893,930.6825
403,1152.2998,854.5911,-89.3851,1047.5422,1177.0753,829.8156,1152.2998,854.5911
404,1172.1318,804.0358,-0.4420,1038.2346,1172.1323,804.0353,1172.1318,804.0358
405,1194.9439,875.9036,-48.6167,1074.9573,1202.1879,868.6596,1194.9439,875.9036
406,1323.5023,603.6608,-24.4212,1148.4370,1324.3299,602.8333,1323.5023,603.6608
407,1191.1025,678.9010,112.4053,1053.0413,1214.6847,655.3188,1191.1025,678.9010
408,1230.7055,622.7872,87.1315,1076.4795,1242.9474,610.5454,1230.7055,622.7872
409,1148.7130,859.6913,-116.5688,1054.4368,1189.8676,818.5367,1148.7130,859.6913
410,1237.5542,733.3322,20.3399,1078.4337,1238.3733,732.5130,1237.5542,733.3322
411,1219.9238,610.0150,-35.9196,1058.3153,1222.0319,607.9068,1219.9238,610.0150
412,1158.6340,739.1978,105.8616,1032.4759,1183.8379,713.9939,1158.6340,739.1978
413,1369.0659,801.4401,5.3562,1191.4316,1369.1164,801.3895,1369.0659,801.4401
414,1021.8459,700.7553,-21.1841,905.8197,1023.2375,699.3637,1021.8459,700.7553
415,1189.2825,647.9773,47.8611,1034.6552,1193.4817,643.7781,1189.2825,647.9773
416,1218.6955,611.9788,-160.0992,1091.2453,1258.3504,572.3240,1218.6955,611.9788
417,1127.1836,518.7447,-92.0740,990.1269,1140.8117,505.1165,1127.1836,518.7447
418,1381.7368,376.6864,14.5135,1237.4327,1381.9464,376.4769,1381.7368,376.6864
419,1184.1873,893.2745,15.4877,1069.1839,1185.0096,892.4523,1184.1873,893.2745
420,1133.3179,875.0539,48.7502,1032.2520,1142.2136,866.1581,1133.3179,875.0539
421,1196.6815,841.8229,36.7005,1066.4704,1200.4374,838.0669,1196.6815,841.8229
422,1182.4340,871.2993,17.1026,1062.0434,1183.3713,870.3620,1182.4340,871.2993
423,531.0163,1980.2976,46.0878,1777.1772,1981.7617,529.5522,531.0163,1980.2976
424,1122.3735,815.2197,85.1379,1015.4161,1144.3936,793.1996,1122.3735,815.2197
425,662.5086,2057.7814,48.3895,1821.2931,2059.4576,660.8324,662.5086,2057.7814
426,1171.0114,882.6971,5.5422,1056.8187,1171.1179,882.5906,1171.0114,882.6971
427,1163.9411,867.0382,-20.0916,1048.1144,1165.2946,865.6848,1163.9411,867.0382
428,1145.2024,682.8478,-71.7244,1005.5863,1156.0733,671.9769,1145.2024,682.8478
429,1129.7138,850.2054,-227.0924,1092.3949,1256.6095,723.3097,1129.7138,850.2054
430,1201.2145,636.7108,-53.5561,1045.0337,1206.2505,631.6747,1201.2145,636.7108
431,1113.9622,708.1676,183.4125,1026.8698,1184.5744,637.5554,1113.9622,708.1676
432,1115.0357,806.0471,-129.5653,1022.0600,1162.1739,758.9089,1115.0357,806.0471
433,1242.7221,847.7704,7.5532,1099.8641,1242.8665,847.6260,1242.7221,847.7704
434,1106.3309,865.2939,-134.5891,1034.2837,1166.4748,805.1499,1106.3309,865.2939
435,1237.8880,848.1692,2.7259,1096.2853,1237.9071,848.1501,1237.8880,848.1692
436,1213.4583,806.2332,-21.9466,1070.3306,1214.6377,805.0539,1213.4583,806.2332
437,1199.4198,812.0901,30.1361,1061.5017,1201.7505,809.7594,1199.4198,812.0901
438,1122.4977,696.6864,93.6451,994.8127,1142.1823,677.0018,1122.4977,696.6864
439,1217.0927,565.9262,294.4961,1171.7450,1330.5224,452.4964,1217.0927,565.9262
440,1190.9081,785.8181,-95.2611,1061.6775,1212.1915,764.5347,1190.9081,785.8181
441,1444.2882,967.3242,-12.7795,1274.7860,1444.6303,966.9820,1444.2882,967.3242
442,1173.2131,849.0970,-4.1193,1049.4160,1173.2655,849.0446,1173.2131,849.0970
443,1152.9339,737.8049,166.4253,1051.6960,1211.4153,679.3235,1152.9339,737.8049
444,1240.3400,875.3564,14.6849,1104.3548,1240.9299,874.7665,1240.3400,875.3564
445,1213.8990,692.2712,44.9453,1057.5931,1217.7433,688.4268,1213.8990,692.2712
446,1286.5504,908.8089,-23.7760,1146.1296,1288.0410,907.3183,1286.5504,908.8089
447,1237.3756,803.3315,11.3967,1087.5692,1237.6747,803.0324,1237.3756,803.3315
448,1238.2486,768.7184,3.3396,1082.7541,1238.2723,768.6946,1238.2486,768.7184
449,1101.4579,860.2703,-128.7245,1027.3427,1157.2525,804.4758,1101.4579,860.2703
450,1495.0114,732.9601,24.4958,1295.4945,1495.7980,732.1735,1495.0114,732.9601
451,1679.3592,858.8093,23.7531,1455.0753,1680.0462,858.1223,1679.3592,858.8093
452,1640.5464,966.0955,60.4306,1432.0489,1645.9182,960.7238,1640.5464,966.0955
453,1263.0360,814.6836,14.3602,1109.3301,1263.4955,814.2241,1263.0360,814.6836
454,1183.9660,872.6438,15.0303,1063.3813,1184.6900,871.9199,1183.9660,872.6438
455,447.6926,1941.0578,113.3279,1771.3459,1949.6090,439.1413,447.6926,1941.0578
456,1148.5524,812.6780,-212.6762,1087.1561,1251.6024,709.6280,1148.5524,812.6780
457,1137.2491,695.6615,-138.4669,1021.5964,1177.0757,655.8349,1137.2491,695.6615
458,1162.6957,864.2592,65.3827,1052.0264,1176.3915,850.5634,1162.6957,864.2592
459,1171.3903,827.9317,91.9576,1055.0657,1194.4613,804.8607,1171.3903,827.9317
460,1215.8754,846.9127,-4.1999,1079.7809,1215.9232,846.8649,1215.8754,846.9127
461,1203.2155,844.7314,-135.9980,1095.6236,1248.9693,798.9775,1203.2155,844.7314
462,1259.3317,847.6727,-159.5854,1146.0221,1313.9504,793.0540,1259.3317,847.6727
463,1116.9837,938.6753,-6.2123,1039.4204,1117.1999,938.4591,1116.9837,938.6753
464,1150.4777,969.9591,-2.7540,1071.6931,1150.5197,969.9171,1150.4777,969.9591
465,1115.7738,803.5504,-224.7131,1070.3046,1233.2802,686.0440,1115.7738,803.5504
466,1089.5299,873.4624,-282.1226,1112.2626,1283.5963,679.3961,1089.5299,873.4624
467,1224.0136,953.1218,93.7450,1125.3358,1253.2908,923.8446,1224.0136,953.1218
468,1375.2373,1018.1993,103.3018,1248.9017,1402.9713,990.4653,1375.2373,1018.1993
469,1370.9017,770.9073,-162.7137,1223.2165,1412.1875,729.6215,1370.9017,770.9073
470,1568.4920,651.6357,-132.7908,1384.0560,1587.3371,632.7906,1568.4920,651.6357
471,1232.8395,812.8436,39.5385,1087.7463,1236.5292,809.1538,1232.8395,812.8436
472,1135.2001,796.8436,152.6168,1043.5218,1193.8665,738.1773,1135.2001,796.8436
473,1197.0445,912.7900,44.2515,1085.9676,1203.7741,906.0605,1197.0445,912.7900
474,1171.4825,888.8498,25.1628,1059.7418,1173.7053,886.6270,1171.4825,888.8498
475,1367.0546,610.0098,21.2614,1186.7559,1367.6512,609.4132,1367.0546,610.0098
476,352.5487,1287.0610,312.0354,1272.4635,1381.6718,257.9379,352.5487,1287.0610
477,1980.1633,734.8138,29.3332,1734.5109,1980.8539,734.1232,1980.1633,734.8138
478,1033.4659,686.7630,-311.9456,1059.1880,1216.9909,503.2380,1033.4659,686.7630
479,1866.3656,737.4464,362.4526,1744.9696,1972.7164,631.0956,1866.3656,737.4464
480,409.9196,1925.0315,-90.5568,1763.3133,1930.4248,404.5263,409.9196,1925.0315
481,1225.3089,515.1091,-47.5958,1068.8066,1228.4844,511.9336,1225.3089,515.1091
482,1107.0226,994.2276,-18.8670,1055.6624,1110.0948,991.1554,1107.0226,994.2276
483,1327.7514,533.6487,-69.9758,1163.5471,1333.8705,527.5297,1327.7514,533.6487
484,1416.4667,573.7222,-18.0539,1234.4450,1416.8532,573.3356,1416.4667,573.7222
485,1221.5223,761.1316,53.4939,1072.5128,1227.6562,754.9978,1221.5223,761.1316
486,1129.7528,1061.0527,-129.7146,1119.7877,1229.5884,961.2170,1129.7528,1061.0527
487,1095.3236,1041.3907,-32.8248,1070.8879,1110.8383,1025.8759,1095.3236,1041.3907
488,1086.8612,831.5386,-93.6547,997.6323,1117.5306,800.8692,1086.8612,831.5386
489,1178.8750,892.4574,36.1593,1066.7958,1183.3695,887.9629,1178.8750,892.4574
490,1514.1956,466.2728,589.5663,1687.2865,1778.9826,201.4858,1514.1956,466.2728
491,1177.9698,968.2868,46.7792,1091.3956,1187.9326,958.3240,1177.9698,968.2868
492,1082.6731,972.8747,-360.2548,1206.1143,1392.1878,663.3601,1082.6731,972.8747
493,1335.2672,662.2993,-451.7915,1396.2733,1562.1100,435.4565,1335.2672,662.2993
494,1216.1544,686.1250,292.5472,1171.3738,1345.8759,556.4035,1216.1544,686.1250
495,458.0160,1484.3849,-226.6917,1373.8532,1532.2240,410.1769,458.0160,1484.3849
496,460.4546,1772.2979,165.2442,1618.3054,1792.7924,439.9601,460.4546,1772.2979
497,486.8733,1828.1635,89.5351,1647.1773,1834.1138,480.9229,486.8733,1828.1635
498,1911.5666,872.7908,-54.7184,1660.2515,1914.4410,869.9164,1911.5666,872.7908
499,1498.1918,763.9656,-393.5506,1465.7085,1669.2739,592.8835,1498.1918,763.9656
500,1013.7416,229.1749,8.7492,920.9227,1013.8392,229.0774,1013.7416,229.1749
501,1134.3298,895.3082,11.7484,1035.9152,1134.9059,894.7322,1134.3298,895.3082
502,1120.8328,910.9614,25.0619,1032.9403,1123.7840,908.0101,1120.8328,910.9614
503,1190.5028,921.4827,32.0837,1082.8147,1194.2762,917.7093,1190.5028,921.4827
504,1143.0398,833.6498,25.9414,1025.0053,1145.1998,831.4897,1143.0398,833.6498
505,1114.9001,869.1981,-15.1226,1014.9505,1115.8274,868.2708,1114.9001,869.1981
506,1216.8492,757.0106,115.3132,1082.8253,1244.1458,729.7140,1216.8492,757.0106
507,1207.5289,617.5474,122.5604,1067.1680,1231.9761,593.1002,1207.5289,617.5474
508,1230.6522,791.1319,-62.2380,1085.5446,1239.2954,782.4887,1230.6522,791.1319
509,1310.2977,792.7901,36.5673,1144.8217,1312.8688,790.2190,1310.2977,792.7901
510,1235.7522,775.4670,-13.1944,1081.9750,1236.1302,775.0891,1235.7522,775.4670
511,1114.8586,870.0174,60.7296,1020.2734,1129.0941,855.7819,1114.8586,870.0174
512,1126.1023,758.9677,-77.6280,1003.7637,1141.8415,743.2286,1126.1023,758.9677
513,1138.8166,835.2198,-59.2767,1026.5838,1149.9798,824.0566,1138.8166,835.2198
514,1110.6607,1029.7920,46.4931,1075.5344,1131.8425,1008.6102,1110.6607,1029.7920
515,1143.9859,968.3685,41.4914,1069.4887,1153.2952,959.0592,1143.9859,968.3685
516,1271.8219,678.5710,-91.1708,1113.5100,1285.5169,664.8760,1271.8219,678.5710
517,1143.8343,683.1922,-74.6448,1005.1693,1155.6282,671.3984,1143.8343,683.1922
518,1093.2685,834.9014,-177.7696,1036.4994,1183.8357,744.3341,1093.2685,834.9014
519,1067.1707,786.7569,-136.1626,986.8417,1122.4074,731.5201,1067.1707,786.7569
520,1081.1484,527.0720,488.6704,1262.2361,1365.8476,242.3727,1081.1484,527.0720
521,1131.4106,993.5884,-19.1585,1069.6974,1134.0242,990.9748,1131.4106,993.5884
522,1072.5813,620.9599,-157.2376,971.6805,1121.9327,571.6086,1072.5813,620.9599
523,1194.6176,830.3994,62.4739,1066.0083,1205.0357,819.9813,1194.6176,830.3994
524,663.8061,2033.1160,46.8358,1797.5497,2034.7161,662.2060,663.8061,2033.1160
525,648.5956,2072.1771,128.0229,1849.2590,2083.5986,637.1741,648.5956,2072.1771
526,1122.4384,877.4375,-54.5567,1026.5595,1134.0379,865.8380,1122.4384,877.4375
527,1086.8066,792.6195,-96.8061,987.9699,1115.8038,763.6223,1086.8066,792.6195
528,1111.5710,816.0354,-125.4146,1020.5925,1157.6179,769.9885,1111.5710,816.0354
529,1137.6838,862.8142,-53.3643,1032.3305,1147.6806,852.8174,1137.6838,862.8142
530,1261.9966,871.8921,0.0678,1119.1543,1261.9966,871.8921,1261.9966,871.8921
531,1238.0859,726.4283,14.7114,1077.8791,1238.5085,726.0057,1238.0859,726.4283
532,1164.8224,810.5280,16.2698,1034.6206,1165.5679,809.7824,1164.8224,810.5280
533,1165.1561,825.2014,-90.6472,1049.6230,1187.8163,802.5412,1165.1561,825.2014
534,1182.3434,871.0049,9.0389,1061.6043,1182.6056,870.7427,1182.3434,871.0049
535,1178.4584,785.5233,-52.0256,1043.1800,1185.2300,778.7516,1178.4584,785.5233
536,1211.2966,874.4911,-5.8206,1082.9625,1211.3972,874.3905,1211.2966,874.4911
537,1226.7326,850.6711,1.5962,1088.5660,1226.7394,850.6643,1226.7326,850.6711
538,1154.6310,505.2584,-135.3835,1029.5911,1181.7258,478.1637,1154.6310,505.2584
539,549.4729,1477.0539,357.4108,1433.6091,1598.7923,427.7345,549.4729,1477.0539
540,1269.3432,749.6885,48.6041,1108.4855,1273.8501,745.1816,1269.3432,749.6885
541,1235.7906,691.2544,-6.5092,1072.7965,1235.8684,691.1766,1235.7906,691.2544
542,1197.6285,928.6232,-56.1125,1092.6826,1208.8639,917.3878,1197.6285,928.6232
543,1143.6731,885.1895,30.5015,1040.1789,1147.2235,881.6391,1143.6731,885.1895
544,1159.4022,861.8937,89.0649,1054.3199,1184.0273,837.2687,1159.4022,861.8937
545,1247.9325,476.0653,265.8852,1184.0443,1330.6562,393.3416,1247.9325,476.0653
546,1288.7677,746.3499,130.0879,1143.1786,1318.3530,716.7647,1288.7677,746.3499
547,1136.7337,892.7829,14.5340,1036.8231,1137.5966,891.9201,1136.7337,892.7829
548,1192.6377,751.0232,58.8370,1049.3366,1200.3422,743.3186,1192.6377,751.0232
549,1207.4434,762.0818,-0.9858,1057.6013,1207.4456,762.0796,1207.4434,762.0818
550,1112.9305,792.8884,-199.2430,1050.6902,1208.4569,697.3620,1112.9305,792.8884
551,1291.1934,837.3975,169.8445,1172.0556,1347.7206,780.8703,1291.1934,837.3975
552,1185.8253,851.7267,46.3651,1062.1064,1192.1403,845.4117,1185.8253,851.7267
553,1156.3124,832.2299,39.6257,1035.4022,1161.0871,827.4552,1156.3124,832.2299
554,1177.5218,888.2253,0.0518,1062.8250,1177.5218,888.2253,1177.5218,888.2253
555,1180.0177,874.1682,-14.8666,1061.0094,1180.7386,873.4473,1180.0177,874.1682
556,1638.7487,774.8008,12.3278,1420.0583,1638.9246,774.6250,1638.7487,774.8008
557,1316.9027,810.7362,-3.6742,1150.6110,1316.9294,810.7095,1316.9027,810.7362
558,1159.2675,705.1013,102.9867,1027.3688,1181.5295,682.8392,1159.2675,705.1013
559,1105.3698,720.3046,115.4980,992.2185,1137.3558,688.3186,1105.3698,720.3046
560,1126.2872,811.0340,114.0531,1025.6052,1163.2223,774.0989,1126.2872,811.0340
561,1204.7996,727.5333,114.9547,1069.5600,1231.0444,701.2884,1204.7996,727.5333
562,1132.4606,778.0926,205.4622,1064.6032,1226.5862,683.9670,1132.4606,778.0926
563,1181.6899,716.5313,-24.9307,1031.9665,1183.0223,715.1989,1181.6899,716.5313
564,1447.5549,799.4720,18.4496,1256.3090,1448.0797,798.9472,1447.5549,799.4720
565,1125.3477,637.3308,-142.7519,1008.2230,1164.0374,598.6411,1125.3477,637.3308
566,1154.9367,868.3974,52.8502,1045.6712,1164.3737,858.9604,1154.9367,868.3974
567,1161.0287,874.8410,-13.0335,1047.9163,1161.6210,874.2487,1161.0287,874.8410
568,1219.5110,864.6991,-129.4873,1109.3703,1261.7407,822.4694,1219.5110,864.6991
569,1322.7753,742.5280,-2.3790,1148.4344,1322.7851,742.5183,1322.7753,742.5280
570,1196.7906,648.8518,35.1112,1039.4590,1199.0313,646.6111,1196.7906,648.8518
571,1144.9664,918.4872,68.7503,1056.9341,1164.2025,899.2511,1144.9664,918.4872
572,702.5846,2893.8881,88.7015,2618.8960,2897.4728,698.9999,702.5846,2893.8881
573,674.2286,2062.2947,-1.5120,1821.3162,2062.2964,674.2269,674.2286,2062.2947
574,1086.6446,1243.1218,-180.6611,1213.7677,1361.7581,968.0083,1086.6446,1243.1218
575,1143.0963,672.5540,-154.7101,1030.5386,1189.4060,626.2444,1143.0963,672.5540
576,1141.4568,633.8259,-55.6044,995.2133,1147.4761,627.8065,1141.4568,633.8259
577,1183.3282,795.6346,-2.2742,1044.9013,1183.3415,795.6213,1183.3282,795.6346
578,1225.5145,818.0328,29.1106,1082.1713,1227.5837,815.9637,1225.5145,818.0328
579,1168.5342,851.6694,-19.9314,1047.2822,1169.7830,850.4206,1168.5342,851.6694
580,1133.7525,831.3680,-1.1694,1016.8609,1133.7570,831.3635,1133.7525,831.3680
581,1143.7689,892.8424,31.6665,1042.6782,1147.7035,888.9079,1143.7689,892.8424
582,1308.1850,913.4046,67.1078,1168.0172,1319.2806,902.3090,1308.1850,913.4046
583,1212.3529,903.2834,89.0910,1102.0135,1236.1947,879.4417,1212.3529,903.2834
584,1099.3781,820.8998,-128.6502,1014.7325,1149.7133,770.5646,1099.3781,820.8998
585,1174.7761,971.1155,-59.6636,1092.2455,1190.9677,954.9239,1174.7761,971.1155
586,1176.2447,822.2046,-127.2411,1068.1896,1217.2302,781.2191,1176.2447,822.2046
587,1325.0243,901.2489,-18.9121,1172.5337,1325.8666,900.4065,1325.0243,901.2489
588,1279.7336,756.8761,-128.2793,1136.3743,1309.5102,727.0995,1279.7336,756.8761
589,1385.2641,904.3787,67.0507,1223.7407,1394.4380,895.2047,1385.2641,904.3787
590,1327.5920,878.0641,28.1530,1170.5401,1329.3483,876.3078,1327.5920,878.0641
591,1222.9256,881.3079,46.0859,1095.8323,1229.0337,875.1999,1222.9256,881.3079
592,1208.0668,852.9636,14.7248,1075.7257,1208.6763,852.3541,1208.0668,852.9636
593,1156.2799,936.7098,13.6197,1063.8920,1157.1215,935.8682,1156.2799,936.7098
594,978.4567,661.2666,-132.6320,894.6530,1026.6070,613.1162,978.4567,661.2666
595,1091.3764,767.8191,198.7193,1030.1150,1185.8431,673.3523,1091.3764,767.8191
596,1431.8893,582.9984,-31.1149,1248.3226,1433.0282,581.8595,1431.8893,582.9984
597,1133.5113,855.6400,-60.5442,1028.6335,1146.1300,843.0213,1133.5113,855.6400
598,1181.8383,734.7225,-123.2908,1055.3850,1213.5817,702.9791,1181.8383,734.7225
599,1237.3115,847.9226,7.4627,1095.8719,1237.4545,847.7796,1237.3115,847.9226
600,1151.6843,831.5764,-25.5608,1030.6031,1153.7125,829.5482,1151.6843,831.5764
601,1166.4628,980.2460,-39.1393,1087.5168,1174.3547,972.3541,1166.4628,980.2460
602,1344.7395,581.2935,-220.8285,1229.1598,1404.0127,522.0203,1344.7395,581.2935
603,1169.4305,578.6990,128.3770,1036.8963,1196.1231,552.0064,1169.4305,578.6990
604,1189.6253,1064.1976,-110.3227,1148.1471,1253.8134,1000.0095,1189.6253,1064.1976
605,1161.3045,907.9027,-13.0272,1057.8625,1161.9724,907.2348,1161.3045,907.9027
606,629.7617,2192.5199,-40.5454,1956.5045,2193.5711,628.7104,629.7617,2192.5199
607,504.8369,2125.3943,-54.9711,1925.6815,2127.2569,502.9744,504.8369,2125.3943
608,1003.6464,517.0011,58.1045,875.1219,1010.4877,510.1597,1003.6464,517.0011
609,1143.9607,971.1830,21.0941,1068.7292,1146.4987,968.6449,1143.9607,971.1830
610,1077.6039,902.2227,-72.3548,1009.3081,1103.6008,876.2257,1077.6039,902.2227
611,1741.0535,618.1795,195.5963,1565.8554,1774.1494,585.0836,1741.0535,618.1795
612,1378.0623,577.3825,-218.5026,1256.9755,1433.8094,521.6353,1378.0623,577.3825
613,1096.6855,1460.4472,-242.5819,1382.2127,1581.7604,975.3724,1096.6855,1460.4472
614,1385.5151,897.0886,280.0543,1310.2601,1512.8803,769.7234,1385.5151,897.0886
615,1155.7859,1190.2629,358.4668,1327.5440,1531.9055,814.1433,1155.7859,1190.2629
616,1510.3088,691.8646,237.5680,1372.6236,1574.2687,627.9046,1510.3088,691.8646
617,1152.4672,853.3374,54.0230,1040.0372,1161.9247,843.8798,1152.4672,853.3374
618,1174.5182,863.1396,28.2374,1055.0459,1177.0582,860.5997,1174.5182,863.1396
619,1240.5304,447.3090,43.5682,1090.7774,1242.9163,444.9232,1240.5304,447.3090
620,374.9382,1511.7263,-259.2276,1435.5096,1568.0488,318.6157,374.9382,1511.7263
621,497.7415,1499.8731,-218.1318,1376.0674,1545.2947,452.3199,497.7415,1499.8731
622,1217.8345,1048.3463,-242.6308,1217.3938,1390.0948,876.0859,1217.8345,1048.3463
623,1261.0293,784.2795,16.4614,1103.2238,1261.5970,783.7118,1261.0293,784.2795
624,1193.4879,741.0050,142.5870,1072.4339,1234.6717,699.8212,1193.4879,741.0050
625,1158.3963,931.6988,48.9195,1066.6993,1168.5022,921.5929,1158.3963,931.6988
626,1144.6646,928.6395,1.0305,1053.3996,1144.6695,928.6346,1144.6646,928.6395
627,1145.2910,947.8990,19.3330,1060.9925,1147.1667,946.0233,1145.2910,947.8990
628,1086.2861,783.1289,-109.6909,989.2940,1121.8122,747.6028,1086.2861,783.1289
629,1155.3710,672.5885,-22.9067,1005.8540,1156.4554,671.5041,1155.3710,672.5885
630,1295.6342,623.2370,62.1408,1127.4705,1301.3288,617.5424,1295.6342,623.2370
631,1235.5253,642.7077,13.6442,1070.5479,1235.8391,642.3938,1235.5253,642.7077
632,1268.0717,515.5820,-154.4235,1136.4751,1298.5292,485.1244,1268.0717,515.5820
633,439.2918,1641.4898,253.8460,1536.1271,1692.8920,387.8896,439.2918,1641.4898
634,646.3527,2004.9640,16.9308,1772.7376,2005.1750,646.1417,646.3527,2004.9640
635,541.8834,1993.9373,38.3095,1786.9933,1994.9473,540.8734,541.8834,1993.9373
636,1141.1370,885.6599,20.7465,1037.8916,1142.8108,883.9861,1141.1370,885.6599
637,1168.2468,885.3016,33.1157,1057.1654,1172.0709,881.4775,1168.2468,885.3016
638,1042.6524,539.5647,-37.3811,905.4654,1045.4147,536.8023,1042.6524,539.5647
639,1177.5347,919.2016,-39.0595,1074.1064,1183.3112,913.4250,1177.5347,919.2016
640,1200.1261,789.9534,-73.3304,1064.1510,1212.8419,777.2376,1200.1261,789.9534
641,622.2453,2041.7857,148.4443,1830.7631,2057.1427,606.8883,622.2453,2041.7857
642,1349.1544,539.4891,-8.0832,1176.2687,1349.2351,539.4084,1349.1544,539.4891
643,1279.1413,516.3751,306.1248,1234.2877,1386.8037,408.7127,1279.1413,516.3751
644,1388.5941,479.6451,41.2364,1223.6511,1390.4610,477.7782,1388.5941,479.6451
645,1118.9652,886.9207,18.9363,1023.4030,1120.5004,885.3855,1118.9652,886.9207
646,1170.6944,858.5401,-2.2359,1050.0207,1170.7104,858.5241,1170.6944,858.5401
647,1142.7893,851.5839,-64.3236,1034.5985,1156.3647,838.0085,1142.7893,851.5839
648,1137.3672,848.5178,-1.6051,1023.9717,1137.3761,848.5088,1137.3672,848.5178
649,1188.7973,861.9950,-3.2827,1063.7525,1188.8303,861.9620,1188.7973,861.9950
650,1187.8865,982.6651,48.3904,1102.9213,1198.7244,971.8271,1187.8865,982.6651
651,1223.6323,820.9440,22.6983,1080.8501,1224.9076,819.6687,1223.6323,820.9440
652,1135.1652,911.7051,79.7543,1050.6915,1160.7099,886.1604,1135.1652,911.7051
653,1119.8294,886.4432,72.9535,1031.0679,1140.7572,865.5154,1119.8294,886.4432
654,736.8268,2149.0383,80.8426,1896.6858,2153.6511,732.2140,736.8268,2149.0383
655,1102.6090,881.6581,-144.7572,1041.0607,1174.2310,810.0361,1102.6090,881.6581
656,1122.5262,887.9802,63.1229,1031.3808,1138.4352,872.0711,1122.5262,887.9802
657,1113.0714,867.0730,81.1981,1022.4523,1137.4558,842.6886,1113.0714,867.0730
658,1108.4979,993.6282,79.0588,1064.6035,1148.7823,953.3437,1108.4979,993.6282
659,1162.7064,918.9026,54.4483,1066.1839,1174.3137,907.2954,1162.7064,918.9026
660,1124.4808,847.2308,-87.5899,1025.9523,1149.8340,821.8775,1124.4808,847.2308
661,441.8187,2002.3746,-26.7852,1822.6831,2002.8342,441.3591,441.8187,2002.3746
662,1207.2200,868.1001,-80.7018,1087.4413,1225.4455,849.8747,1207.2200,868.1001
663,1205.6049,747.7718,-60.1537,1059.2374,1213.3764,740.0002,1205.6049,747.7718
664,1269.8799,760.3973,-2.4220,1106.8890,1269.8914,760.3858,1269.8799,760.3973
665,1246.9045,705.8461,0.7357,1082.9906,1246.9055,705.8451,1246.9045,705.8461
666,712.4938,2170.2690,-42.1829,1917.4853,2171.4886,711.2742,712.4938,2170.2690
667,1180.9354,889.8003,2.3372,1065.6326,1180.9542,889.7815,1180.9354,889.8003
668,1177.0430,845.3846,36.2816,1053.0908,1180.9656,841.4620,1177.0430,845.3846
669,1251.1081,787.7313,-238.0566,1170.5845,1351.6102,687.2293,1251.1081,787.7313
670,1171.5521,850.3048,-84.3434,1058.6395,1192.3500,829.5069,1171.5521,850.3048
671,1118.9886,855.9740,-84.1263,1023.8328,1143.5947,831.3679,1118.9886,855.9740
672,1189.3100,892.0835,79.3068,1080.8220,1209.1469,872.2466,1189.3100,892.0835
673,1180.5705,882.6277,62.9796,1068.9590,1193.3362,869.8619,1180.5705,882.6277
674,1248.8060,742.3773,-20.5318,1088.4944,1249.6371,741.5463,1248.8060,742.3773
675,1144.1348,693.2868,332.0696,1152.0799,1320.0662,517.3553,1144.1348,693.2868
676,1114.6894,409.1040,576.0144,1396.1563,1437.3634,86.4300,1114.6894,409.1040
677,1241.7034,805.7816,4.1820,1091.1563,1241.7435,805.7415,1241.7034,805.7816
678,1179.7975,854.8096,-13.9039,1055.7932,1180.3913,854.2159,1179.7975,854.8096
679,1064.3108,809.0157,-157.8658,1000.4922,1139.6793,733.6472,1064.3108,809.0157
680,1169.3398,798.8157,-71.5489,1042.4648,1182.6760,785.4795,1169.3398,798.8157
681,1006.5804,748.6200,-153.8390,943.9752,1078.3546,676.8458,1006.5804,748.6200
682,1192.3336,822.2522,8.4521,1057.1534,1192.5265,822.0593,1192.3336,822.2522
683,1158.2087,670.9065,-100.4583,1022.1491,1178.1060,651.0093,1158.2087,670.9065
684,1193.1128,796.3255,7.4909,1052.4802,1193.2541,796.1841,1193.1128,796.3255
685,1146.9534,775.6246,-7.3276,1013.7315,1147.0980,775.4801,1146.9534,775.6246
686,1144.1834,859.0872,-111.6942,1049.5999,1182.7307,820.5399,1144.1834,859.0872
687,1121.4573,854.5962,-114.4471,1033.8774,1163.8160,812.2376,1121.4573,854.5962
688,1097.8221,975.3127,227.6404,1114.0866,1272.3052,800.8297,1097.8221,975.3127
689,1155.5599,727.7309,-149.9708,1044.7239,1202.8936,680.3971,1155.5599,727.7309
690,1280.9991,714.9048,-112.9716,1128.9566,1302.7113,693.1926,1280.9991,714.9048
691,1197.0966,870.8834,-18.1187,1072.3486,1198.0999,869.8801,1197.0966,870.8834
692,1211.9520,644.2337,111.0721,1067.7526,1232.9093,623.2764,1211.9520,644.2337
693,1189.3809,595.2558,125.5743,1052.7474,1214.8320,569.8047,1189.3809,595.2558
694,1160.0864,779.4221,111.4711,1042.2954,1190.3265,749.1819,1160.0864,779.4221
695,1188.7904,514.8764,-60.4837,1037.8897,1194.1758,509.4910,1188.7904,514.8764
696,1146.4664,876.8044,45.4045,1041.2152,1153.9062,869.3647,1146.4664,876.8044
697,1129.4865,901.0576,83.0141,1044.3113,1156.4679,874.0762,1129.4865,901.0576
698,1320.8289,948.3219,-69.8203,1185.7306,1333.4855,935.6653,1320.8289,948.3219
699,1460.6490,895.5265,-31.6303,1276.8769,1462.4138,893.7617,1460.6490,895.5265
700,1111.4506,842.4889,-52.5356,1008.4667,1121.3480,832.5915,1111.4506,842.4889
701,1269.8554,568.0665,-139.8185,1128.0592,1296.6859,541.2360,1269.8554,568.0665
702,1183.9044,667.2103,-20.5246,1028.6641,1184.7184,666.3963,1183.9044,667.2103
703,1239.4483,862.9417,-5.4822,1100.6448,1239.5281,862.8619,1239.4483,862.9417
704,1236.1135,863.2745,-3.2909,1098.2471,1236.1426,863.2455,1236.1135,863.2745
705,1186.8672,869.2330,17.2464,1064.6351,1187.8009,868.2993,1186.8672,869.2330
706,1271.5516,890.7511,22.5308,1131.0031,1272.8800,889.4227,1271.5516,890.7511
707,1129.4878,611.5110,171.3048,1023.2449,1181.0156,559.9832,1129.4878,611.5110
708,1134.7689,831.8538,-224.9866,1089.7598,1254.5278,712.0949,1134.7689,831.8538
709,1302.5604,886.2545,55.0984,1156.2085,1309.7292,879.0856,1302.5604,886.2545
710,299.7394,1757.4567,168.4371,1654.3373,1776.6662,280.5298,299.7394,1757.4567
711,1336.0085,620.8419,-4.7151,1158.0069,1336.0395,620.8108,1336.0085,620.8419
712,1227.9539,831.0037,-90.7920,1096.6920,1247.7345,811.2232,1227.9539,831.0037
713,1235.4535,288.3803,490.7668,1405.6259,1443.8912,79.9426,1235.4535,288.3803
714,1274.8494,873.4470,-4.4049,1129.0241,1274.8977,873.3987,1274.8494,873.4470
715,1267.0385,753.3128,-7.0547,1103.8748,1267.1353,753.2160,1267.0385,753.3128
716,1281.9402,773.7292,-77.3858,1126.1078,1293.4626,762.2069,1281.9402,773.7292
717,1130.7098,559.1765,-17.4686,979.7103,1131.2433,558.6431,1130.7098,559.1765
718,1245.8041,609.5749,290.6227,1190.6230,1358.5705,496.8085,1245.8041,609.5749
719,2287.9244,983.1909,-625.5959,2264.0466,2539.4120,731.7033,2287.9244,983.1909
720,1239.5814,793.2400,-192.0686,1137.1795,1310.8517,721.9697,1239.5814,793.2400
721,1179.9458,797.5799,98.4672,1056.5946,1203.8134,773.7123,1179.9458,797.5799
722,1210.8930,791.8700,-137.5068,1091.4094,1251.9872,750.7759,1210.8930,791.8700
723,1209.9618,812.4786,80.8048,1077.3343,1225.7608,796.6797,1209.9618,812.4786
724,1106.4808,697.3572,181.3988,1018.6810,1175.3254,628.5126,1106.4808,697.3572
725,1168.5904,906.6371,43.0685,1064.7402,1175.4897,899.7378,1168.5904,906.6371
726,1206.0951,883.1288,73.4639,1088.8688,1222.0203,867.2035,1206.0951,883.1288
727,1172.2948,584.2824,185.1125,1064.6641,1225.7167,530.8605,1172.2948,584.2824
728,1051.3519,562.7440,-145.2434,945.3394,1091.2663,522.8296,1051.3519,562.7440
729,1352.3721,875.6906,-219.5610,1247.4398,1438.0890,789.9737,1352.3721,875.6906
730,1216.6163,788.4657,4.6713,1068.9427,1216.6672,788.4148,1216.6163,788.4657
731,1205.6631,822.6911,18.2835,1067.5012,1206.5340,821.8202,1205.6631,822.6911
732,1180.4389,925.9577,-33.9655,1077.6169,1184.8942,921.5024,1180.4389,925.9577
733,1156.0476,847.8628,58.0574,1041.7579,1166.6219,837.2885,1156.0476,847.8628
734,1300.9638,1010.2273,-325.1446,1309.9442,1511.7570,799.4342,1300.9638,1010.2273
735,1116.8423,1018.2843,-42.4147,1073.4867,1132.5820,1002.5446,1116.8423,1018.2843
736,846.5232,588.7541,-146.9010,793.4599,913.0642,522.2131,846.5232,588.7541
737,1195.8127,773.2777,66.3064,1056.6081,1205.9735,763.1169,1195.8127,773.2777
738,1162.2423,956.0579,91.8038,1085.8023,1197.1933,921.1068,1162.2423,956.0579
739,1453.9741,784.0327,181.2450,1298.9742,1499.8644,738.1424,1453.9741,784.0327
740,1495.4815,777.3153,-197.4683,1339.8524,1546.1964,726.6004,1495.4815,777.3153
741,1365.4396,461.8299,-226.1580,1265.1299,1418.8823,408.3872,1365.4396,461.8299
742,1288.3019,575.3021,48.0704,1120.9210,1291.5282,572.0758,1288.3019,575.3021
743,321.9805,1753.2197,-112.9200,1628.2509,1762.0740,313.1263,321.9805,1753.2197
744,1282.6504,966.0299,-235.0875,1226.8356,1407.7626,840.9178,1282.6504,966.0299
745,1087.2701,938.3798,24.6762,1021.8940,1091.2532,934.3966,1087.2701,938.3798
746,1130.1982,1041.7776,-55.2747,1092.8857,1156.7681,1015.2077,1130.1982,1041.7776
747,1199.3121,701.7052,-80.2164,1052.8439,1211.9238,689.0936,1199.3121,701.7052
748,1345.6725,806.1867,-67.0379,1178.7241,1353.8780,797.9812,1345.6725,806.1867
749,1207.2778,865.5692,1.8164,1077.8484,1207.2875,865.5595,1207.2778,865.5692
750,1138.5510,864.2966,-34.0296,1030.8905,1142.7104,860.1373,1138.5510,864.2966
751,316.7681,1340.3797,123.4792,1232.1167,1355.0645,302.0834,316.7681,1340.3797
752,1177.6596,824.6408,-100.1831,1061.0742,1204.1089,798.1916,1177.6596,824.6408
753,1506.2428,1152.1051,-535.6596,1649.7142,1893.3410,765.0068,1506.2428,1152.1051
754,1249.5722,553.8192,88.9988,1095.3865,1260.7762,542.6151,1249.5722,553.8192
755,592.7859,1916.3416,48.6140,1701.4318,1918.1248,591.0028,592.7859,1916.3416
756,490.5836,2572.2103,-100.1686,2371.7410,2577.0194,485.7745,490.5836,2572.2103
757,1266.2414,372.2139,-32.7187,1128.6316,1267.4372,371.0181,1266.2414,372.2139
758,1112.5051,893.5507,5.9776,1020.8467,1112.6682,893.3876,1112.5051,893.5507
759,1141.2107,930.3478,11.0106,1051.9267,1141.7840,929.7744,1141.2107,930.3478
760,1089.7778,887.5417,-88.4540,1015.6747,1123.0062,854.3133,1089.7778,887.5417
761,1122.1508,848.9693,-131.2343,1038.7334,1174.9789,796.1413,1122.1508,848.9693
762,1195.6945,939.9094,63.0251,1095.9868,1210.3806,925.2233,1195.6945,939.9094
763,1862.8221,633.1914,114.5332,1652.5338,1873.3992,622.6143,1862.8221,633.1914
764,1765.9285,665.7129,-75.8191,1550.2649,1771.1288,660.5126,1765.9285,665.7129
765,1729.8243,625.3634,-157.5836,1541.4605,1751.8682,603.3195,1729.8243,625.3634
766,577.1678,1915.7923,-15.7752,1702.4676,1915.9782,576.9819,577.1678,1915.7923
767,1177.2390,911.3406,116.0147,1088.0928,1220.7407,867.8389,1177.2390,911.3406
768,489.6647,1474.2082,-241.3537,1365.9972,1530.1910,433.6818,489.6647,1474.2082
769,1175.5511,887.2820,-13.9582,1061.4749,1176.2254,886.6077,1175.5511,887.2820
770,1117.1072,456.5386,-193.1402,1028.7190,1169.4335,404.2124,1117.1072,456.5386
771,850.9380,589.0548,53.0104,760.4356,861.2614,578.7313,850.9380,589.0548
772,1095.5878,851.6060,-95.6156,1009.9323,1128.5941,818.5997,1095.5878,851.6060
773,1193.3501,596.2732,12.5809,1033.7013,1193.6151,596.0082,1193.3501,596.2732
774,1175.0365,664.3433,-71.1470,1027.9207,1184.7631,654.6168,1175.0365,664.3433
775,864.3525,1162.8099,265.1068,1142.3657,1317.8029,709.3595,864.3525,1162.8099
776,1234.8159,939.4655,137.9179,1142.0870,1289.2033,885.0781,1234.8159,939.4655
777,1110.6289,742.9921,96.4159,994.0993,1134.3803,719.2407,1110.6289,742.9921
778,1256.2473,763.6462,133.3249,1120.4066,1290.0172,729.8763,1256.2473,763.6462
779,1234.2165,767.9755,123.9044,1100.5842,1265.0987,737.0932,1234.2165,767.9755
780,1146.1887,901.9168,34.3152,1047.3625,1150.9178,897.1877,1146.1887,901.9168
781,1166.9555,899.2051,13.6437,1059.0473,1167.6490,898.5117,1166.9555,899.2051
782,1055.4033,737.2256,-189.1920,993.3218,1143.5044,649.1245,1055.4033,737.2256
783,1143.4611,900.4793,78.2764,1052.1810,1166.4943,877.4461,1143.4611,900.4793
784,1138.9633,885.4623,65.2961,1041.9033,1154.7935,869.6320,1138.9633,885.4623
785,1143.3618,777.1263,35.2079,1013.1060,1146.7158,773.7723,1143.3618,777.1263
786,1254.3188,874.8101,15.0022,1114.4473,1254.9109,874.2180,1254.3188,874.8101
787,1200.1995,871.1846,13.7454,1074.4361,1200.7728,870.6114,1200.1995,871.1846
788,1197.6309,678.1706,-166.1723,1079.2946,1246.2399,629.5617,1197.6309,678.1706
789,1292.0098,848.9667,14.6250,1137.4543,1292.4921,848.4844,1292.0098,848.9667
790,1155.7516,842.2458,19.3281,1035.7768,1156.9387,841.0587,1155.7516,842.2458
791,1138.6915,876.6236,55.6115,1037.3820,1150.0041,865.3111,1138.6915,876.6236
792,1392.4935,1400.3687,-124.7916,1413.0765,1521.2848,1271.5773,1392.4935,1400.3687
793,1125.3692,822.6677,-62.3927,1014.4514,1137.7252,810.3117,1125.3692,822.6677
794,1240.7895,811.7938,-3.4010,1091.4840,1240.8165,811.7669,1240.7895,811.7938
795,1202.8336,842.8813,-6.8618,1069.3703,1202.9644,842.7505,1202.8336,842.8813
796,1136.8093,833.2144,-59.1811,1024.6380,1147.9378,822.0859,1136.8093,833.2144
797,1151.6137,638.5882,67.0831,1006.0330,1160.2404,629.9615,1151.6137,638.5882
798,1283.9494,768.6882,14.0437,1119.3938,1284.3319,768.3057,1283.9494,768.6882
799,1147.9551,921.9484,8.6740,1053.4041,1148.2875,921.6160,1147.9551,921.9484
800,1248.5673,782.9595,-4.5736,1092.9003,1248.6122,782.9146,1248.5673,782.9595
801,1283.4833,752.7501,-91.1801,1128.1673,1298.7112,737.5223,1283.4833,752.7501
802,634.5841,2094.5346,174.7421,1884.7329,2115.1582,613.9605,634.5841,2094.5346
803,659.6905,2114.2499,110.5770,1883.3946,2122.6080,651.3324,659.6905,2114.2499
804,1115.0731,843.8296,-256.8038,1101.0674,1269.8674,689.0353,1115.0731,843.8296
805,1124.9979,840.3817,-191.6199,1066.1091,1221.3732,744.0064,1124.9979,840.3817
806,1179.6550,867.0412,58.7895,1063.4404,1190.3452,856.3509,1179.6550,867.0412
807,1208.0039,849.3998,-131.3418,1098.3748,1250.9627,806.4410,1208.0039,849.3998
808,1082.8093,820.2478,328.8747,1132.0717,1305.6376,597.4195,1082.8093,820.2478
809,1157.4797,751.5322,138.3407,1045.0316,1200.1409,708.8711,1157.4797,751.5322
810,1154.3361,843.9750,35.0506,1036.4558,1158.2453,840.0658,1154.3361,843.9750
811,1203.8117,897.7134,40.7108,1085.9771,1209.1337,892.3915,1203.8117,897.7134
812,1179.0128,892.4755,82.2870,1074.5497,1200.9623,870.5259,1179.0128,892.4755
813,1284.5665,637.1254,48.7050,1115.6731,1288.2099,633.4820,1284.5665,637.1254
814,687.2006,2163.0791,7.4828,1914.3810,2163.1170,687.1626,687.2006,2163.0791
815,1177.2462,858.0907,-1.8973,1054.5402,1177.2575,858.0794,1177.2462,858.0907
816,1091.6435,835.3963,-164.5970,1029.0258,1172.1052,754.9346,1091.6435,835.3963
817,1149.9056,833.3630,-176.6032,1073.3378,1228.7809,754.4878,1149.9056,833.3630
818,1196.9491,707.3919,111.7305,1060.1083,1221.2435,683.0975,1196.9491,707.3919
819,1219.7234,842.3951,16.9485,1082.0016,1220.4831,841.6354,1219.7234,842.3951
820,1183.0112,833.0420,45.2034,1055.5124,1188.7556,827.2976,1183.0112,833.0420
821,1157.9577,1020.2820,33.2618,1097.1404,1165.5725,1012.6672,1157.9577,1020.2820
822,716.9906,2031.6143,-8.9130,1784.6910,2031.6747,716.9302,716.9906,2031.6143
823,1092.5718,822.5241,-137.6088,1014.1010,1150.3370,764.7589,1092.5718,822.5241
824,1090.2371,765.9130,-63.6484,975.8926,1102.2809,753.8692,1090.2371,765.9130
825,1661.9252,832.3142,72.0737,1444.6737,1668.1402,826.0992,1661.9252,832.3142
826,1399.9614,943.5775,-195.2592,1282.0441,1472.0989,871.4401,1399.9614,943.5775
827,1217.4891,731.5154,-26.0339,1062.4574,1218.8798,730.1247,1217.4891,731.5154
828,1150.3526,681.9161,-39.8184,1004.3073,1153.7131,678.5556,1150.3526,681.9161
829,1097.9718,736.4438,148.5051,1002.7254,1151.1509,683.2647,1097.9718,736.4438
830,1179.9469,639.7699,207.1231,1084.1520,1250.2226,569.4942,1179.9469,639.7699
831,1097.8465,892.8666,-113.0970,1029.8641,1147.9839,842.7291,1097.8465,892.8666
832,1163.1122,767.4451,-95.7763,1037.6399,1185.0768,745.4805,1163.1122,767.4451
833,1100.6503,807.1636,-108.5089,1004.9188,1136.4112,771.4027,1100.6503,807.1636
834,1134.4824,829.5166,-122.4538,1038.7785,1177.5652,786.4337,1134.4824,829.5166
835,1220.4875,730.9850,-84.2507,1073.8088,1234.5824,716.8900,1220.4875,730.9850
836,649.4191,1901.4505,74.2048,1678.9699,1905.8331,645.0365,649.4191,1901.4505
837,1169.3360,890.0036,5.7659,1057.7521,1169.4549,889.8846,1169.3360,890.0036
838,1169.5157,890.2427,10.4519,1058.0520,1169.9063,889.8521,1169.5157,890.2427
839,1156.6257,856.3197,-92.4564,1051.7935,1182.8079,830.1375,1156.6257,856.3197
840,1311.4999,918.1749,34.1385,1167.2134,1314.4410,915.2338,1311.4999,918.1749
841,1335.0527,863.1121,-21.4018,1173.2017,1336.0213,862.1435,1335.0527,863.1121
842,1260.9642,682.3797,-90.7802,1104.5087,1274.8733,668.4706,1260.9642,682.3797
843,1247.7149,770.3556,16.3080,1090.8042,1248.2714,769.7991,1247.7149,770.3556
844,1173.1668,850.9846,48.8679,1053.2390,1180.4159,843.7356,1173.1668,850.9846
845,1156.5511,925.1786,13.7725,1060.2446,1157.3681,924.3617,1156.5511,925.1786
846,1178.6042,811.7196,-143.6400,1073.8705,1228.1502,762.1736,1178.6042,811.7196
847,1157.2291,678.9163,193.6534,1061.5789,1225.8022,610.3432,1157.2291,678.9163
848,1206.2553,839.5764,-18.9262,1071.5743,1207.2296,838.6021,1206.2553,839.5764
849,1260.1171,886.2409,-24.4576,1121.7599,1261.7102,884.6478,1260.1171,886.2409
850,1199.5924,643.9271,-36.0199,1041.6843,1201.9175,641.6019,1199.5924,643.9271
851,1102.5780,712.7186,-405.4173,1196.2055,1357.4935,457.8030,1102.5780,712.7186
852,1188.0026,647.2799,23.0783,1030.9942,1188.9858,646.2967,1188.0026,647.2799
853,1116.4931,786.1911,-172.7478,1037.4979,1190.3330,712.3512,1116.4931,786.1911
854,1246.6964,777.4117,-190.8881,1139.6225,1314.5360,709.5721,1246.6964,777.4117
855,1245.6445,829.0605,-136.1541,1123.3302,1286.1968,788.5082,1245.6445,829.0605
856,1082.1549,526.3942,63.3376,943.6869,1089.2818,519.2673,1082.1549,526.3942
857,1113.0863,786.2007,-239.7474,1074.4300,1239.8027,659.4843,1113.0863,786.2007
858,1167.5642,750.2391,-121.8692,1046.2642,1200.5464,717.2570,1167.5642,750.2391
859,1159.7846,778.6025,-48.0255,1027.2441,1165.7423,772.6448,1159.7846,778.6025
860,1193.7292,854.6624,-15.8030,1065.8100,1194.4641,853.9275,1193.7292,854.6624
861,1137.1363,644.4630,-134.4032,1014.7718,1171.4167,610.1826,1137.1363,644.4630
862,1194.9099,827.0270,29.9897,1061.2533,1197.3386,824.5982,1194.9099,827.0270
863,1204.0043,873.2978,-12.4106,1077.6285,1204.4694,872.8327,1204.0043,873.2978
864,1139.5300,864.8720,17.1775,1030.4707,1140.6001,863.8019,1139.5300,864.8720
865,1131.8795,833.7742,15.6877,1016.5318,1132.7028,832.9509,1131.8795,833.7742
866,1111.2664,858.8408,-81.5283,1018.8524,1135.3085,834.7987,1111.2664,858.8408
867,1448.9421,888.1855,125.0303,1283.8516,1475.5566,861.5710,1448.9421,888.1855
868,1368.9697,521.9663,-69.2140,1202.6398,1374.5883,516.3477,1368.9697,521.9663
869,1157.4522,892.9125,-15.6115,1050.8168,1158.3703,891.9944,1157.4522,892.9125
870,1201.0280,793.1612,-103.7558,1072.9678,1225.9048,768.2844,1201.0280,793.1612
871,641.1713,1732.7842,42.3062,1519.2102,1734.4214,639.5341,641.1713,1732.7842
872,1165.2144,717.1700,-78.0204,1026.9675,1178.4118,703.9726,1165.2144,717.1700
873,337.6526,1491.1059,-57.6138,1357.8985,1493.9765,334.7820,337.6526,1491.1059
874,1441.5216,658.8070,170.2388,1284.2393,1476.9450,623.3835,1441.5216,658.8070
875,887.0132,724.7728,101.0698,836.5706,935.4908,676.2952,887.0132,724.7728
876,1510.0109,619.4605,180.2685,1351.2817,1545.1176,584.3538,1510.0109,619.4605
877,1109.6762,1152.9094,-33.2126,1133.3731,1170.9205,1091.6651,1109.6762,1152.9094
878,1144.0848,978.8717,36.4684,1072.9387,1151.7766,971.1800,1144.0848,978.8717
879,1107.9289,890.0465,-75.7097,1025.0741,1131.6533,866.3221,1107.9289,890.0465
880,1092.9938,833.6991,-62.8586,995.1459,1107.4285,819.2644,1092.9938,833.6991
881,1141.1412,876.1315,27.1608,1035.4869,1143.8963,873.3765,1141.1412,876.1315
882,1164.1193,879.4457,4.3038,1051.1300,1164.1843,879.3807,1164.1193,879.4457
883,1210.7935,717.0315,166.8032,1093.3654,1261.8614,665.9636,1210.7935,717.0315
884,1327.0731,764.1050,39.4212,1155.6895,1329.8201,761.3580,1327.0731,764.1050
885,1330.5378,1030.5791,-187.1851,1251.5248,1420.4169,940.7000,1330.5378,1030.5791
886,1176.8764,922.1973,-30.2991,1073.7447,1180.4314,918.6422,1176.8764,922.1973
887,1155.9356,940.8974,-49.3106,1068.2475,1166.7038,930.1291,1155.9356,940.8974
888,1464.1741,757.2208,-63.6570,1273.0446,1469.8603,751.5346,1464.1741,757.2208
889,787.8204,826.6135,561.8602,1264.8274,1369.4118,245.0221,787.8204,826.6135
890,1058.1738,600.9410,375.7641,1126.3027,1269.4030,389.7118,1058.1738,600.9410
891,1168.3481,482.6496,-37.1417,1018.9326,1170.3540,480.6437,1168.3481,482.6496
892,929.8593,-301.7206,1140.0446,2266.1281,1609.7927,-981.6540,929.8593,-301.7206
893,1240.8072,785.9783,79.7124,1095.9831,1254.3728,772.4127,1240.8072,785.9783
894,1486.6113,683.0047,148.1726,1314.1581,1513.0614,656.5546,1486.6113,683.0047
895,385.8076,1473.4571,-249.1979,1392.0313,1527.8338,331.4309,385.8076,1473.4571
896,1258.9513,604.0206,27.3324,1091.6079,1260.0900,602.8819,1258.9513,604.0206
897,1193.5643,800.3503,36.6201,1055.4193,1196.9457,796.9689,1193.5643,800.3503
898,1219.7805,778.8253,-1.2978,1069.7862,1219.7843,778.8215,1219.7805,778.8253
899,1100.0739,890.9405,8.2331,1011.9488,1100.3975,890.6169,1100.0739,890.9405
900,1132.6320,1000.9727,-14.4921,1073.1719,1134.2083,999.3964,1132.6320,1000.9727
901,380.0602,1704.9347,-86.5074,1557.4726,1710.5593,374.4356,380.0602,1704.9347
902,338.4825,1634.1487,37.2398,1495.3401,1635.2182,337.4130,338.4825,1634.1487
903,1178.0722,869.1909,33.4869,1059.5950,1181.6610,865.6022,1178.0722,869.1909
904,1140.6346,902.9274,-60.6986,1047.6010,1155.2369,888.3250,1140.6346,902.9274
905,1144.7363,955.1321,9.8396,1062.8333,1145.2456,954.6228,1144.7363,955.1321
906,1140.9365,943.1502,15.1944,1056.3553,1142.0969,941.9897,1140.9365,943.1502
907,1168.2181,853.4757,-24.8200,1047.8343,1170.1633,851.5305,1168.2181,853.4757
908,1134.1749,889.3193,11.7260,1033.9296,1134.7351,888.7590,1134.1749,889.3193
909,1148.8984,705.2043,140.1064,1032.4544,1189.4365,664.6662,1148.8984,705.2043
910,1112.1932,754.9841,127.9218,1008.1560,1153.2784,713.8989,1112.1932,754.9841
911,1151.4987,855.0510,9.7411,1035.7393,1151.8184,854.7313,1151.4987,855.0510
912,1156.7765,836.7408,-42.6376,1037.2072,1162.3596,831.1577,1156.7765,836.7408
913,1142.2861,906.4046,58.1259,1049.3566,1155.8316,892.8591,1142.2861,906.4046
914,1139.2130,906.0257,50.3056,1046.0041,1149.6025,895.6362,1139.2130,906.0257
915,1136.3691,899.6622,3.0829,1038.4638,1136.4093,899.6221,1136.3691,899.6622
916,1136.6063,1572.0543,41.2391,1407.6661,1575.9255,1132.7352,1136.6063,1572.0543
917,1023.1402,1235.7096,266.0420,1233.6227,1415.9118,842.9379,1023.1402,1235.7096
918,526.9863,1855.2230,-45.2278,1657.7172,1856.7613,525.4480,526.9863,1855.2230
919,445.5664,1340.5937,220.5106,1242.6875,1391.9723,394.1879,445.5664,1340.5937
920,1204.2676,791.0853,110.3798,1077.0093,1231.9063,763.4466,1204.2676,791.0853
921,1167.8957,897.1478,89.9754,1070.2178,1195.0692,869.9743,1167.8957,897.1478
922,1198.8758,894.6683,12.9905,1079.6502,1199.4295,894.1146,1198.8758,894.6683
923,1115.3931,746.6134,-166.6651,1025.7181,1179.5528,682.4536,1115.3931,746.6134
924,1141.9157,765.6813,-83.3066,1018.1924,1159.5364,748.0606,1141.9157,765.6813
925,609.2805,1930.5817,-13.3303,1709.5718,1930.7161,609.1460,609.2805,1930.5817
926,575.9465,1977.8739,-98.8266,1770.2684,1984.8062,569.0142,575.9465,1977.8739
927,1201.0745,737.8777,-64.8495,1055.1842,1209.9824,728.9698,1201.0745,737.8777
928,1108.5204,883.6350,-91.9167,1027.3495,1141.3087,850.8467,1108.5204,883.6350
929,1099.8367,850.2183,-100.7512,1013.8358,1135.4275,814.6276,1099.8367,850.2183
930,1156.4884,681.2880,-95.4207,1020.3100,1174.9331,662.8434,1156.4884,681.2880
931,1174.5774,839.8169,26.4395,1049.0909,1176.6527,837.7416,1174.5774,839.8169
932,1175.7929,882.9960,0.7315,1060.1661,1175.7948,882.9941,1175.7929,882.9960
933,1155.3887,818.2332,-163.6065,1067.4046,1221.7271,751.8949,1155.3887,818.2332
934,1118.6017,807.3098,-152.0332,1034.0711,1180.5328,745.3787,1118.6017,807.3098
935,1646.6944,820.9741,-395.4086,1582.0086,1805.4998,662.1687,1646.6944,820.9741
936,1226.3731,763.4126,-147.6264,1102.6975,1269.4409,720.3448,1226.3731,763.4126
937,877.7574,373.1816,798.7518,1579.9282,1463.1172,-212.1782,877.7574,373.1816
938,963.0034,902.3583,296.2182,1065.7803,1230.4470,634.9147,963.0034,902.3583
939,1153.4973,862.4164,37.1128,1040.9876,1158.1547,857.7590,1153.4973,862.4164
940,1092.2125,815.1931,-68.4495,990.5351,1108.2028,799.2027,1092.2125,815.1931
941,1192.2283,704.0571,72.5803,1045.7110,1202.7908,693.4946,1192.2283,704.0571
942,1180.6988,804.2943,72.0785,1052.0911,1194.0292,790.9640,1180.6988,804.2943
943,1230.9262,859.4677,-8.2748,1093.6764,1231.1104,859.2834,1230.9262,859.4677
944,1100.9210,849.0830,46.1088,1002.2843,1109.0976,840.9065,1100.9210,849.0830
945,1102.5551,785.2017,-185.0612,1034.0137,1187.6528,700.1040,1102.5551,785.2017
946,1173.1410,763.1158,-100.1297,1045.6773,1196.2866,739.9703,1173.1410,763.1158
947,569.1466,2004.5572,75.6969,1794.0124,2008.5381,565.1658,569.1466,2004.5572
948,1097.8822,793.2008,198.6351,1040.2112,1195.8684,695.2146,1097.8822,793.2008
949,1116.3245,910.5033,157.4641,1064.5019,1201.5243,825.3035,1116.3245,910.5033
950,1133.2682,897.4422,59.2132,1040.7571,1147.3010,883.4095,1133.2682,897.4422
951,1367.1799,968.0091,79.5476,1225.4645,1382.4483,952.7407,1367.1799,968.0091
952,451.0089,1893.1317,-117.8051,1724.8686,1902.6917,441.4489,451.0089,1893.1317
953,677.6334,2080.9026,20.6813,1838.6236,2081.2073,677.3286,677.6334,2080.9026
954,1189.9264,776.4429,39.1520,1048.5595,1193.6009,772.7683,1189.9264,776.4429
955,1281.9719,801.8583,78.3958,1130.0029,1294.4486,789.3816,1281.9719,801.8583
956,1618.4336,597.6416,-47.0456,1419.8237,1620.5972,595.4779,1618.4336,597.6416
957,1191.9512,821.0681,81.7325,1065.9588,1209.1640,803.8553,1191.9512,821.0681
958,1203.3344,894.5051,40.8497,1084.7905,1208.6463,889.1932,1203.3344,894.5051
959,1141.3010,905.5715,39.4671,1045.8351,1147.7333,899.1392,1141.3010,905.5715
960,1128.9868,722.9523,138.8444,1019.2649,1171.9244,680.0147,1128.9868,722.9523
961,729.7537,2396.5571,36.8550,2128.6627,2397.3717,728.9392,729.7537,2396.5571
962,1094.7054,844.5553,-179.2838,1040.9334,1188.2315,751.0292,1094.7054,844.5553
963,1233.2156,887.0752,60.0962,1106.6178,1243.3526,876.9382,1233.2156,887.0752
964,1235.2973,902.1729,32.2034,1108.3929,1238.3819,899.0884,1235.2973,902.1729
965,1122.9304,839.7461,-67.9032,1018.3331,1138.3707,824.3059,1122.9304,839.7461
966,1619.4690,719.7275,-498.7666,1649.6713,1841.2766,497.9199,1619.4690,719.7275
967,1176.6923,698.8767,-59.1387,1030.1275,1183.9030,691.6659,1176.6923,698.8767
968,1243.8056,891.3523,-18.7418,1110.8312,1244.7994,890.3585,1243.8056,891.3523
969,1297.1776,898.5345,-11.3744,1151.0270,1297.5019,898.2102,1297.1776,898.5345
970,1561.7521,644.9128,-107.4343,1372.0112,1574.1729,632.4920,1561.7521,644.9128
971,1183.7019,949.2102,64.4211,1091.3380,1200.2345,932.6776,1183.7019,949.2102
972,591.8503,2092.9246,-18.4601,1868.9421,2093.1516,591.6233,591.8503,2092.9246
973,659.2252,2041.6568,88.0337,1811.1540,2047.2403,653.6417,659.2252,2041.6568
974,680.7413,2093.8112,94.1108,1857.0624,2100.0515,674.5011,680.7413,2093.8112
975,1230.8328,803.6846,-6.5437,1082.4904,1230.9330,803.5844,1230.8328,803.6846
976,1270.3994,891.5154,-21.3936,1130.2685,1271.6036,890.3113,1270.3994,891.5154
977,1283.4336,766.5161,29.8443,1119.6643,1285.1509,764.7988,1283.4336,766.5161
978,1215.1036,666.9969,234.9712,1129.8344,1302.0443,580.0561,1215.1036,666.9969
979,1142.4587,710.9067,291.3933,1119.4412,1289.2696,564.0958,1142.4587,710.9067
980,1107.7207,648.5288,108.3799,982.0818,1132.0155,624.2340,1107.7207,648.5288
981,1118.6785,891.4655,64.1588,1030.1641,1135.5434,874.6006,1118.6785,891.4655
982,1136.7447,897.3636,9.6799,1038.1030,1137.1355,896.9728,1136.7447,897.3636
983,1096.2092,505.7669,78.8364,960.0489,1106.5542,495.4218,1096.2092,505.7669
984,1344.3011,599.6454,86.7035,1176.0819,1354.2631,589.6834,1344.3011,599.6454
985,1231.9280,824.6326,12.5414,1087.3129,1232.3138,824.2468,1231.9280,824.6326
986,1206.2773,839.2697,-114.6111,1089.2629,1239.1282,806.4188,1206.2773,839.2697
987,1070.6424,759.0063,-135.9613,982.4448,1121.6207,708.0280,1070.6424,759.0063
988,1090.9396,827.4214,-147.5635,1018.5448,1157.0073,761.3536,1090.9396,827.4214
989,639.2516,1955.0249,-43.8673,1728.2318,1956.4858,637.7907,639.2516,1955.0249
990,1135.7670,739.0535,211.3015,1063.3528,1227.2270,647.5935,1135.7670,739.0535
991,1158.4351,892.5122,0.2859,1051.0151,1158.4354,892.5119,1158.4351,892.5122
992,1180.9720,896.7149,39.3493,1069.7861,1186.3185,891.3684,1180.9720,896.7149
993,1170.2660,701.4741,128.8243,1044.2529,1203.3343,668.4057,1170.2660,701.4741
994,1234.5183,869.9347,0.8843,1098.5781,1234.5205,869.9326,1234.5183,869.9347
995,1092.7227,856.9686,39.6759,998.3644,1099.2207,850.4706,1092.7227,856.9686
996,1145.3124,742.6832,-95.8781,1019.9473,1166.9781,721.0176,1145.3124,742.6832
997,1668.7362,875.5865,49.8162,1448.3281,1671.8528,872.4698,1668.7362,875.5865
998,915.7932,616.8529,25.2658,810.0556,917.9136,614.7326,915.7932,616.8529
999,1205.4199,689.8955,-103.7847,1062.8701,1225.5293,669.7862,1205.4199,689.8955
1000,1364.5705,642.6855,305.3266,1295.2917,1476.3899,530.8661,1364.5705,642.6855
1001,1245.9500,459.8950,-77.7215,1099.5501,1253.5610,452.2840,1245.9500,459.8950
1002,1228.5123,952.4052,-96.8480,1128.9000,1259.0954,921.8221,1228.5123,952.4052
1003,1203.6298,781.9612,-5.1322,1057.8635,1203.6923,781.8987,1203.6298,781.9612
1004,1220.3837,773.6899,-8.2735,1069.5510,1220.5369,773.5367,1220.3837,773.6899
1005,1082.1898,790.8988,-118.0422,991.2391,1124.0185,749.0702,1082.1898,790.8988
1006,1320.6065,869.7081,33.2619,1164.1179,1323.0470,867.2676,1320.6065,869.7081
1007,1208.1614,861.1996,4.3328,1077.4539,1208.2155,861.1455,1208.1614,861.1996
1008,1213.7924,852.8172,11.4894,1079.7417,1214.1577,852.4519,1213.7924,852.8172
1009,1122.8697,658.8800,-168.6046,1020.0026,1177.6659,604.0838,1122.8697,658.8800
1010,1116.6501,702.5443,-179.1502,1025.7993,1183.3959,635.7985,1116.6501,702.5443
1011,1289.8759,851.4366,3.7895,1136.0104,1289.9086,851.4039,1289.8759,851.4366
1012,1314.0869,803.2491,55.6951,1151.4340,1320.0887,797.2473,1314.0869,803.2491
1013,1206.8193,858.4011,-46.4312,1078.7946,1212.9007,852.3197,1206.8193,858.4011
1014,1149.2108,814.8130,-212.7623,1088.1255,1252.6098,711.4139,1149.2108,814.8130
1015,1110.0720,834.2845,-211.4448,1065.9744,1224.6136,719.7430,1110.0720,834.2845
1016,1107.5324,808.9365,-97.7044,1006.8373,1136.6610,779.8079,1107.5324,808.9365
1017,1136.0680,907.0839,-137.3340,1067.4852,1200.3749,842.7771,1136.0680,907.0839
1018,1329.5704,826.7779,-29.8836,1163.9325,1331.3404,825.0080,1329.5704,826.7779
1019,1253.1608,899.0454,18.7647,1119.4206,1254.1523,898.0538,1253.1608,899.0454
1020,1226.3437,684.4850,-99.7897,1078.3778,1244.1369,666.6918,1226.3437,684.4850
1021,1179.8171,751.4658,94.4764,1047.3082,1199.7291,731.5539,1179.8171,751.4658
1022,1134.1183,793.5334,59.8047,1013.2565,1144.3144,783.3373,1134.1183,793.5334
1023,1179.4011,856.8717,-104.0589,1071.0300,1210.0597,826.2131,1179.4011,856.8717
1024,1178.3291,895.5831,18.7325,1065.9689,1179.5648,894.3474,1178.3291,895.5831
1025,1170.6425,707.3336,120.2035,1042.1308,1199.9721,678.0040,1170.6425,707.3336
1026,1220.3067,846.1235,4.4800,1082.8682,1220.3603,846.0699,1220.3067,846.1235
1027,1519.6226,565.1243,319.5638,1440.9045,1616.7320,468.0149,1519.6226,565.1243
1028,421.6047,1803.6258,121.9014,1647.7194,1814.2957,410.9347,421.6047,1803.6258
1029,1068.0442,1064.3991,123.4161,1087.4434,1189.6512,942.7920,1068.0442,1064.3991
1030,1099.4685,997.8016,-24.2572,1053.1633,1104.9596,992.3106,1099.4685,997.8016
1031,1218.3060,937.5311,104.7627,1119.8036,1253.0867,902.7505,1218.3060,937.5311
1032,1190.6807,634.0478,-110.0515,1049.3439,1211.6491,613.0794,1190.6807,634.0478
1033,1327.6250,552.9716,-9.2194,1155.1977,1327.7347,552.8619,1327.6250,552.9716
1034,991.4776,944.6379,491.7231,1290.0218,1460.3383,475.7772,991.4776,944.6379
1035,1286.2603,726.1827,169.4237,1154.9286,1333.5228,678.9202,1286.2603,726.1827
1036,1194.1842,737.2530,115.0624,1062.5065,1221.5229,709.9142,1194.1842,737.2530
1037,1210.5581,551.1102,-155.8664,1083.9306,1245.5426,516.1257,1210.5581,551.1102
1038,1185.7174,846.6811,18.3106,1058.2419,1186.7035,845.6950,1185.7174,846.6811
1039,1212.5178,727.9987,27.3456,1058.1652,1214.0563,726.4602,1212.5178,727.9987
1040,1163.9509,951.5108,-21.0964,1074.2336,1166.0257,949.4361,1163.9509,951.5108
1041,1134.9409,899.2775,-23.9737,1038.2140,1137.3550,896.8634,1134.9409,899.2775
1042,1663.1136,508.4894,-508.5073,1718.8868,1855.1317,316.4713,1663.1136,508.4894
1043,681.6234,851.8832,-381.5821,1022.9695,1157.7162,375.7904,681.6234,851.8832
1044,1152.4465,1177.6313,68.9618,1171.3490,1235.1410,1094.9369,1152.4465,1177.6313
1045,1183.8888,952.8321,100.3901,1100.7584,1221.4127,915.3083,1183.8888,952.8321
1046,1188.3627,781.0747,-114.2951,1064.5533,1218.2444,751.1930,1188.3627,781.0747
1047,1139.6550,955.1993,14.0023,1059.8159,1140.7119,954.1424,1139.6550,955.1993
1048,1142.7408,991.3791,8.3219,1075.1778,1143.1969,990.9229,1142.7408,991.3791
1049,1123.7282,857.7273,35.4729,1019.0112,1128.3775,853.0780,1123.7282,857.7273
1050,798.4770,926.4088,-151.0632,908.0435,1026.4909,698.3950,798.4770,926.4088
1051,1202.1079,663.9461,67.8690,1049.5578,1210.5351,655.5189,1202.1079,663.9461
1052,1138.6098,729.5657,104.7616,1015.3486,1163.8795,704.2960,1138.6098,729.5657
1053,1130.6028,757.0105,61.3681,1003.3681,1140.4252,747.1881,1130.6028,757.0105
1054,1188.7579,672.9399,-20.2101,1033.0809,1189.5485,672.1493,1188.7579,672.9399
1055,1211.8845,771.8053,-17.6556,1062.9881,1212.5917,771.0981,1211.8845,771.8053
1056,1341.4752,621.3218,140.3700,1187.9478,1367.8684,594.9286,1341.4752,621.3218
1057,1212.0813,771.9009,77.8952,1071.2462,1225.4592,758.5230,1212.0813,771.9009
1058,1187.0728,941.7071,-47.2426,1088.4736,1195.8546,932.9254,1187.0728,941.7071
1059,1207.2153,886.0397,16.7939,1083.3469,1208.0910,885.1640,1207.2153,886.0397
1060,1131.4559,833.7520,-65.8835,1022.2540,1145.3846,819.8233,1131.4559,833.7520
1061,1105.0953,984.6294,18.8574,1050.5656,1107.9782,981.7465,1105.0953,984.6294
1062,1130.3323,857.8351,-122.5111,1043.5135,1177.3121,810.8553,1130.3323,857.8351
1063,1134.8425,828.9145,-94.5023,1030.0832,1161.6803,802.0767,1134.8425,828.9145
1064,317.7142,1918.3958,-100.8851,1789.4739,1924.7292,311.3808,317.7142,1918.3958
1065,352.6428,1838.0548,-3.1237,1689.5724,1838.0614,352.6363,352.6428,1838.0548
1066,1399.7346,1080.8307,-462.4012,1502.0055,1729.4041,751.1612,1399.7346,1080.8307
1067,1336.0267,805.2801,70.6600,1171.5571,1345.2728,796.0340,1336.0267,805.2801
1068,1411.4918,803.4290,53.4961,1229.7802,1416.1624,798.7584,1411.4918,803.4290
1069,515.6318,1939.5403,76.1490,1744.9929,1943.6011,511.5710,515.6318,1939.5403
1070,1163.3888,925.0748,-35.9027,1066.2468,1168.6801,919.7834,1163.3888,925.0748
1071,1171.2477,919.6782,-11.4079,1068.1051,1171.7639,919.1620,1171.2477,919.6782
1072,1126.5050,847.0975,-1.5375,1016.0390,1126.5134,847.0891,1126.5050,847.0975
1073,625.7348,1989.5081,-77.0570,1767.0867,1993.8482,621.3946,625.7348,1989.5081
1074,1123.3277,787.3327,-202.0296,1058.1934,1218.0832,692.5772,1123.3277,787.3327
1075,1219.7910,812.7112,121.1493,1095.9394,1253.1174,779.3848,1219.7910,812.7112
1076,1211.0049,677.8251,104.6623,1066.7675,1230.8140,658.0160,1211.0049,677.8251
1077,1180.7144,874.8473,70.4875,1068.3656,1196.1767,859.3850,1180.7144,874.8473
1078,1113.1402,743.2319,20.8469,982.5768,1114.3114,742.0608,1113.1402,743.2319
1079,1071.3738,862.5245,-95.3949,997.4992,1108.3871,825.5112,1071.3738,862.5245
1080,1112.5316,932.1259,-89.7476,1045.8153,1149.5734,895.0842,1112.5316,932.1259
1081,1161.7838,940.0203,-98.8883,1081.9501,1199.4741,902.3300,1161.7838,940.0203
1082,1131.8132,959.4462,8.9037,1056.3437,1132.2719,958.9875,1131.8132,959.4462
1083,1154.7352,978.2853,-13.0946,1077.6407,1155.7017,977.3188,1154.7352,978.2853
1084,1244.1312,805.3664,-43.4526,1095.5183,1248.3930,801.1045,1244.1312,805.3664
1085,1092.1600,747.9373,-137.1864,995.9000,1140.1451,699.9522,1092.1600,747.9373
1086,687.5006,2154.0231,5.1660,1905.6916,2154.0413,687.4824,687.5006,2154.0231
1087,1227.5209,569.3855,64.2252,1069.7894,1233.7298,563.1765,1227.5209,569.3855
1088,1097.2917,883.1812,-89.5185,1019.3093,1129.7871,850.6858,1097.2917,883.1812
1089,1192.0838,800.5148,62.5888,1057.9977,1201.8447,790.7538,1192.0838,800.5148
1090,1202.1924,880.8091,81.4871,1087.2487,1221.6728,861.3288,1202.1924,880.8091
1091,1148.7404,873.4541,18.1206,1039.2976,1149.9280,872.2664,1148.7404,873.4541
1092,1021.0885,610.3343,160.8920,932.5144,1076.6060,554.8168,1021.0885,610.3343
1093,1190.0376,832.3094,-186.1754,1105.6368,1269.3471,752.9998,1190.0376,832.3094
1094,1311.7159,703.6951,-249.9976,1216.6486,1401.3057,614.1053,1311.7159,703.6951
1095,1269.7574,892.0422,125.4814,1150.0359,1307.6436,854.1560,1269.7574,892.0422
1096,1562.7072,891.7979,-102.2919,1369.3536,1577.9568,876.5483,1562.7072,891.7979
1097,1801.5593,938.5346,-92.2530,1568.8114,1811.3105,928.7834,1801.5593,938.5346
1098,1150.4065,937.0072,-13.4102,1060.1972,1151.2460,936.1678,1150.4065,937.0072
1099,1140.3506,949.6364,1.6084,1057.9688,1140.3642,949.6228,1140.3506,949.6364
1100,1149.9761,705.0071,-102.4245,1019.9074,1172.4204,682.5628,1149.9761,705.0071
1101,1095.6166,876.5902,-131.3375,1029.6252,1157.1083,815.0985,1095.6166,876.5902
1102,1196.2503,901.8345,-69.1538,1086.2077,1211.6844,886.4004,1196.2503,901.8345
1103,1186.3446,957.0966,-55.2306,1094.1446,1198.9570,944.4843,1186.3446,957.0966
1104,1159.0836,853.3377,-9.1524,1040.5871,1159.3573,853.0639,1159.0836,853.3377
1105,1199.5344,910.0652,-134.3413,1108.8687,1252.2731,857.3265,1199.5344,910.0652
1106,1154.4387,806.0086,-63.9595,1031.5830,1165.8084,794.6389,1154.4387,806.0086
1107,1286.8788,792.0570,-6.4139,1124.3902,1286.9619,791.9739,1286.8788,792.0570
1108,1324.4483,-219.4227,492.4098,1679.3827,1468.1284,-363.1028,1324.4483,-219.4227
1109,1265.8616,724.1795,38.3517,1102.0631,1268.5634,721.4776,1265.8616,724.1795
1110,1130.1536,854.4473,50.4809,1024.3611,1139.1058,845.4951,1130.1536,854.4473
1111,1158.7769,939.7397,24.2263,1067.0927,1161.4244,937.0922,1158.7769,939.7397
1112,1211.4781,512.3240,-16.6477,1053.7159,1211.8743,511.9279,1211.4781,512.3240
1113,1234.4566,864.9686,21.0403,1098.0053,1235.6509,863.7743,1234.4566,864.9686
1114,1163.9681,856.2453,19.4600,1045.2137,1165.1938,855.0196,1163.9681,856.2453
1115,617.5553,1991.3387,25.2928,1766.0583,1991.8042,617.0898,617.5553,1991.3387
1116,1326.7330,588.2301,-50.4679,1154.7518,1330.1659,584.7972,1326.7330,588.2301
1117,1144.9365,836.0741,-59.0044,1031.0637,1155.8248,825.1858,1144.9365,836.0741
1118,1258.9717,789.1780,-173.3390,1142.1025,1316.0045,732.1452,1258.9717,789.1780
1119,1174.1101,682.3497,31.8023,1022.7493,1176.1583,680.3015,1174.1101,682.3497
1120,1126.2283,879.2517,63.5619,1031.1915,1141.6265,863.8535,1126.2283,879.2517
1121,1142.7746,896.1499,69.3956,1048.5077,1160.9602,877.9642,1142.7746,896.1499
1122,1196.3051,630.6609,49.2520,1040.0450,1200.5616,626.4044,1196.3051,630.6609
1123,1183.0149,889.1289,8.9552,1066.9875,1183.2875,888.8563,1183.0149,889.1289
1124,1187.9933,668.7311,-134.8526,1057.6563,1220.9259,635.7985,1187.9933,668.7311
1125,1404.7157,788.7456,-397.4121,1400.4255,1599.5141,593.9472,1404.7157,788.7456
1126,692.4555,1079.5818,-614.7358,1425.1770,1530.5082,241.5290,692.4555,1079.5818
1127,1624.2477,653.6136,-64.7480,1419.9781,1628.5477,649.3135,1624.2477,653.6136
1128,1854.6900,626.0556,46.2846,1636.1872,1856.4312,624.3144,1854.6900,626.0556
1129,1180.0976,992.2200,216.0912,1160.3020,1321.7854,850.5322,1180.0976,992.2200
1130,1171.3037,700.6789,41.2631,1023.3784,1174.8941,697.0885,1171.3037,700.6789
1131,767.5258,1237.2938,-158.5038,1116.1126,1285.7717,719.0479,767.5258,1237.2938
1132,1161.4581,927.8305,26.9942,1065.0841,1164.5365,924.7521,1161.4581,927.8305
1133,1112.1246,846.8185,-146.9031,1037.7363,1177.4042,781.5388,1112.1246,846.8185
1134,1226.8528,856.3211,11.2019,1090.0688,1227.1911,855.9827,1226.8528,856.3211
1135,1609.4381,762.5911,46.6014,1396.7849,1611.9948,760.0344,1609.4381,762.5911
1136,1923.3843,848.3459,126.8696,1683.9508,1938.1538,833.5764,1923.3843,848.3459
1137,1066.3631,1286.2185,70.4637,1197.8346,1306.8635,1045.7181,1066.3631,1286.2185
1138,1231.6127,822.1454,10.6858,1086.5407,1231.8913,821.8667,1231.6127,822.1454
1139,1181.4093,944.0493,40.7940,1084.7308,1188.2247,937.2339,1181.4093,944.0493
1140,1177.7789,983.2904,51.5061,1097.2161,1190.5770,970.4922,1177.7789,983.2904
1141,1181.1505,886.4572,-11.4672,1065.0249,1181.5961,886.0116,1181.1505,886.4572
1142,1328.7198,718.4099,-114.6837,1168.9742,1349.5586,697.5711,1328.7198,718.4099
1143,1246.5171,718.0137,-54.8459,1087.8219,1252.1488,712.3821,1246.5171,718.0137
1144,1259.5737,714.0061,56.8754,1098.4952,1265.4399,708.1399,1259.5737,714.0061
1145,1131.4216,590.4945,-161.6728,1019.3698,1176.0591,545.8570,1131.4216,590.4945
1146,1125.4810,890.7112,30.4091,1029.7424,1129.3558,886.8363,1125.4810,890.7112
1147,1302.0713,724.8686,-45.2327,1132.7539,1305.5944,721.3454,1302.0713,724.8686
1148,1251.7119,766.6694,-2.1833,1093.1284,1251.7218,766.6595,1251.7119,766.6694
1149,1401.7519,893.9457,42.2011,1231.3813,1405.2351,890.4625,1401.7519,893.9457
1150,1124.3663,857.0172,-175.9784,1062.0650,1211.6834,769.7001,1124.3663,857.0172
1151,1179.9122,882.1584,4.9112,1062.8260,1179.9932,882.0774,1179.9122,882.1584
1152,1177.3817,865.4575,3.4935,1056.5544,1177.4209,865.4184,1177.3817,865.4575
1153,1143.0499,750.4574,144.8748,1036.7764,1190.7228,702.7845,1143.0499,750.4574
1154,1161.2709,627.1083,102.8615,1022.4059,1180.3939,607.9853,1161.2709,627.1083
1155,1220.9681,632.0550,161.9208,1094.1630,1262.5517,590.4713,1220.9681,632.0550
1156,1304.0193,616.2725,103.7206,1144.0720,1319.3211,600.9706,1304.0193,616.2725
1157,1106.7374,678.1353,151.6166,1001.5889,1154.9483,629.9244,1106.7374,678.1353
1158,1287.2482,864.8601,56.1141,1140.6786,1294.5758,857.5325,1287.2482,864.8601
1159,1256.5465,884.7097,15.0901,1118.3133,1257.1579,884.0984,1256.5465,884.7097
1160,1119.7301,850.5988,-196.0430,1067.7880,1222.9475,747.3814,1119.7301,850.5988
1161,1107.8656,822.2530,-69.8074,1003.5634,1124.0143,806.1043,1107.8656,822.2530
1162,1188.4159,904.9921,18.9220,1075.5976,1189.6736,903.7344,1188.4159,904.9921
1163,1209.8646,744.3270,-115.5256,1075.7782,1236.9563,717.2353,1209.8646,744.3270
1164,1178.1909,892.3822,-7.4575,1064.5422,1178.3853,892.1877,1178.1909,892.3822
1165,1166.0799,850.8171,-29.2322,1045.9804,1168.7675,848.1295,1166.0799,850.8171
1166,1124.3073,784.5644,-89.2196,1010.6419,1146.3120,762.5598,1124.3073,784.5644
1167,461.6524,1877.5724,-261.2121,1753.9415,1924.2243,415.0005,461.6524,1877.5724
1168,1154.8718,852.3255,-21.4099,1037.8999,1156.3794,850.8179,1154.8718,852.3255
1169,679.7549,2081.1206,23.5633,1838.5167,2081.5167,679.3588,679.7549,2081.1206
1170,1150.3712,821.0018,-45.4517,1029.1446,1156.5283,814.8447,1150.3712,821.0018
1171,1124.1313,840.2374,49.1185,1016.0565,1132.3894,831.9793,1124.1313,840.2374
1172,1280.0246,806.7282,-394.7911,1313.0961,1503.6615,583.0913,1280.0246,806.7282
1173,1214.1890,645.5580,-88.7035,1063.3793,1227.7050,632.0420,1214.1890,645.5580
1174,1090.8969,903.2471,-87.1335,1021.4395,1125.1164,869.0276,1090.8969,903.2471
1175,1106.7448,886.3484,-81.1548,1024.3507,1133.4032,859.6899,1106.7448,886.3484
1176,1178.1613,701.5142,88.7819,1037.9480,1194.1610,685.5145,1178.1613,701.5142
1177,365.4542,1262.1370,-168.4479,1162.0746,1292.7368,334.8544,365.4542,1262.1370
1178,317.5957,1448.0184,47.5307,1320.8019,1450.0134,315.6007,317.5957,1448.0184
1179,1138.2368,733.9471,168.1412,1040.9948,1199.0254,673.1585,1138.2368,733.9471
1180,470.6312,1524.7281,-199.8247,1395.8849,1561.3374,434.0219,470.6312,1524.7281
1181,1393.9678,527.6428,96.5623,1230.4507,1404.6003,517.0102,1393.9678,527.6428
1182,673.5008,29.5924,98.3688,680.8655,688.1932,14.9000,673.5008,29.5924
1183,1450.3541,877.2154,336.4678,1392.9798,1605.7492,721.8203,1450.3541,877.2154
1184,404.6564,1682.2568,224.0228,1569.5724,1720.3997,366.5135,404.6564,1682.2568
1185,1683.7961,677.2543,127.5420,1484.0099,1699.7058,661.3446,1683.7961,677.2543
1186,1135.4149,957.3152,-97.1448,1070.9719,1178.1489,914.5812,1135.4149,957.3152
1187,1141.1004,1190.2735,-79.1687,1174.4967,1248.5856,1082.7883,1141.1004,1190.2735
1188,1212.2036,909.3941,86.1762,1102.8796,1235.0106,886.5871,1212.2036,909.3941
1189,1756.5158,1284.4131,578.9955,1866.7298,2145.7292,895.1997,1756.5158,1284.4131
1190,504.9123,1953.2288,67.0866,1759.9238,1956.3297,501.8115,504.9123,1953.2288
1191,1560.1097,1018.6917,-314.0872,1475.9257,1704.0502,874.7512,1560.1097,1018.6917
1192,1223.9704,600.4927,54.2696,1064.2111,1228.6589,595.8041,1223.9704,600.4927
1193,1281.0912,753.5238,62.1294,1120.3750,1288.3091,746.3058,1281.0912,753.5238
1194,1218.4835,743.7612,-31.1791,1065.1471,1220.5225,741.7222,1218.4835,743.7612
1195,1141.2646,780.7370,-96.5688,1024.1993,1165.5016,756.5001,1141.2646,780.7370
1196,1107.1838,1391.4510,-30.3301,1274.4252,1394.6511,1103.9838,1107.1838,1391.4510
1197,1399.6905,266.4998,162.0407,1317.5394,1422.4062,243.7841,1399.6905,266.4998
1198,1301.5132,635.3122,143.7752,1154.4284,1331.2174,605.6080,1301.5132,635.3122
1199,1196.8021,949.9162,-48.5146,1097.6681,1205.9933,940.7249,1196.8021,949.9162
1200,1182.1617,883.9234,-8.8030,1064.9502,1182.4213,883.6638,1182.1617,883.9234
1201,1143.2535,1031.2053,411.8783,1303.9997,1502.9005,671.5584,1143.2535,1031.2053
1202,1152.5956,864.9711,20.5126,1039.6884,1154.0511,863.5155,1152.5956,864.9711
1203,1136.3296,892.7752,8.1590,1036.3423,1136.6026,892.5022,1136.3296,892.7752
1204,1142.2498,939.5458,38.6930,1057.7223,1149.3846,932.4111,1142.2498,939.5458
1205,1793.6735,647.3851,-156.8061,1596.5397,1814.7367,626.3219,1793.6735,647.3851
1206,1112.1160,906.7813,-46.9390,1028.2111,1122.3373,896.5599,1112.1160,906.7813
1207,1153.1333,965.4587,-31.6688,1073.0951,1158.3332,960.2589,1153.1333,965.4587
1208,1239.5060,762.7429,31.3841,1084.2889,1241.5631,760.6859,1239.5060,762.7429
1209,1232.1371,761.2401,72.4317,1084.1749,1243.0265,750.3507,1232.1371,761.2401
1210,1079.5167,834.7331,-101.7872,996.0468,1116.3116,797.9383,1079.5167,834.7331
1211,1088.8918,779.9324,-80.4247,981.8973,1108.5733,760.2509,1088.8918,779.9324
1212,1318.7042,782.1509,-60.6011,1153.4004,1325.4636,775.3914,1318.7042,782.1509
1213,1349.0975,749.7587,-61.4701,1175.6021,1355.3371,743.5191,1349.0975,749.7587
1214,1101.4520,706.2398,-124.2874,990.1637,1137.2887,670.4031,1101.4520,706.2398
1215,401.6107,1668.6261,104.8920,1519.3660,1677.2511,392.9857,401.6107,1668.6261
1216,1151.9961,968.3797,18.6108,1072.5314,1153.8634,966.5123,1151.9961,968.3797
1217,1122.0270,946.8462,-6.7855,1045.5685,1122.2895,946.5837,1122.0270,946.8462
1218,1238.1952,814.6983,-139.2024,1116.3499,1279.8530,773.0405,1238.1952,814.6983
1219,1080.2086,609.6550,167.4833,981.8998,1133.7325,556.1311,1080.2086,609.6550
1220,1387.3901,507.5088,-78.3670,1223.4083,1394.3153,500.5835,1387.3901,507.5088
1221,1228.4094,616.1359,92.0213,1075.7090,1241.9407,602.6046,1228.4094,616.1359
1222,1173.9582,866.5477,65.1075,1060.4287,1187.1789,853.3270,1173.9582,866.5477
1223,1193.9141,911.2999,95.7699,1093.3435,1223.3101,881.9038,1193.9141,911.2999
1224,1097.6351,829.1410,-161.8107,1029.9182,1173.6379,753.1383,1097.6351,829.1410
1225,1079.9284,791.3603,-184.0774,1019.5771,1169.5297,701.7590,1079.9284,791.3603
1226,1178.6254,853.9417,-22.1903,1055.1654,1180.1350,852.4321,1178.6254,853.9417
1227,1133.1012,661.9774,-82.9252,996.3307,1147.2711,647.8075,1133.1012,661.9774
1228,1156.4070,659.8258,-81.2460,1014.6048,1169.3618,646.8710,1156.4070,659.8258
1229,1142.8950,880.8104,67.8666,1043.6378,1159.4263,864.2791,1142.8950,880.8104
1230,1145.3483,972.6524,-9.3051,1069.6305,1145.8482,972.1525,1145.3483,972.6524
1231,1153.8064,950.3485,-17.8999,1067.1806,1155.3692,948.7857,1153.8064,950.3485
1232,1624.7348,413.2256,-96.7069,1472.1390,1632.4057,405.5547,1624.7348,413.2256
1233,1049.4741,500.0681,289.5588,1038.3585,1173.9027,375.6395,1049.4741,500.0681
1234,1172.5959,676.3500,-81.3730,1029.1793,1185.5985,663.3474,1172.5959,676.3500
1235,1162.2797,665.8857,-30.1775,1011.4764,1164.1076,664.0579,1162.2797,665.8857
1236,1234.6682,873.9098,131.7293,1123.0285,1277.6480,830.9299,1234.6682,873.9098
1237,1140.2522,769.9446,82.2193,1017.5160,1157.6865,752.5103,1140.2522,769.9446
1238,1244.7408,962.1274,-97.5096,1142.8009,1275.1190,931.7493,1244.7408,962.1274
1239,414.3363,1884.7361,-101.9209,1724.5735,1891.7671,407.3052,414.3363,1884.7361
1240,424.8648,1891.2962,-145.6548,1737.1276,1905.6236,410.5375,424.8648,1891.2962
1241,623.9070,1989.6378,-6.6285,1762.5837,1989.6700,623.8748,623.9070,1989.6378
1242,1072.4510,1172.3473,-337.2161,1268.2304,1463.2943,781.5039,1072.4510,1172.3473
1243,1096.3989,1442.6613,28.9473,1305.4286,1445.0646,1093.9956,1096.3989,1442.6613
1244,1129.3192,533.4728,-49.4779,982.2618,1133.3998,529.3922,1129.3192,533.4728
1245,512.2742,2054.0755,-89.5351,1858.3462,2059.2575,507.0922,512.2742,2054.0755
1246,1135.0525,833.1027,-57.8031,1023.1386,1145.7397,822.4155,1135.0525,833.1027
1247,1241.2452,660.6147,-38.9547,1077.8075,1243.8471,658.0129,1241.2452,660.6147
1248,1189.4141,712.4358,79.8279,1045.9479,1202.4196,699.4303,1189.4141,712.4358
1249,1165.9821,666.4769,85.1379,1023.8902,1180.0947,652.3643,1165.9821,666.4769
1250,1192.1219,886.3458,195.8832,1124.8297,1287.7192,790.7484,1192.1219,886.3458
1251,1060.9137,855.4534,-93.2801,987.8663,1096.9448,819.4224,1060.9137,855.4534
1252,1153.1261,995.1765,11.4976,1083.0091,1153.9586,994.3440,1153.1261,995.1765
1253,1089.5906,842.6405,-138.7907,1018.2859,1151.8814,780.3497,1089.5906,842.6405
1254,1130.4631,842.1279,-64.4189,1023.5141,1144.2008,828.3902,1130.4631,842.1279
1255,1149.0291,839.8178,-56.9962,1034.5687,1159.2004,829.6464,1149.0291,839.8178
1256,1139.7634,932.5814,25.2562,1052.5018,1142.7977,929.5470,1139.7634,932.5814
1257,1149.9998,878.8629,13.0343,1041.4975,1150.6250,878.2377,1149.9998,878.8629
1258,700.8716,2556.2040,78.9760,2291.8422,2559.5597,697.5159,700.8716,2556.2040
1259,1055.7277,1511.8603,164.5330,1373.0925,1565.0151,1002.5729,1055.7277,1511.8603
1260,1258.8441,886.3966,0.9327,1120.0692,1258.8465,886.3943,1258.8441,886.3966
1261,1106.1705,856.5908,-118.1179,1025.5150,1153.2072,809.5542,1106.1705,856.5908
1262,1147.0371,862.6446,34.4043,1036.2989,1151.1399,858.5418,1147.0371,862.6446
1263,1251.6680,805.8522,-32.3612,1100.2513,1254.0048,803.5153,1251.6680,805.8522
1264,1784.5723,907.9834,-74.8184,1550.9879,1790.9124,901.6434,1784.5723,907.9834
1265,482.8716,1851.1950,88.4595,1670.2316,1856.8901,477.1766,482.8716,1851.1950
1266,573.0562,1822.2338,95.7818,1622.4086,1829.5353,565.7548,573.0562,1822.2338
1267,1171.9607,891.3133,-19.0910,1060.3964,1173.2534,890.0206,1171.9607,891.3133
1268,525.8054,1924.8318,71.5399,1727.6330,1928.4805,522.1567,525.8054,1924.8318
1269,496.0076,1726.7666,-49.8465,1542.3071,1728.7821,493.9921,496.0076,1726.7666
1270,1178.8612,816.8211,9.5407,1046.0711,1179.1124,816.5698,1178.8612,816.8211
1271,1378.0581,921.6890,211.7988,1270.0354,1461.2044,838.5426,1378.0581,921.6890
1272,1271.8543,712.2323,84.8536,1113.8370,1284.4374,699.6492,1271.8543,712.2323
1273,1554.5012,456.6947,-287.7388,1470.8816,1625.3467,385.8492,1554.5012,456.6947
1274,563.1598,1311.8281,-28.8979,1140.9551,1312.9419,562.0460,563.1598,1311.8281
1275,1221.8749,678.8971,-16.2084,1060.7263,1222.3583,678.4137,1221.8749,678.8971
1276,869.9453,1260.1151,-152.7963,1148.2612,1312.8302,817.2302,869.9453,1260.1151
1277,1282.4150,709.6077,-368.1816,1282.4947,1462.4711,529.5515,1282.4150,709.6077
1278,1101.7318,786.4880,104.9107,999.4480,1133.4533,754.7665,1101.7318,786.4880
1279,1548.1857,475.4880,-32.5057,1374.7705,1549.1698,474.5039,1548.1857,475.4880
1280,1123.9645,355.8345,-41.2926,997.5391,1126.1779,353.6211,1123.9645,355.8345
1281,1181.1370,876.3555,28.4177,1063.2076,1183.7640,873.7285,1181.1370,876.3555
1282,1177.2428,874.8271,30.2161,1060.2255,1180.2323,871.8376,1177.2428,874.8271
1283,1227.2938,760.0380,-3.4398,1072.9181,1227.3191,760.0127,1227.2938,760.0380
1284,1283.4930,584.4610,158.7632,1146.4793,1317.8614,550.0927,1283.4930,584.4610
1285,1252.8196,669.9843,74.8998,1093.5705,1262.2910,660.5129,1252.8196,669.9843
1286,1211.8149,769.3756,-75.9468,1070.2323,1224.4885,756.7020,1211.8149,769.3756
1287,1173.9491,817.9887,-1.7891,1042.5902,1173.9580,817.9797,1173.9491,817.9887
1288,1908.1543,760.7932,-112.4427,1675.1354,1919.0700,749.8775,1908.1543,760.7932
1289,1242.6485,699.7706,41.8794,1081.4560,1245.8603,696.5589,1242.6485,699.7706
1290,1232.3956,684.2764,-6.4409,1069.5132,1232.4713,684.2008,1232.3956,684.2764
1291,394.3235,1631.7234,268.8422,1546.4197,1687.6091,338.4378,394.3235,1631.7234
1292,1102.2127,873.7492,74.9605,1015.9283,1124.6118,851.3502,1102.2127,873.7492
1293,1054.6154,732.6275,444.9671,1212.5608,1366.8178,420.4251,1054.6154,732.6275
1294,1277.3556,845.8160,-83.9607,1134.8051,1293.1155,830.0561,1277.3556,845.8160
1295,1162.0632,916.7801,23.5932,1061.6921,1164.3120,914.5314,1162.0632,916.7801
1296,1233.3880,817.7055,-10.0303,1087.0336,1233.6299,817.4636,1233.3880,817.7055
1297,1070.4668,622.3585,118.3335,953.4273,1099.7959,593.0294,1070.4668,622.3585
1298,1186.1881,577.6688,332.5672,1177.8465,1332.6777,431.1792,1186.1881,577.6688
1299,1202.4594,888.7563,-39.6195,1082.5027,1207.3859,883.8299,1202.4594,888.7563
1300,1088.8583,752.4343,-72.3795,973.7514,1103.7694,737.5232,1088.8583,752.4343
1301,1147.3465,869.0496,35.3664,1038.4135,1151.7706,864.6255,1147.3465,869.0496
1302,1165.3420,889.5225,42.9967,1057.4594,1171.8892,882.9753,1165.3420,889.5225
1303,1314.8643,764.1242,57.4239,1148.0099,1320.7880,758.2005,1314.8643,764.1242
1304,1162.4995,885.6781,-13.6804,1052.0417,1163.1739,885.0036,1162.4995,885.6781
1305,1193.1019,816.4007,-25.9431,1057.3420,1194.8802,814.6224,1193.1019,816.4007
1306,1197.0989,780.5639,-61.2032,1057.8994,1205.9056,771.7572,1197.0989,780.5639
1307,1139.9514,808.5016,-148.2459,1047.5887,1196.5812,751.8718,1139.9514,808.5016
1308,1260.6672,815.6828,-203.7276,1162.2523,1339.8499,736.5001,1260.6672,815.6828
1309,1131.5311,949.5917,13.7928,1052.6943,1132.5708,948.5520,1131.5311,949.5917
1310,1109.2412,825.1729,4.2100,998.0299,1109.3036,825.1105,1109.2412,825.1729
1311,1204.7619,936.3107,115.5297,1113.6152,1247.6341,893.4386,1204.7619,936.3107
1312,1190.2235,846.9916,27.5645,1062.1661,1192.4230,844.7920,1190.2235,846.9916
1313,1187.1432,818.8978,41.8027,1054.9863,1191.8290,814.2121,1187.1432,818.8978
1314,1117.6499,920.7551,53.8320,1037.5660,1131.4067,906.9984,1117.6499,920.7551
1315,1172.0213,666.1097,189.3299,1069.6629,1235.0282,603.1028,1172.0213,666.1097
1316,1115.2313,728.6732,143.4360,1011.8241,1162.6402,681.2643,1115.2313,728.6732
1317,1104.9960,883.5512,53.0311,1016.7572,1117.0407,871.5065,1104.9960,883.5512
1318,1121.6295,680.5045,119.4541,1000.3365,1151.8998,650.2342,1121.6295,680.5045
1319,1277.0418,834.8925,65.0987,1128.8942,1286.4272,825.5070,1277.0418,834.8925
1320,1119.9035,627.7433,-195.3492,1029.4258,1188.0155,559.6313,1119.9035,627.7433
1321,1238.1169,784.7338,-86.1419,1095.1756,1253.9320,768.9186,1238.1169,784.7338
1322,1126.3784,635.5453,74.2978,986.5810,1137.3783,624.5453,1126.3784,635.5453
1323,1242.7676,674.8240,72.2244,1084.8310,1251.8083,665.7832,1242.7676,674.8240
1324,1200.7592,637.4782,54.0189,1044.7475,1205.8928,632.3445,1200.7592,637.4782
1325,1235.9974,755.5088,15.2033,1079.5229,1236.4780,755.0282,1235.9974,755.5088
1326,1215.2600,723.3615,-36.0790,1060.6326,1217.8922,720.7293,1215.2600,723.3615
1327,1123.0725,929.0584,71.6831,1047.1183,1146.6840,905.4469,1123.0725,929.0584
1328,1167.2075,875.5621,58.2118,1056.9700,1178.3972,864.3725,1167.2075,875.5621
1329,1201.6319,860.7202,-14.5881,1072.9064,1202.2550,860.0971,1201.6319,860.7202
1330,1135.7257,958.5381,7.3953,1058.3931,1136.0339,958.2300,1135.7257,958.5381
1331,1193.0252,580.4799,-51.7189,1037.1901,1197.3613,576.1438,1193.0252,580.4799
1332,1343.6644,557.4063,137.9975,1193.4399,1367.1812,533.8895,1343.6644,557.4063
1333,362.6621,1493.3140,-265.2005,1425.1091,1552.4276,303.5485,362.6621,1493.3140
1334,1166.2168,696.5438,99.7465,1030.9035,1186.5226,676.2381,1166.2168,696.5438
1335,890.2828,596.6604,-64.8491,793.7423,903.9675,582.9757,890.2828,596.6604
1336,480.5158,1471.6360,225.3782,1357.1476,1520.4794,431.6724,480.5158,1471.6360
1337,1187.0964,1035.0647,90.6784,1129.8243,1229.4062,992.7548,1187.0964,1035.0647
1338,1131.0259,949.4481,28.6689,1053.2268,1135.4449,945.0292,1131.0259,949.4481
1339,679.1436,2091.2583,29.7432,1848.5093,2091.8845,678.5174,679.1436,2091.2583
1340,1068.5814,687.3285,16.7846,938.4377,1069.3189,686.5910,1068.5814,687.3285
1341,1086.0431,910.6194,-46.5491,1013.0379,1097.6297,899.0328,1086.0431,910.6194
1342,1174.5966,1013.2113,89.5875,1113.6596,1214.4744,973.3335,1174.5966,1013.2113
1343,1148.4039,895.9325,39.4516,1047.5225,1154.4251,889.9114,1148.4039,895.9325
1344,1118.7257,909.1140,71.4461,1037.4487,1140.7615,887.0782,1118.7257,909.1140
1345,428.1530,1219.2506,386.4017,1263.2419,1376.6621,270.7414,428.1530,1219.2506
1346,302.0146,1573.1483,190.7001,1483.2378,1601.1414,274.0215,302.0146,1573.1483
1347,1278.2589,610.5933,-8.4505,1107.4692,1278.3659,610.4864,1278.2589,610.5933
1348,1014.6272,564.1590,-255.0756,985.1514,1129.6782,449.1080,1014.6272,564.1590
1349,1173.9081,546.0651,-392.1571,1223.3473,1362.3151,357.6582,1173.9081,546.0651
1350,1160.0175,919.7208,50.2810,1064.0579,1170.1143,909.6239,1160.0175,919.7208
1351,1184.0958,866.9772,61.2930,1066.9671,1195.5303,855.5427,1184.0958,866.9772
1352,1128.1269,1132.8031,68.6591,1136.7101,1199.1639,1061.7661,1128.1269,1132.8031
1353,1464.5539,1006.6913,343.4783,1427.5587,1648.4021,822.8431,1464.5539,1006.6913
1354,1275.6705,761.3245,-59.9669,1116.4852,1282.5695,754.4255,1275.6705,761.3245
1355,1186.2040,723.8667,-103.6867,1051.0290,1208.3925,701.6781,1186.2040,723.8667
1356,1138.7210,819.2338,-173.4749,1060.7693,1214.7985,743.1564,1138.7210,819.2338
1357,1108.8740,879.1368,-58.4694,1018.7674,1122.8986,865.1122,1108.8740,879.1368
1358,1123.7745,899.4594,-35.3080,1031.9141,1129.2008,894.0331,1123.7745,899.4594
1359,1201.7482,851.8147,-129.5250,1093.8238,1244.4741,809.0888,1201.7482,851.8147
1360,1223.4211,974.9500,90.4658,1130.9574,1252.8688,945.5023,1223.4211,974.9500
1361,1173.9363,1051.5466,74.9409,1125.2895,1209.4935,1015.9894,1173.9363,1051.5466
1362,1193.8490,799.7456,104.0814,1068.9208,1219.6477,773.9468,1193.8490,799.7456
1363,1227.0516,836.8869,94.8036,1098.2236,1248.8675,815.0710,1227.0516,836.8869
1364,432.4660,1776.9851,123.2243,1619.1881,1788.1852,421.2658,432.4660,1776.9851
1365,1272.4853,732.0363,10.1877,1106.3010,1272.6773,731.8444,1272.4853,732.0363
1366,1258.1559,683.3001,7.3021,1091.0166,1258.2486,683.2074,1258.1559,683.3001
1367,372.4740,1943.8046,44.4884,1788.5844,1945.0631,371.2155,372.4740,1943.8046
1368,1205.3023,992.5834,-81.8118,1123.2506,1233.1274,964.7582,1205.3023,992.5834
1369,1196.5769,1050.9052,-112.5188,1147.4714,1257.7766,989.7055,1196.5769,1050.9052
1370,1100.3615,797.5698,160.8099,1023.1703,1169.8288,728.1025,1100.3615,797.5698
1371,1120.0282,1004.6511,17.1629,1067.4424,1122.5272,1002.1522,1120.0282,1004.6511
1372,1006.8935,946.5986,-111.6411,997.0711,1092.3861,861.1061,1006.8935,946.5986
1373,876.2396,2010.8356,26.2689,1746.8119,2011.4434,875.6318,876.2396,2010.8356
1374,1093.5589,577.9554,-35.1638,949.5181,1095.9460,575.5683,1093.5589,577.9554
1375,698.0454,2675.6511,18.9554,2404.1065,2675.8328,697.8638,698.0454,2675.6511
1376,1185.4378,757.9013,109.3613,1056.9352,1211.7877,731.5513,1185.4378,757.9013
1377,1158.4751,854.8082,26.4722,1041.4365,1160.7656,852.5178,1158.4751,854.8082
1378,1150.1856,1069.2057,-83.8142,1121.3462,1202.7777,1016.6136,1150.1856,1069.2057
1379,1119.1983,911.1771,33.8449,1032.7134,1124.5663,905.8090,1119.1983,911.1771
1380,1270.3089,563.1221,-15.9845,1102.8230,1270.6700,562.7610,1270.3089,563.1221
1381,1098.1214,883.8628,-82.8417,1018.3730,1126.4153,855.5690,1098.1214,883.8628
1382,1089.4507,884.7091,-84.7512,1013.5652,1119.9804,854.1794,1089.4507,884.7091
1383,1155.8173,928.1265,-9.3776,1060.5902,1156.2029,927.7409,1155.8173,928.1265
1384,1164.2652,952.5634,-26.2125,1075.1351,1167.4625,949.3661,1164.2652,952.5634
1385,1127.6593,887.6667,-59.8437,1034.0821,1141.7539,873.5720,1127.6593,887.6667
1386,1157.9683,900.3388,5.2239,1053.0995,1158.0742,900.2329,1157.9683,900.3388
1387,1150.0253,1004.4310,-26.1339,1085.5265,1154.5741,999.8822,1150.0253,1004.4310
1388,1178.7289,1020.9988,-79.2867,1116.7895,1211.6944,988.0333,1178.7289,1020.9988
1389,1737.5112,605.0766,163.5459,1553.6979,1760.6573,581.9304,1737.5112,605.0766
1390,1189.4598,687.2709,-191.2523,1086.0051,1254.0010,622.7297,1189.4598,687.2709
1391,1128.1857,861.3176,57.7000,1026.1251,1140.1268,849.3765,1128.1857,861.3176
1392,1298.2387,694.2729,-10.4165,1125.3587,1298.4183,694.0933,1298.2387,694.2729
1393,1341.7814,701.4209,93.8755,1173.7346,1355.2597,687.9426,1341.7814,701.4209
1394,1244.1449,626.8001,112.8851,1095.0680,1264.1390,606.8059,1244.1449,626.8001
1395,1266.6676,746.5238,59.0916,1107.5299,1273.2963,739.8951,1266.6676,746.5238
1396,1317.5384,747.7346,10.4199,1144.6271,1317.7289,747.5441,1317.5384,747.7346
1397,1133.3057,721.7438,-208.2578,1057.0967,1220.2996,634.7499,1133.3057,721.7438
1398,1127.8342,658.5709,-195.8781,1038.3022,1198.8498,587.5553,1127.8342,658.5709
1399,1165.6579,920.2201,62.9055,1069.9406,1180.8413,905.0367,1165.6579,920.2201
1400,1145.8126,872.5719,60.4907,1041.8453,1158.6052,859.7792,1145.8126,872.5719
1401,1172.1324,658.0656,43.5349,1020.4365,1175.7932,654.4048,1172.1324,658.0656
1402,1107.8898,858.9735,-96.2815,1020.4987,1140.7846,826.0787,1107.8898,858.9735
1403,1138.8020,890.7706,-271.1431,1138.6337,1312.9448,716.6278,1138.8020,890.7706
1404,1217.4333,370.0649,523.8503,1411.3185,1467.4904,120.0077,1217.4333,370.0649
1405,1207.2307,840.3418,-11.2043,1072.1336,1207.5725,840.0000,1207.2307,840.3418
1406,1171.5529,877.0489,-1.4990,1055.5797,1171.5605,877.0413,1171.5529,877.0489
1407,1242.0479,793.2673,11.5274,1089.5314,1242.3438,792.9714,1242.0479,793.2673
1408,1101.7429,872.1921,-125.2839,1029.9093,1156.8776,817.0574,1101.7429,872.1921
1409,971.0892,-149.6561,-1200.2817,2330.8301,1735.3650,-913.9319,971.0892,-149.6561
1410,1089.4900,818.3916,-118.8922,1003.7579,1134.2432,773.6384,1089.4900,818.3916
1411,1232.3778,537.4998,-211.5661,1131.1671,1291.7239,478.1537,1232.3778,537.4998
1412,1428.9046,575.9661,-122.6017,1263.1699,1446.1776,558.6930,1428.9046,575.9661
1413,1011.4360,1143.8456,-283.0454,1189.4549,1368.3258,786.9558,1011.4360,1143.8456
1414,1334.8986,605.7920,-88.4784,1167.7982,1345.4820,595.2087,1334.8986,605.7920
1415,1320.1790,640.1355,-52.6228,1147.1095,1324.2270,636.0876,1320.1790,640.1355
1416,1354.0169,758.4809,248.0492,1251.4968,1443.7978,668.7000,1354.0169,758.4809
1417,1099.1801,526.4028,-90.2736,964.9524,1113.0709,512.5119,1099.1801,526.4028
1418,1190.4258,904.3988,-4.9264,1076.3382,1190.5106,904.3140,1190.4258,904.3988
1419,1162.5056,894.5072,-23.0652,1055.1250,1164.4762,892.5366,1162.5056,894.5072
1420,1191.8284,910.5817,-161.5392,1114.7383,1265.3775,837.0326,1191.8284,910.5817
1421,1123.4245,807.1241,-96.9677,1017.3480,1150.7849,779.7636,1123.4245,807.1241
1422,413.5365,1635.5404,-509.7030,1717.2771,1820.2271,228.8497,413.5365,1635.5404
1423,1164.3317,875.0573,28.3519,1051.1651,1167.0843,872.3047,1164.3317,875.0573
1424,1455.8880,756.1272,469.3277,1500.4357,1691.4004,520.6147,1455.8880,756.1272
1425,1201.7511,414.2305,126.3793,1079.7712,1221.5351,394.4465,1201.7511,414.2305
1426,1200.7630,791.0860,45.4255,1060.1568,1205.7394,786.1096,1200.7630,791.0860
1427,1126.2196,690.9344,47.8318,987.1579,1131.4137,685.7403,1126.2196,690.9344
1428,1293.6066,616.4104,147.8262,1149.5847,1324.4692,585.5478,1293.6066,616.4104
1429,530.7281,1977.0738,6.3938,1772.3790,1977.1021,530.6998,530.7281,1977.0738
1430,1272.9713,586.6172,85.6184,1113.4722,1283.4905,576.0981,1272.9713,586.6172
1431,1427.9620,599.5697,49.8411,1244.9293,1430.9499,596.5818,1427.9620,599.5697
1432,1148.3882,839.4538,-58.8738,1034.3393,1159.2276,828.6145,1148.3882,839.4538
1433,1184.3231,746.6497,112.6739,1055.4234,1211.6264,719.3464,1184.3231,746.6497
1434,1130.3582,803.5028,101.5506,1022.7502,1159.3392,774.5218,1130.3582,803.5028
1435,1025.7907,611.0041,232.8940,980.5759,1130.2492,506.5455,1025.7907,611.0041
1436,1231.0535,858.1241,-18.0929,1093.8259,1231.9292,857.2484,1231.0535,858.1241
1437,424.8556,1804.0518,96.5539,1642.1363,1810.7785,418.1289,424.8556,1804.0518
1438,412.8390,1796.5363,138.4691,1647.3674,1810.2571,399.1182,412.8390,1796.5363
1439,1125.2720,577.2960,188.2243,1027.7052,1183.6961,518.8719,1125.2720,577.2960
1440,1204.1573,604.2177,127.5742,1065.9860,1230.1584,578.2165,1204.1573,604.2177
1441,704.3263,2218.8141,-45.0268,1965.3307,2220.1516,702.9888,704.3263,2218.8141
1442,1183.8223,889.3017,-0.5441,1067.4823,1183.8233,889.3007,1183.8223,889.3017
1443,1061.6170,830.6167,-93.4387,980.4847,1094.6802,797.5535,1061.6170,830.6167
1444,1139.0246,751.2289,-194.3621,1058.0093,1219.6682,670.5853,1139.0246,751.2289
1445,1144.0340,839.9358,-223.3030,1096.8060,1262.1388,721.8309,1144.0340,839.9358
1446,1105.4709,853.9924,-160.5498,1041.4576,1183.6596,775.8037,1105.4709,853.9924
1447,1161.0301,851.4445,-281.4452,1149.7957,1327.4416,685.0330,1161.0301,851.4445
1448,1142.3010,812.8673,-192.8951,1071.7701,1231.2378,723.9306,1142.3010,812.8673
1449,1367.2642,1072.4568,114.0957,1261.8624,1406.2624,1033.4586,1367.2642,1072.4568
1450,1287.9276,887.0264,17.2609,1141.9463,1288.6694,886.2846,1287.9276,887.0264
1451,464.4216,1493.6763,-244.8042,1390.2690,1548.9352,409.1627,464.4216,1493.6763
1452,1180.4976,722.2905,-54.5769,1035.1579,1186.9086,715.8795,1180.4976,722.2905
1453,1296.5478,621.4121,-105.7986,1138.0152,1312.7389,605.2210,1296.5478,621.4121
1454,1198.8370,645.4568,-27.9985,1040.3744,1200.2500,644.0438,1198.8370,645.4568
1455,1182.9968,600.1623,-69.4471,1031.5788,1191.1574,592.0017,1182.9968,600.1623
1456,1142.3832,861.5243,73.6300,1038.9113,1160.5154,843.3921,1142.3832,861.5243
1457,1391.1387,794.2987,153.0956,1237.5429,1428.1181,757.3193,1391.1387,794.2987
1458,1128.0958,938.4002,24.5033,1047.0869,1131.2098,935.2862,1128.0958,938.4002
1459,1172.3070,707.2072,-89.2433,1034.0574,1188.8430,690.6711,1172.3070,707.2072
1460,1146.6647,820.2628,-91.6770,1035.5282,1170.6515,796.2761,1146.6647,820.2628
1461,543.0973,1906.3107,22.4303,1701.5206,1906.6796,542.7283,543.0973,1906.3107
1462,1140.2095,860.2469,31.7498,1030.6624,1143.7650,856.6913,1140.2095,860.2469
1463,1181.4466,869.5655,6.6856,1060.5419,1181.5898,869.4222,1181.4466,869.5655
1464,1243.9575,902.7728,120.5566,1132.7046,1282.2566,864.4737,1243.9575,902.7728
1465,1208.1999,870.3439,-114.9000,1097.8625,1243.5723,834.9715,1208.1999,870.3439
1466,1165.1377,841.0212,-83.8930,1051.6991,1185.5648,820.5940,1165.1377,841.0212
1467,1192.5896,626.2136,-95.8174,1046.4896,1208.3605,610.4427,1192.5896,626.2136
1468,1122.8457,875.7776,-30.6961,1023.3438,1126.6024,872.0210,1122.8457,875.7776
1469,1311.1617,663.1526,81.6594,1144.2993,1321.2937,653.0207,1311.1617,663.1526
1470,1105.3295,769.2635,-66.0982,988.0976,1117.8624,756.7306,1105.3295,769.2635
1471,612.7017,2017.9763,42.1655,1793.4738,2019.2404,611.4377,612.7017,2017.9763
1472,1163.4488,884.7500,40.3757,1054.4785,1169.1802,879.0185,1163.4488,884.7500
1473,1159.5141,902.3346,40.4875,1057.0377,1165.7375,896.1113,1159.5141,902.3346
1474,1031.4406,1065.9856,-89.2568,1060.4690,1139.6258,957.8004,1031.4406,1065.9856
1475,1142.3997,852.0687,-44.7830,1031.3640,1149.1505,845.3180,1142.3997,852.0687
1476,1139.2836,925.8660,-4.4582,1049.0141,1139.3767,925.7729,1139.2836,925.8660
1477,1723.6037,854.7213,58.2957,1496.1125,1727.4975,850.8275,1723.6037,854.7213
1478,1104.9943,822.3230,-246.0165,1081.7290,1247.3837,679.9336,1104.9943,822.3230
1479,1151.7668,846.5085,39.4176,1035.7723,1156.7746,841.5007,1151.7668,846.5085
1480,1113.4419,914.4618,21.0814,1029.1387,1115.6509,912.2528,1113.4419,914.4618
1481,417.6659,1453.2752,-276.6150,1381.6720,1522.5289,348.4122,417.6659,1453.2752
1482,362.3077,1442.0905,-230.9190,1359.5522,1489.4012,314.9970,362.3077,1442.0905
1483,1142.4713,1027.0433,98.9277,1102.7471,1199.2894,970.2252,1142.4713,1027.0433
1484,1150.3239,987.2789,43.5060,1080.7185,1161.2064,976.3964,1150.3239,987.2789
1485,1602.1273,625.4721,167.8956,1428.4636,1630.1840,597.4153,1602.1273,625.4721
1486,1767.6511,686.4007,49.7430,1545.9115,1769.9347,684.1171,1767.6511,686.4007
1487,469.8431,1500.1526,-241.0265,1393.0741,1553.7493,416.2464,469.8431,1500.1526
1488,1165.7221,870.2286,58.3387,1054.5005,1176.8228,859.1279,1165.7221,870.2286
1489,1192.3933,413.3037,-13.8525,1048.9885,1192.6395,413.0574,1192.3933,413.3037
1490,1229.6450,766.0353,8.4988,1075.6868,1229.8008,765.8796,1229.6450,766.0353
1491,1182.7252,841.7701,-120.9078,1075.0299,1221.2484,803.2470,1182.7252,841.7701
1492,1359.9631,632.4769,-45.7313,1181.3786,1362.8266,629.6134,1359.9631,632.4769
1493,1140.8086,942.0131,-12.9231,1055.7828,1141.6452,941.1765,1140.8086,942.0131
1494,1113.6868,912.0958,-61.7425,1033.3752,1131.0939,894.6886,1113.6868,912.0958
1495,1166.0492,907.8719,50.5983,1064.4056,1175.6114,898.3096,1166.0492,907.8719
1496,1448.4468,803.3813,15.9505,1257.1904,1448.8409,802.9871,1448.4468,803.3813
1497,1270.9909,761.6156,-20.2457,1108.4671,1271.7943,760.8122,1270.9909,761.6156
1498,834.7994,428.5436,80.8644,736.4842,850.3036,413.0394,834.7994,428.5436
1499,892.3479,502.5193,60.3880,781.8750,901.4883,493.3790,892.3479,502.5193
1500,1213.9118,767.7270,-16.4353,1063.8816,1214.5164,767.1224,1213.9118,767.7270
1501,998.9823,740.4289,20.8818,898.7955,1000.6579,738.7532,998.9823,740.4289
1502,1131.2179,633.4517,-19.7321,982.6043,1131.9989,632.6708,1131.2179,633.4517
1503,1211.0131,407.9236,26.0370,1068.1701,1211.8563,407.0803,1211.0131,407.9236
1504,702.3631,1198.2161,156.7787,1077.5861,1243.6275,656.9517,702.3631,1198.2161
1505,1246.8556,815.0709,-144.2381,1124.7789,1290.6056,771.3209,1246.8556,815.0709
1506,431.1907,1486.7426,-220.1801,1378.6577,1530.8291,387.1041,431.1907,1486.7426
1507,1152.8788,739.1509,-31.7310,1013.0858,1155.2983,736.7314,1152.8788,739.1509
1508,1150.3168,719.3113,-75.9535,1015.1396,1163.3099,706.3181,1150.3168,719.3113
1509,1105.0983,847.5944,-33.1352,1003.1337,1109.2938,843.3990,1105.0983,847.5944
1510,914.9321,1958.9246,37.0239,1698.9160,1960.2360,913.6208,914.9321,1958.9246
1511,1350.1024,604.7904,102.6197,1184.7411,1363.9736,590.9192,1350.1024,604.7904
1512,1120.0994,852.5912,28.7193,1014.4072,1123.1479,849.5426,1120.0994,852.5912
1513,1149.0311,868.3673,53.5135,1041.7026,1158.8882,858.5102,1149.0311,868.3673
1514,1122.9124,814.6200,-169.1464,1046.7200,1197.6146,739.9178,1122.9124,814.6200
1515,1241.9295,826.0037,-230.1537,1165.2231,1344.1589,723.7743,1241.9295,826.0037
1516,839.2080,873.3040,-263.5776,970.8067,1120.3843,592.1277,839.2080,873.3040
1517,620.8894,1922.6665,436.7508,1860.2797,2055.6192,487.9367,620.8894,1922.6665
1518,1285.4735,443.6591,58.7859,1135.4871,1289.5588,439.5737,1285.4735,443.6591
1519,1164.5867,599.9755,-128.4879,1032.9747,1192.4514,572.1109,1164.5867,599.9755
1520,1103.3575,569.2224,-36.8474,957.8253,1105.8875,566.6925,1103.3575,569.2224
1521,1233.5357,566.4775,39.4886,1071.6412,1235.8652,564.1480,1233.5357,566.4775
1522,927.9397,509.5496,205.3773,880.0120,1011.9040,425.5853,927.9397,509.5496
1523,1158.6568,651.9351,-9.1168,1006.1736,1158.8208,651.7711,1158.6568,651.9351
1524,1144.7987,766.3010,-231.7631,1087.0434,1254.7643,656.3355,1144.7987,766.3010
1525,1129.0331,518.6523,-137.6067,1007.4458,1158.6214,489.0639,1129.0331,518.6523
1526,1096.6796,715.9037,-223.9751,1039.5200,1200.2516,612.3318,1096.6796,715.9037
1527,1469.4056,699.5215,-475.8868,1516.5775,1696.5491,472.3781,1469.4056,699.5215
1528,493.4286,1906.1777,105.5411,1723.3222,1914.0188,485.5875,493.4286,1906.1777
1529,1126.3406,887.2811,-37.0667,1029.8796,1131.9560,881.6658,1126.3406,887.2811
1530,1151.7207,827.4301,-105.3910,1044.7271,1182.9620,796.1888,1151.7207,827.4301
1531,1185.4960,642.5444,-256.6788,1119.9028,1287.6284,540.4119,1185.4960,642.5444
1532,503.0174,1413.3293,450.4703,1465.7311,1598.5564,317.7903,503.0174,1413.3293
1533,2057.7789,628.9931,-440.6244,1979.4462,2182.7352,504.0368,2057.7789,628.9931
1534,1139.3738,547.1766,-21.7744,987.7037,1140.1733,546.3770,1139.3738,547.1766
1535,1151.2196,928.5561,2.0044,1057.6214,1151.2377,928.5381,1151.2196,928.5561
1536,1123.7560,917.1089,56.3168,1040.5885,1138.1071,902.7577,1123.7560,917.1089
1537,847.6440,910.9974,256.5298,986.7308,1137.7988,620.8426,847.6440,910.9974
1538,1233.4428,661.0930,-78.8401,1077.7996,1244.1043,650.4315,1233.4428,661.0930
1539,1352.2554,640.0706,-56.0467,1175.6571,1356.6391,635.6869,1352.2554,640.0706
1540,1121.0720,935.4144,64.7463,1046.7626,1141.4213,915.0651,1121.0720,935.4144
1541,1133.1580,932.7135,71.5294,1054.7223,1156.0656,909.8059,1133.1580,932.7135
1542,1058.5822,610.7187,-104.6935,938.0618,1081.8471,587.4538,1058.5822,610.7187
1543,1281.1248,606.2763,191.2607,1158.3946,1331.5611,555.8400,1281.1248,606.2763
1544,1065.7641,624.2934,-84.0144,938.8403,1081.2120,608.8455,1065.7641,624.2934
1545,1075.0680,650.5080,12.8271,938.1286,1075.4552,650.1208,1075.0680,650.5080
1546,1300.7132,908.2147,-166.7172,1191.1195,1361.9681,846.9598,1300.7132,908.2147
1547,1257.8945,612.9268,-100.2465,1103.2356,1273.1164,597.7049,1257.8945,612.9268
1548,1161.8490,154.7374,-67.7819,1099.0171,1166.3905,150.1960,1161.8490,154.7374
1549,1327.2599,654.3427,-303.9017,1264.2662,1444.1893,537.4134,1327.2599,654.3427
1550,1204.6726,1087.1243,-149.2237,1179.0884,1306.2795,985.5173,1204.6726,1087.1243
1551,1136.1870,594.5882,-150.3900,1018.2063,1175.1447,555.6305,1136.1870,594.5882
1552,1176.1761,595.9983,-116.6298,1038.4665,1198.7436,573.4307,1176.1761,595.9983
1553,1418.8501,488.3526,160.7084,1279.1428,1445.8244,461.3782,1418.8501,488.3526
1554,1116.1345,835.3269,7.4239,1005.6617,1116.3306,835.1307,1116.1345,835.3269
1555,1154.2173,533.1904,-55.7622,1005.1966,1159.1844,528.2232,1154.2173,533.1904
1556,1033.5056,339.7236,32.7428,914.1422,1035.0474,338.1818,1033.5056,339.7236
1557,1677.7101,714.3846,-136.8018,1477.3864,1696.7606,695.3341,1677.7101,714.3846
1558,1207.0523,510.6452,219.0317,1115.9224,1270.2130,447.4845,1207.0523,510.6452
1559,1454.3324,627.8430,-30.2582,1264.4856,1455.4387,626.7367,1454.3324,627.8430
1560,1173.5067,1313.5491,-220.6843,1306.5891,1475.0544,1012.0014,1173.5067,1313.5491
1561,1242.1429,497.3858,-153.2975,1114.8936,1272.4626,467.0660,1242.1429,497.3858
1562,1482.4055,721.8282,58.7297,1287.9703,1486.9138,717.3200,1482.4055,721.8282
