face,S11,S22,S12,von_mises,principal_1,principal_2,T_wale_Nm,T_course_Nm
0,568.6651,3195.7370,124.6771,2960.6492,3201.6407,562.7614,568.6651,3195.7370
1,240.5755,4217.1659,-53.2366,4103.2085,4217.8785,239.8629,240.5755,4217.1659
2,1221.5907,3111.5673,-288.5318,2760.9464,3154.6344,1178.5236,1221.5907,3111.5673
3,56.0559,3340.9638,-440.4331,3399.9771,3398.9910,-1.9713,56.0559,3340.9638
4,-393.1315,2711.5389,419.7388,3016.8740,2767.2849,-448.8775,-393.1315,2711.5389
5,-434.7713,2350.2626,653.7700,2831.4013,2496.0950,-580.6037,-434.7713,2350.2626
6,-360.1939,2933.5879,419.5118,3212.5237,2986.1792,-412.7852,-360.1939,2933.5879
7,-83.7692,2353.7598,344.4200,2469.8686,2401.4913,-131.5007,-83.7692,2353.7598
8,285.0857,2442.3842,-264.8379,2358.1016,2474.4209,253.0490,285.0857,2442.3842
9,65.2799,2505.4096,-325.6812,2536.9255,2548.1300,22.5595,65.2799,2505.4096
10,250.1877,2607.0105,-30.0422,2491.8995,2607.3934,249.8048,250.1877,2607.0105
11,351.1141,2964.8361,102.3423,2811.3983,2968.8373,347.1130,351.1141,2964.8361
12,179.4067,1610.6204,28.7573,1529.6436,1611.1980,178.8292,179.4067,1610.6204
13,-238.5417,2692.2082,-51.8310,2820.4876,2693.1245,-239.4580,-238.5417,2692.2082
14,-753.7386,2660.1773,244.2681,3135.0828,2677.5663,-771.1276,-753.7386,2660.1773
15,-881.7097,3346.3679,-27.4070,3863.7247,3346.5456,-881.8873,-881.7097,3346.3679
16,-213.0509,3367.0597,-113.1797,3484.0014,3370.6341,-216.6253,-213.0509,3367.0597
17,-739.0972,2105.8596,1233.3761,3331.8155,2566.1084,-1199.3460,-739.0972,2105.8596
18,-875.6726,3135.6787,-308.5523,3691.9812,3159.2737,-899.2676,-875.6726,3135.6787
19,-379.2200,3010.1317,-207.8232,3236.6301,3022.8272,-391.9154,-379.2200,3010.1317
20,-269.6650,3229.9804,-126.2254,3379.9858,3234.5272,-274.2118,-269.6650,3229.9804
21,-664.4092,2842.2198,581.6888,3379.8129,2936.1935,-758.3829,-664.4092,2842.2198
22,-568.7959,3140.1882,-171.2134,3472.5176,3148.0749,-576.6826,-568.7959,3140.1882
23,-883.4213,2787.9201,342.9036,3371.7337,2819.6727,-915.1739,-883.4213,2787.9201
24,190.1521,3230.7872,27.4625,3140.3925,3231.0352,189.9041,190.1521,3230.7872
25,-550.8367,3334.1031,-59.1236,3642.3479,3335.0027,-551.7363,-550.8367,3334.1031
26,-534.7578,3352.2171,52.3680,3650.2297,3352.9225,-535.4632,-534.7578,3352.2171
27,-391.2509,3055.3914,222.4426,3291.2551,3069.6883,-405.5478,-391.2509,3055.3914
28,-859.4583,3233.7198,-256.3388,3764.5701,3249.7107,-875.4492,-859.4583,3233.7198
29,-555.1792,3180.4902,203.8938,3509.1597,3191.5858,-566.2748,-555.1792,3180.4902
30,-99.8588,2541.7296,-242.8816,2627.0040,2563.8758,-122.0050,-99.8588,2541.7296
31,96.3296,1585.8012,-30.5151,1540.8046,1586.4261,95.7047,96.3296,1585.8012
32,568.8736,2905.2996,-6.0699,2666.7856,2905.3154,568.8579,568.8736,2905.2996
33,-635.4262,2783.2435,-290.3517,3189.3054,2807.7280,-659.9108,-635.4262,2783.2435
34,467.1238,2870.7836,-173.8649,2685.0100,2883.2947,454.6127,467.1238,2870.7836
35,-789.3529,2301.3237,-498.6770,2912.3464,2379.7924,-867.8216,-789.3529,2301.3237
36,312.6475,3223.7267,95.1077,3083.7329,3226.8306,309.5436,312.6475,3223.7267
37,-2.1707,1700.5321,354.8713,1809.2282,1771.5325,-73.1711,-2.1707,1700.5321
38,217.4480,2563.6955,278.0307,2508.8346,2596.1921,184.9514,217.4480,2563.6955
39,-99.2080,2768.8078,448.1259,2924.5986,2837.1965,-167.5967,-99.2080,2768.8078
40,-731.5332,2886.2113,516.4413,3431.7416,2958.4904,-803.8123,-731.5332,2886.2113
41,-477.3444,2477.8343,-268.2255,2786.7787,2501.9823,-501.4924,-477.3444,2477.8343
42,1321.6095,3896.0942,-496.3362,3537.8151,3988.4686,1229.2351,1321.6095,3896.0942
43,430.7610,2913.5864,332.5428,2784.1041,2957.3547,386.9927,430.7610,2913.5864
44,494.7722,3350.5075,3.2693,3132.5698,3350.5112,494.7685,494.7722,3350.5075
45,-818.9742,2882.1791,-456.3375,3458.7335,2937.6135,-874.4085,-818.9742,2882.1791
46,161.5342,3094.0371,-5.5904,3016.5311,3094.0478,161.5235,161.5342,3094.0371
47,68.7164,3931.9782,12.1752,3898.1313,3932.0166,68.6780,68.7164,3931.9782
48,1796.2014,3356.6815,489.7962,3030.5239,3497.6769,1655.2060,1796.2014,3356.6815
49,410.6360,3350.2685,124.4709,3172.3271,3355.5295,405.3750,410.6360,3350.2685
50,497.0214,3309.8871,58.0216,3093.1210,3311.0834,495.8251,497.0214,3309.8871
51,-85.9286,2001.8151,585.3667,2283.5549,2154.7401,-238.8536,-85.9286,2001.8151
52,-491.3737,3019.5793,-701.0199,3509.6062,3154.3743,-626.1688,-491.3737,3019.5793
53,-215.3714,3360.1302,-110.6000,3478.1077,3363.5481,-218.7893,-215.3714,3360.1302
54,-342.8765,3153.0091,170.7081,3350.7533,3161.3252,-351.1926,-342.8765,3153.0091
55,-592.2869,2997.3242,-187.6050,3348.9728,3007.1024,-602.0652,-592.2869,2997.3242
56,104.3234,2665.0513,310.0561,2669.0371,2702.0585,67.3162,104.3234,2665.0513
57,96.8268,2674.1940,397.0431,2715.6371,2733.9720,37.0488,96.8268,2674.1940
58,-310.3573,3229.0034,-26.6874,3395.1533,3229.2046,-310.5585,-310.3573,3229.0034
59,518.9313,2736.1926,77.2032,2520.7191,2738.8775,516.2464,518.9313,2736.1926
60,-224.0986,3034.6186,465.5263,3254.1248,3099.8172,-289.2972,-224.0986,3034.6186
61,90.7087,249.1286,-738.8157,1298.1683,912.9684,-573.1310,90.7087,249.1286
62,42.6512,3659.0867,-14.0991,3638.0305,3659.1416,42.5962,42.6512,3659.0867
63,-100.0628,3133.0105,-127.9095,3191.9192,3138.0631,-105.1154,-100.0628,3133.0105
64,-15.1573,2469.0446,-187.6786,2497.9000,2483.1435,-29.2562,-15.1573,2469.0446
65,148.7292,2457.8580,4.2671,2386.9826,2457.8659,148.7213,148.7292,2457.8580
66,507.3743,2664.5339,-292.5642,2502.4059,2703.5087,468.3995,507.3743,2664.5339
67,310.3330,3315.8726,51.7551,3173.3781,3316.7635,309.4420,310.3330,3315.8726
68,304.2256,3295.2801,100.4414,3158.9842,3298.6492,300.8565,304.2256,3295.2801
69,-68.9524,3293.1536,55.0289,3329.5301,3294.0541,-69.8529,-68.9524,3293.1536
70,-582.4672,2879.7189,-370.4171,3274.2965,2918.9060,-621.6544,-582.4672,2879.7189
71,477.2307,3377.1150,-60.3848,3167.3224,3378.3719,475.9738,477.2307,3377.1150
72,-525.4998,3064.6723,-297.0834,3397.5913,3089.0896,-549.9171,-525.4998,3064.6723
73,451.4315,3504.5183,100.3754,3306.6017,3507.8147,448.1350,451.4315,3504.5183
74,392.5319,3340.7031,-3.9043,3162.7665,3340.7083,392.5267,392.5319,3340.7031
75,-385.2299,3169.3928,32.1825,3378.9799,3169.6842,-385.5213,-385.2299,3169.3928
76,402.4940,2869.0855,10.4437,2690.5744,2869.1297,402.4498,402.4940,2869.0855
77,602.4377,3236.1997,296.1217,3024.7934,3269.0830,569.5544,602.4377,3236.1997
78,575.3171,3167.4247,35.5943,2923.1996,3167.9133,574.8284,575.3171,3167.4247
79,646.5601,3296.6909,40.8931,3026.5027,3297.3217,645.9293,646.5601,3296.6909
80,-945.1680,2415.4129,466.3528,3108.5347,2478.9289,-1008.6840,-945.1680,2415.4129
81,-1497.0813,2842.9749,-876.4548,4109.0683,3013.2876,-1667.3940,-1497.0813,2842.9749
82,21.0796,1743.9083,383.5628,1856.4108,1825.4442,-60.4563,21.0796,1743.9083
83,-419.7512,2754.3656,-593.8118,3158.5925,2861.8180,-527.2036,-419.7512,2754.3656
84,-43.5508,3171.9992,-75.4437,3196.6693,3173.7683,-45.3199,-43.5508,3171.9992
85,-585.8398,3249.5190,-1.6178,3578.5874,3249.5197,-585.8405,-585.8398,3249.5190
86,-919.0650,2730.0434,335.3930,3338.3185,2760.6136,-949.6352,-919.0650,2730.0434
87,-489.3192,2504.1314,670.2109,3013.7974,2647.3357,-632.5236,-489.3192,2504.1314
88,-263.3667,3203.8592,-118.2146,3349.5955,3207.8851,-267.3926,-263.3667,3203.8592
89,558.8975,3738.6787,159.1788,3503.7922,3746.6272,550.9490,558.8975,3738.6787
90,499.1611,3305.7656,97.2037,3091.1946,3309.1281,495.7986,499.1611,3305.7656
91,128.2175,2990.1970,307.5295,2976.2468,3022.8691,95.5454,128.2175,2990.1970
92,606.9561,3288.4600,133.2035,3039.6782,3295.0606,600.3555,606.9561,3288.4600
93,531.3243,2947.7670,-147.5095,2733.2567,2956.7382,522.3531,531.3243,2947.7670
94,310.0672,4072.5291,-385.0050,3982.9090,4111.5218,271.0745,310.0672,4072.5291
95,160.9393,3374.5551,-35.9410,3297.6204,3374.9570,160.5373,160.9393,3374.5551
96,259.2112,3212.6550,109.7567,3097.0512,3216.7282,255.1380,259.2112,3212.6550
97,1232.4584,3859.6532,942.2808,3784.5335,4162.6668,929.4447,1232.4584,3859.6532
98,319.6182,2498.7823,236.1479,2390.5459,2524.0791,294.3214,319.6182,2498.7823
99,-582.3813,3019.0063,259.4373,3378.4173,3037.5997,-600.9747,-582.3813,3019.0063
100,119.1509,2400.7098,-44.1481,2344.6546,2401.5638,118.2970,119.1509,2400.7098
101,-202.2239,2502.7561,-293.6727,2658.8589,2534.2722,-233.7400,-202.2239,2502.7561
102,206.2958,2520.6291,-265.5102,2467.3105,2550.6989,176.2261,206.2958,2520.6291
103,-154.7070,1931.7322,-537.5138,2218.3641,2062.0662,-285.0410,-154.7070,1931.7322
104,-177.6197,2881.9690,457.6473,3078.5568,2948.9564,-244.6071,-177.6197,2881.9690
105,156.8669,2632.5113,225.1804,2587.2549,2652.8266,136.5515,156.8669,2632.5113
106,-287.6838,3265.4932,-26.0286,3418.7234,3265.6838,-287.8745,-287.6838,3265.4932
107,-675.3594,3110.6573,217.8050,3517.8726,3123.1462,-687.8483,-675.3594,3110.6573
108,-157.5270,2704.9496,466.6596,2901.8930,2779.1063,-231.6837,-157.5270,2704.9496
109,-284.4340,3357.2288,9.7248,3508.1451,3357.2548,-284.4600,-284.4340,3357.2288
110,-128.8109,2910.2252,-168.8017,2991.0456,2919.5725,-138.1582,-128.8109,2910.2252
111,-10.0094,1875.9334,538.5855,2099.5776,2018.9036,-152.9797,-10.0094,1875.9334
112,-595.3565,2742.7211,618.3108,3264.4739,2853.5695,-706.2050,-595.3565,2742.7211
113,342.3588,3319.3565,122.0515,3169.1664,3324.3520,337.3633,342.3588,3319.3565
114,598.3926,3244.2676,42.1821,2991.2102,3244.9399,597.7203,598.3926,3244.2676
115,-537.9937,2595.3704,639.5343,3106.2341,2720.8753,-663.4986,-537.9937,2595.3704
116,-265.1409,3092.5756,-267.0006,3266.2149,3113.6745,-286.2399,-265.1409,3092.5756
117,-246.2238,2493.2234,-340.0025,2690.2574,2534.7916,-287.7919,-246.2238,2493.2234
118,83.1159,2755.5461,-253.6372,2750.2561,2779.4055,59.2565,83.1159,2755.5461
119,264.9163,3166.4641,140.8227,3052.4286,3173.2827,258.0977,264.9163,3166.4641
120,611.8898,3316.7391,35.5251,3057.6910,3317.2056,611.4233,611.8898,3316.7391
121,-220.1646,3401.9746,-386.0883,3580.2362,3442.6710,-260.8610,-220.1646,3401.9746
122,508.1837,2681.9321,-69.5178,2470.3430,2684.1531,505.9627,508.1837,2681.9321
123,183.0921,3256.5779,3.8953,3169.0084,3256.5828,183.0871,183.0921,3256.5779
124,-45.5423,3236.4626,-55.8296,3260.9064,3237.4120,-46.4917,-45.5423,3236.4626
125,-27.7339,3306.7216,-65.6352,3322.6208,3308.0130,-29.0254,-27.7339,3306.7216
126,-300.4982,3128.1361,-102.8146,3293.5159,3131.2165,-303.5785,-300.4982,3128.1361
127,224.6315,3141.3479,109.7127,3041.2153,3145.4689,220.5105,224.6315,3141.3479
128,-123.7978,1900.4861,524.4814,2165.1077,2028.3056,-251.6173,-123.7978,1900.4861
129,401.5288,3394.7685,66.1595,3214.9203,3396.2301,400.0672,401.5288,3394.7685
130,290.3381,3614.1854,-95.5333,3482.0506,3616.9289,287.5946,290.3381,3614.1854
131,124.4738,3260.3993,-53.3204,3201.3110,3261.3056,123.5675,124.4738,3260.3993
132,-1566.6491,3260.7339,-72.7337,4267.4432,3261.8295,-1567.7447,-1566.6491,3260.7339
133,-369.0985,2683.8480,154.2566,2898.4933,2691.6223,-376.8729,-369.0985,2683.8480
134,409.9100,2533.8953,-43.1546,2357.0256,2534.7718,409.0335,409.9100,2533.8953
135,-199.3104,2498.1293,487.0212,2736.7584,2583.3672,-284.5483,-199.3104,2498.1293
136,-117.2302,2415.6431,286.5439,2525.5857,2447.6553,-149.2423,-117.2302,2415.6431
137,104.9594,1727.4276,-358.1680,1788.4534,1802.9770,29.4100,104.9594,1727.4276
138,1064.6753,1787.5189,406.7302,1709.3620,1970.2066,881.9876,1064.6753,1787.5189
139,232.0431,2814.1591,-141.5766,2716.7004,2821.8985,224.3037,232.0431,2814.1591
140,30.2474,3073.8920,360.1169,3121.8267,3115.9198,-11.7804,30.2474,3073.8920
141,469.8716,3990.5583,51.1903,3778.6434,3991.3024,469.1275,469.8716,3990.5583
142,1105.9749,1804.2255,278.5689,1647.9635,1901.7422,1008.4582,1105.9749,1804.2255
143,1267.1285,3199.8580,20.3740,2791.2936,3200.0728,1266.9138,1267.1285,3199.8580
144,182.8993,3250.3517,227.2730,3187.2732,3267.0993,166.1517,182.8993,3250.3517
145,514.5527,3216.8834,30.3275,2993.4272,3217.2237,514.2124,514.5527,3216.8834
146,1071.4657,3959.8586,874.2101,3857.2524,4203.8407,827.4836,1071.4657,3959.8586
147,268.3430,3404.8949,78.9076,3281.8161,3406.8787,266.3591,268.3430,3404.8949
148,192.4153,3301.4151,-75.4940,3212.1987,3303.2472,190.5832,192.4153,3301.4151
149,-287.6583,3367.6451,-22.5673,3520.5170,3367.7844,-287.7976,-287.6583,3367.6451
150,-604.6663,3034.9724,114.7806,3383.9841,3038.5886,-608.2825,-604.6663,3034.9724
151,-16.9637,2535.2279,142.9748,2555.7779,2543.2124,-24.9482,-16.9637,2535.2279
152,630.0543,2631.1641,-57.6879,2381.6382,2632.8258,628.3927,630.0543,2631.1641
153,571.8340,3281.2300,93.6112,3040.3017,3284.4605,568.6035,571.8340,3281.2300
154,-817.9289,2056.9021,-444.5319,2678.6339,2124.0702,-885.0971,-817.9289,2056.9021
155,74.6996,3016.7610,62.7576,2982.0952,3018.0990,73.3615,74.6996,3016.7610
156,-546.1890,3347.3245,9.7384,3651.2272,3347.3489,-546.2134,-546.1890,3347.3245
157,361.6685,2817.0590,76.4300,2658.0648,2819.4358,359.2917,361.6685,2817.0590
158,-862.8389,3233.0383,-238.0429,3762.5273,3246.8264,-876.6270,-862.8389,3233.0383
159,-44.6828,3298.1564,-35.5068,3321.2927,3298.5335,-45.0599,-44.6828,3298.1564
160,-848.0734,2604.4766,-480.8307,3225.6641,2670.1903,-913.7871,-848.0734,2604.4766
161,-423.4349,2525.1878,-455.1820,2871.7060,2593.8556,-492.1027,-423.4349,2525.1878
162,239.0341,2882.3209,180.5559,2788.1427,2894.5972,226.7578,239.0341,2882.3209
163,-64.9245,3232.2817,2.5045,3265.2309,3232.2836,-64.9264,-64.9245,3232.2817
164,-687.4497,2774.3177,544.2830,3311.3987,2857.8767,-771.0087,-687.4497,2774.3177
165,-284.9798,3025.3854,407.0370,3254.7476,3074.6994,-334.2938,-284.9798,3025.3854
166,-242.8812,2008.0035,-582.3313,2365.6087,2149.7353,-384.6129,-242.8812,2008.0035
167,429.6366,2784.7039,-159.8567,2611.4010,2795.5051,418.8354,429.6366,2784.7039
168,-436.3678,2504.3862,676.8298,2988.2263,2652.6837,-584.6653,-436.3678,2504.3862
169,429.4381,2721.7621,-115.5305,2542.3650,2727.5700,423.6302,429.4381,2721.7621
170,-74.3224,1836.0079,-485.8860,2054.5464,1952.4890,-190.8035,-74.3224,1836.0079
171,-207.1560,2207.6397,694.3961,2611.6030,2393.0790,-392.5954,-207.1560,2207.6397
172,931.4361,2978.6590,165.7701,2654.8053,2991.9951,918.1001,931.4361,2978.6590
173,749.0924,3144.8771,42.2824,2846.2170,3145.6231,748.3464,749.0924,3144.8771
174,629.9930,3358.4789,6.1675,3092.0168,3358.4929,629.9791,629.9930,3358.4789
175,-1766.7669,2402.1319,-1785.5332,4764.4618,3062.3242,-2426.9592,-1766.7669,2402.1319
176,617.5509,3279.0256,8.0130,3018.0467,3279.0497,617.5267,617.5509,3279.0256
177,660.8249,3196.6840,61.2609,2924.7716,3198.1631,659.3458,660.8249,3196.6840
178,356.2983,5529.1112,-94.4939,5362.3496,5530.8368,354.5727,356.2983,5529.1112
179,377.8896,3296.9397,60.6952,3126.9449,3298.2011,376.6282,377.8896,3296.9397
180,-153.5832,2876.3220,428.6862,3047.9315,2935.8069,-213.0680,-153.5832,2876.3220
181,301.2531,4031.0856,-171.0929,3900.4931,4038.9175,293.4213,301.2531,4031.0856
182,618.7291,587.9528,-294.5584,790.5850,898.3011,308.3809,618.7291,587.9528
183,112.8911,3130.3072,251.6545,3106.1509,3151.1513,92.0469,112.8911,3130.3072
184,112.8644,3060.6814,171.0450,3020.4033,3070.5729,102.9728,112.8644,3060.6814
185,-896.5439,3251.7739,-111.2164,3785.5370,3254.7535,-899.5235,-896.5439,3251.7739
186,-297.9792,3223.2724,-189.0629,3397.9375,3233.3945,-308.1012,-297.9792,3223.2724
187,-30.1933,3398.4261,-67.3929,3415.6180,3399.7503,-31.5174,-30.1933,3398.4261
188,-353.4291,2879.0556,341.8774,3127.6278,2914.8180,-389.1914,-353.4291,2879.0556
189,103.5197,4177.2563,-394.8287,4182.7535,4215.1704,65.6056,103.5197,4177.2563
190,-506.4197,3240.6087,54.1061,3522.4844,3241.3898,-507.2009,-506.4197,3240.6087
191,-959.7939,3048.5252,145.7705,3633.7877,3053.8195,-965.0881,-959.7939,3048.5252
192,-578.1929,2835.5272,-243.4666,3192.4648,2852.8038,-595.4695,-578.1929,2835.5272
193,-637.6800,1624.7263,-547.6992,2232.1178,1750.3426,-763.2962,-637.6800,1624.7263
194,-878.3640,3342.6109,-80.5953,3860.0631,3344.1492,-879.9024,-878.3640,3342.6109
195,-212.9618,3485.8484,-50.1291,3598.1083,3486.5277,-213.6411,-212.9618,3485.8484
196,-72.3438,3253.4472,72.2349,3292.5936,3255.0154,-73.9119,-72.3438,3253.4472
197,-82.7666,2641.1953,-319.4554,2739.9856,2678.1582,-119.7295,-82.7666,2641.1953
198,-83.4487,3961.5177,-164.4060,4014.0077,3968.1889,-90.1200,-83.4487,3961.5177
199,426.8617,2836.3368,66.1639,2651.3066,2838.1523,425.0462,426.8617,2836.3368
200,407.0963,3125.0631,149.9663,2954.1522,3133.3126,398.8468,407.0963,3125.0631
201,372.8812,2770.2540,106.2006,2610.4038,2774.9494,368.1858,372.8812,2770.2540
202,-17.5772,2676.5347,-176.1137,2702.6359,2687.9984,-29.0410,-17.5772,2676.5347
203,-339.9461,3030.9355,-242.2790,3241.6948,3048.2600,-357.2706,-339.9461,3030.9355
204,-1513.4696,3448.6092,284.5068,4432.3462,3464.8685,-1529.7288,-1513.4696,3448.6092
205,-682.0324,2867.0245,160.7594,3273.8253,2874.2914,-689.2993,-682.0324,2867.0245
206,92.9566,1768.5365,407.4339,1862.7862,1862.3551,-0.8619,92.9566,1768.5365
207,-270.6942,2783.3697,391.4302,3005.5810,2832.7400,-320.0645,-270.6942,2783.3697
208,366.1860,2483.4995,27.7716,2322.6608,2483.8637,365.8218,366.1860,2483.4995
209,-892.8064,3292.4519,77.4178,3820.3201,3293.8835,-894.2380,-892.8064,3292.4519
210,-533.3868,3198.5163,-152.7933,3505.8653,3204.7616,-539.6321,-533.3868,3198.5163
211,640.1163,3352.6653,21.2651,3083.0787,3352.8320,639.9496,640.1163,3352.6653
212,588.0608,3185.4357,119.0929,2943.1506,3190.8848,582.6117,588.0608,3185.4357
213,590.4258,3248.3238,-51.7928,2998.3935,3249.3327,589.4169,590.4258,3248.3238
214,-840.2536,2448.0371,854.8052,3308.7701,2656.9719,-1049.1884,-840.2536,2448.0371
215,790.3576,3204.5360,-179.1941,2908.1469,3217.7643,777.1293,790.3576,3204.5360
216,1698.5407,3436.8071,687.5636,3205.8319,3675.8870,1459.4608,1698.5407,3436.8071
217,786.4477,2678.1594,54.4091,2386.1447,2679.7231,784.8841,786.4477,2678.1594
218,394.3370,5071.3868,680.3228,5026.2459,5168.3368,297.3870,394.3370,5071.3868
219,595.0539,3364.9781,-119.4884,3117.3155,3370.1230,589.9090,595.0539,3364.9781
220,414.9155,2439.5017,-395.8304,2362.4525,2514.1396,340.2776,414.9155,2439.5017
221,265.9357,3581.4543,34.0598,3456.6719,3581.8041,265.5858,265.9357,3581.4543
222,663.4102,3709.9131,308.8069,3468.2070,3740.9000,632.4233,663.4102,3709.9131
223,160.1704,3468.9138,-71.5996,3393.9327,3470.4624,158.6217,160.1704,3468.9138
224,-1442.1556,3144.6989,46.4313,4063.3185,3145.1689,-1442.6256,-1442.1556,3144.6989
225,-515.0922,2162.5460,1179.4836,3198.3403,2607.9966,-960.5428,-515.0922,2162.5460
226,150.2838,2763.3854,-77.2053,2694.7122,2765.6645,148.0047,150.2838,2763.3854
227,-38.1839,5155.4334,-391.5325,5218.8791,5184.7840,-67.5346,-38.1839,5155.4334
228,537.5905,3349.8780,5.8337,3116.0754,3349.8901,537.5784,537.5905,3349.8780
229,426.3665,3360.9272,-31.3668,3169.7926,3361.2625,426.0312,426.3665,3360.9272
230,379.0121,3133.6263,100.2832,2967.4487,3137.2723,375.3661,379.0121,3133.6263
231,40.0690,2682.0938,253.9374,2698.3729,2706.2795,15.8833,40.0690,2682.0938
232,-266.6814,3359.8271,-71.1498,3502.9627,3361.2225,-268.0768,-266.6814,3359.8271
233,-333.4488,3011.2050,-180.5091,3206.3027,3020.9188,-343.1626,-333.4488,3011.2050
234,-622.0676,2710.3365,-347.2354,3127.3986,2746.1338,-657.8648,-622.0676,2710.3365
235,448.6440,3125.6669,120.1606,2934.6344,3131.0496,443.2613,448.6440,3125.6669
236,24.8592,2963.9836,308.6687,2999.6606,2996.0503,-7.2075,24.8592,2963.9836
237,-266.0113,3369.7184,18.0919,3510.4314,3369.8084,-266.1013,-266.0113,3369.7184
238,-15.8140,3329.9111,-7.6451,3337.8724,3329.9286,-15.8314,-15.8140,3329.9111
239,480.6558,2867.3499,20.1374,2660.0251,2867.5198,480.4859,480.6558,2867.3499
240,323.0999,2783.3571,139.3815,2647.7253,2791.2283,315.2287,323.0999,2783.3571
241,180.3543,2849.6553,176.2421,2780.7012,2861.2415,168.7681,180.3543,2849.6553
242,-286.0173,2827.6363,392.1491,3057.3565,2876.2661,-334.6471,-286.0173,2827.6363
243,115.6903,3003.9914,267.1126,2983.9342,3028.4864,91.1953,115.6903,3003.9914
244,-365.9040,3202.7240,-96.0260,3404.5381,3205.3061,-368.4860,-365.9040,3202.7240
245,-724.9450,2293.7038,-292.7972,2776.0804,2321.8418,-753.0829,-724.9450,2293.7038
246,-417.0456,2006.5296,-536.1918,2428.8696,2119.8574,-530.3734,-417.0456,2006.5296
247,-633.7870,2724.9163,270.4472,3126.2272,2746.5537,-655.4244,-633.7870,2724.9163
248,483.8862,2803.2612,-97.2652,2600.8347,2807.3330,479.8145,483.8862,2803.2612
249,196.1200,1625.9774,-110.0800,1549.1067,1634.4024,187.6949,196.1200,1625.9774
250,-870.8847,2828.2647,355.6613,3405.8918,2862.1500,-904.7700,-870.8847,2828.2647
251,-894.8986,3241.9096,160.5925,3780.1285,3248.1345,-901.1235,-894.8986,3241.9096
252,-658.9445,3264.4637,135.0236,3646.4676,3269.1051,-663.5858,-658.9445,3264.4637
253,143.6731,2904.4991,-223.4539,2861.6872,2922.4679,125.7042,143.6731,2904.4991
254,-263.4759,2651.4024,-303.0584,2841.3849,2682.5778,-294.6513,-263.4759,2651.4024
255,75.1306,1598.7444,113.7342,1574.9032,1607.1876,66.6874,75.1306,1598.7444
256,-1571.4939,2590.0757,-1145.0341,4145.0793,2884.3211,-1865.7393,-1571.4939,2590.0757
257,-143.6874,3039.6380,507.7588,3235.7781,3118.6665,-222.7159,-143.6874,3039.6380
258,344.6529,3456.9255,68.9314,3300.2931,3458.4514,343.1270,344.6529,3456.9255
259,565.7145,3300.8891,142.8218,3067.5292,3308.3266,558.2770,565.7145,3300.8891
260,-1511.7197,3404.5242,169.6159,4371.3929,3410.3691,-1517.5647,-1511.7197,3404.5242
261,686.8700,3324.5392,28.2470,3040.2662,3324.8417,686.5676,686.8700,3324.5392
262,597.9371,3361.0998,227.1482,3130.4286,3379.6482,579.3887,597.9371,3361.0998
263,369.2076,3975.0784,19.9679,3804.0938,3975.1890,369.0970,369.2076,3975.0784
264,754.4480,2941.3013,14.8931,2646.1390,2941.4027,754.3466,754.4480,2941.3013
265,314.2092,3330.3524,18.0222,3185.0466,3330.4601,314.1015,314.2092,3330.3524
266,-124.7744,2981.1498,-241.3476,3074.0104,2999.7920,-143.4165,-124.7744,2981.1498
267,-1827.2282,1901.2690,-1982.7793,4714.0090,2758.5708,-2684.5300,-1827.2282,1901.2690
268,307.7299,3394.4918,29.9679,3251.9809,3394.7827,307.4390,307.7299,3394.4918
269,-44.7098,3401.1098,-13.7351,3423.7663,3401.1645,-44.7646,-44.7098,3401.1098
270,-79.2860,186.4689,-468.0430,844.4134,540.1309,-432.9480,-79.2860,186.4689
271,1165.6615,1469.8450,32.1593,1344.9803,1473.2078,1162.2987,1165.6615,1469.8450
272,432.3221,2902.2759,-102.8550,2717.9270,2906.5516,428.0464,432.3221,2902.2759
273,241.4036,2554.4416,-216.6506,2471.3576,2574.5592,221.2860,241.4036,2554.4416
274,-96.4395,2821.9304,334.1414,2929.1106,2859.6994,-134.2085,-96.4395,2821.9304
275,253.1990,3414.1403,-77.5038,3297.5790,3416.0395,251.2998,253.1990,3414.1403
276,471.8540,3334.2195,-36.7856,3125.7736,3334.6922,471.3813,471.8540,3334.2195
277,448.8154,3274.2341,98.6021,3079.2344,3277.6709,445.3786,448.8154,3274.2341
278,165.5555,3268.8868,-62.5501,3191.1729,3270.1470,164.2953,165.5555,3268.8868
279,112.4496,3177.1519,-90.9026,3126.4132,3179.8458,109.7557,112.4496,3177.1519
280,-376.9871,2216.0344,1320.4972,3334.5889,2770.1055,-931.0582,-376.9871,2216.0344
281,-127.2430,3224.4893,123.6123,3296.9161,3229.0420,-131.7956,-127.2430,3224.4893
282,505.9329,3087.2212,73.9419,2870.7801,3089.3376,503.8166,505.9329,3087.2212
283,589.0318,3195.7172,6.3220,2945.7270,3195.7325,589.0165,589.0318,3195.7172
284,-278.5188,2208.6160,-661.5634,2623.6800,2373.6387,-443.5415,-278.5188,2208.6160
285,-279.8897,2565.1377,-432.1013,2817.1546,2629.3173,-344.0692,-279.8897,2565.1377
286,-580.0039,2881.3289,-256.6631,3241.4920,2900.2573,-598.9323,-580.0039,2881.3289
287,-271.8154,3277.0312,-130.9604,3428.5590,3281.8574,-276.6415,-271.8154,3277.0312
288,1157.5971,3374.6930,296.9223,3014.3885,3413.7693,1118.5208,1157.5971,3374.6930
289,487.5206,2984.2076,391.1609,2854.3527,3044.0568,427.6713,487.5206,2984.2076
290,-409.9872,2976.1291,229.0789,3225.3745,2991.5566,-425.4147,-409.9872,2976.1291
291,-432.6574,3135.7817,166.3464,3385.2698,3143.5193,-440.3951,-432.6574,3135.7817
292,-869.5058,3272.6233,197.6984,3798.5421,3282.0378,-878.9203,-869.5058,3272.6233
293,185.5672,3239.6132,-225.5387,3175.0537,3256.1792,169.0012,185.5672,3239.6132
294,231.3120,3314.8590,-85.2392,3208.8667,3317.2135,228.9575,231.3120,3314.8590
295,292.9458,3289.0261,168.3601,3166.2342,3298.4572,283.5148,292.9458,3289.0261
296,-118.0856,2828.5093,455.3272,2995.0599,2897.2651,-186.8414,-118.0856,2828.5093
297,-885.0487,3326.5641,-40.2801,3846.8661,3326.9493,-885.4339,-885.0487,3326.5641
298,-317.9638,3265.9072,13.9605,3436.0261,3265.9615,-318.0182,-317.9638,3265.9072
299,-37.5947,3022.0907,209.5691,3062.6488,3036.3781,-51.8821,-37.5947,3022.0907
300,474.9776,3102.3951,161.5462,2907.7796,3112.2904,465.0822,474.9776,3102.3951
301,-65.2471,2422.2959,169.7134,2473.1014,2433.8213,-76.7724,-65.2471,2422.2959
302,470.6952,3009.9476,60.4771,2806.3398,3011.3872,469.2556,470.6952,3009.9476
303,254.4741,2775.9262,165.5146,2673.2578,2786.7446,243.6557,254.4741,2775.9262
304,-300.5304,3281.3119,-11.5108,3441.4907,3281.3489,-300.5674,-300.5304,3281.3119
305,-304.7726,3277.7155,-57.2085,3441.6684,3278.6288,-305.6860,-304.7726,3277.7155
306,-963.4245,2349.1889,-425.0611,3041.7383,2402.8613,-1017.0970,-963.4245,2349.1889
307,-3.6896,2724.7153,382.8462,2806.0388,2777.4177,-56.3921,-3.6896,2724.7153
308,-529.2993,2932.3784,287.6873,3267.9349,2956.1242,-553.0451,-529.2993,2932.3784
309,-560.3780,2636.2476,221.0690,2981.2304,2651.4636,-575.5940,-560.3780,2636.2476
310,-716.2050,2953.9388,-258.1985,3399.1660,2972.0143,-734.2805,-716.2050,2953.9388
311,-627.0137,2731.8350,-382.1933,3163.4130,2774.7747,-669.9534,-627.0137,2731.8350
312,-165.7673,2175.0719,-187.6872,2285.7497,2190.0251,-180.7204,-165.7673,2175.0719
313,280.9643,2967.2690,247.3936,2869.4146,2989.8625,258.3707,280.9643,2967.2690
314,521.8968,3131.8064,62.0941,2908.2081,3133.2829,520.4204,521.8968,3131.8064
315,175.1106,3571.1178,-452.4830,3573.8534,3630.3726,115.8558,175.1106,3571.1178
316,-706.6031,3055.9299,273.5167,3495.9633,3075.7092,-726.3824,-706.6031,3055.9299
317,-567.6150,2903.9215,-333.6488,3276.7699,2935.6976,-599.3911,-567.6150,2903.9215
318,79.3839,1585.3472,-47.4115,1549.3612,1586.8384,77.8927,79.3839,1585.3472
319,22.9556,3399.0975,226.5387,3410.3257,3414.2303,7.8227,22.9556,3399.0975
320,590.9759,3222.2673,126.4385,2979.2510,3228.3289,584.9143,590.9759,3222.2673
321,626.8768,3268.9976,37.2844,3005.6998,3269.5236,626.3508,626.8768,3268.9976
322,765.8158,3280.4425,4.4068,2972.4772,3280.4502,765.8081,765.8158,3280.4425
323,548.5028,2953.4692,399.1345,2807.4499,3017.9802,483.9919,548.5028,2953.4692
324,492.9171,3450.7511,68.7571,3234.7950,3452.3486,491.3197,492.9171,3450.7511
325,437.4573,3467.2635,4.9982,3270.5627,3467.2718,437.4490,437.4573,3467.2635
326,195.7376,3195.3363,-155.4380,3113.7635,3203.3696,187.7044,195.7376,3195.3363
327,16.8019,2410.4813,-506.4982,2557.3078,2513.2438,-85.9606,16.8019,2410.4813
328,444.6208,5044.4494,7.6670,4837.5063,5044.4622,444.6080,444.6208,5044.4494
329,31.6603,3489.5167,81.2810,3476.6463,3491.4262,29.7508,31.6603,3489.5167
330,712.5196,2926.5321,50.6821,2644.7626,2927.6917,711.3600,712.5196,2926.5321
331,608.9009,2837.1036,-33.4527,2587.6165,2837.6057,608.3988,608.9009,2837.1036
332,-518.0800,2601.3890,1148.2201,3512.6325,2978.4511,-895.1421,-518.0800,2601.3890
333,856.3843,3476.4241,48.3279,3138.2750,3477.3152,855.4932,856.3843,3476.4241
334,364.3492,-18.8696,-534.5479,998.6019,740.5915,-395.1119,364.3492,-18.8696
335,837.5629,756.7712,-399.6981,1058.1335,1198.9013,395.4328,837.5629,756.7712
336,799.7107,2636.9413,131.1979,2352.8376,2646.2629,790.3891,799.7107,2636.9413
337,605.2556,2603.4845,-86.9868,2364.6125,2607.2640,601.4760,605.2556,2603.4845
338,-140.7505,2847.4068,-166.7370,2934.5721,2856.6818,-150.0255,-140.7505,2847.4068
339,-798.8107,2525.3004,-310.4497,3053.1319,2554.0457,-827.5561,-798.8107,2525.3004
340,-37.7208,3268.3911,-33.4421,3287.9240,3268.7293,-38.0591,-37.7208,3268.3911
341,221.5705,3250.5636,50.2385,3146.8397,3251.3966,220.7375,221.5705,3250.5636
342,244.9180,3332.5385,-28.5175,3217.4584,3332.8018,244.6546,244.9180,3332.5385
343,-39.8088,3199.4168,-100.9546,3224.2507,3202.5601,-42.9521,-39.8088,3199.4168
344,-251.2376,3330.2867,-116.3062,3468.6027,3334.0596,-255.0106,-251.2376,3330.2867
345,170.4562,3262.2812,-49.3552,3181.6294,3263.0689,169.6685,170.4562,3262.2812
346,-93.6569,3169.4568,-53.0806,3218.6212,3170.3200,-94.5201,-93.6569,3169.4568
347,-243.3480,3565.4421,159.2267,3703.4170,3572.0870,-249.9928,-243.3480,3565.4421
348,-76.8723,3297.3023,16.3516,3336.5229,3297.3815,-76.9515,-76.8723,3297.3023
349,148.2890,3305.4023,51.7402,3235.0503,3306.2500,147.4413,148.2890,3305.4023
350,503.8980,3209.5339,74.1444,2992.3629,3211.5642,501.8677,503.8980,3209.5339
351,317.4502,2993.3388,237.4506,2877.4579,3014.2461,296.5429,317.4502,2993.3388
352,-515.5674,3048.1937,215.8316,3356.8727,3061.2175,-528.5912,-515.5674,3048.1937
353,1532.9691,3217.9469,813.9675,3124.0666,3546.9231,1203.9928,1532.9691,3217.9469
354,50.3288,3070.4920,0.6761,3045.6397,3070.4922,50.3287,50.3288,3070.4920
355,-0.1922,3275.5419,-64.9009,3277.5663,3276.8272,-1.4775,-0.1922,3275.5419
356,-501.3664,3291.4186,-182.1438,3582.5327,3300.1458,-510.0936,-501.3664,3291.4186
357,-586.4344,3207.4577,-16.7466,3537.4419,3207.5316,-586.5083,-586.4344,3207.4577
358,-509.0097,3305.5519,-135.0090,3594.8580,3310.3243,-513.7821,-509.0097,3305.5519
359,-279.3115,2143.6346,619.4722,2534.3961,2292.8278,-428.5047,-279.3115,2143.6346
360,-474.3863,2575.2735,668.6423,3069.2015,2715.4327,-614.5455,-474.3863,2575.2735
361,43.8312,2799.4611,-260.6963,2814.2650,2823.9074,19.3849,43.8312,2799.4611
362,550.9834,3049.0535,87.6737,2818.4024,3052.1268,547.9102,550.9834,3049.0535
363,379.0199,2735.9107,-63.6119,2569.8323,2737.6263,377.3043,379.0199,2735.9107
364,6.3064,3284.4835,238.4312,3307.2204,3301.7345,-10.9446,6.3064,3284.4835
365,441.1361,3023.6747,103.6265,2834.7086,3027.8261,436.9847,441.1361,3023.6747
366,347.8256,2966.3935,175.8397,2825.1450,2978.1486,336.0705,347.8256,2966.3935
367,-39.0272,4218.6700,-390.9480,4292.0699,4254.2698,-74.6270,-39.0272,4218.6700
368,253.3068,3272.9905,-12.6265,3154.0511,3273.0433,253.2540,253.3068,3272.9905
369,-581.1972,3336.4185,74.6578,3664.0575,3337.8408,-582.6194,-581.1972,3336.4185
370,476.8504,3247.1619,105.8586,3042.4750,3251.2010,472.8112,476.8504,3247.1619
371,774.8034,4845.3300,383.9219,4556.9236,4881.2240,738.9093,774.8034,4845.3300
372,-297.0639,3146.9683,-123.4433,3312.4344,3151.3871,-301.4828,-297.0639,3146.9683
373,-873.2705,3144.7709,-291.1744,3694.9653,3165.7617,-894.2613,-873.2705,3144.7709
374,-421.7583,2889.7562,318.0910,3170.3147,2920.0339,-452.0360,-421.7583,2889.7562
375,513.4142,3008.9590,-79.7063,2791.3519,3011.5022,510.8710,513.4142,3008.9590
376,-125.2995,3355.6320,-152.1970,3430.1482,3362.2738,-131.9414,-125.2995,3355.6320
377,23.5528,1633.5898,-229.9939,1670.1457,1665.8001,-8.6575,23.5528,1633.5898
378,334.8701,2484.1059,-111.4792,2342.7228,2489.8728,329.1032,334.8701,2484.1059
379,-315.8971,3208.6632,56.0242,3379.1025,3209.5535,-316.7874,-315.8971,3208.6632
380,274.0355,3241.0071,21.4616,3113.2705,3241.1623,273.8803,274.0355,3241.0071
381,-799.8751,2535.0205,-211.2524,3037.7149,2548.3492,-813.2039,-799.8751,2535.0205
382,-222.0864,2468.5870,-124.2413,2595.7256,2474.3117,-227.8110,-222.0864,2468.5870
383,-955.0075,2597.7997,300.3395,3226.7836,2623.0103,-980.2180,-955.0075,2597.7997
384,502.2705,2875.6939,8.4466,2660.4001,2875.7240,502.2404,502.2705,2875.6939
385,585.0255,3261.0561,21.9509,3011.7081,3261.2361,584.8455,585.0255,3261.0561
386,-551.8917,3025.5395,-171.7654,3349.1423,3033.7677,-560.1198,-551.8917,3025.5395
387,-487.7359,3348.9813,-118.6844,3623.4291,3352.6492,-491.4038,-487.7359,3348.9813
388,-547.2248,3365.7547,-53.9681,3671.2834,3366.4989,-547.9690,-547.2248,3365.7547
389,88.7838,2937.1176,252.5597,2926.6248,2959.3385,66.5629,88.7838,2937.1176
390,575.6443,3371.1787,-28.8978,3123.7986,3371.4774,575.3456,575.6443,3371.1787
391,703.1508,2780.7404,-38.7356,2505.2265,2781.4624,702.4288,703.1508,2780.7404
392,490.9918,2710.6035,16.0623,2501.6663,2710.7197,490.8756,490.9918,2710.6035
393,272.0154,3407.6545,77.8661,3282.8884,3409.5869,270.0830,272.0154,3407.6545
394,403.1452,3322.3985,5.8821,3140.3109,3322.4103,403.1333,403.1452,3322.3985
395,-597.3674,2159.0117,1260.3505,3327.6648,2648.4115,-1086.7672,-597.3674,2159.0117
396,634.5061,3318.6520,31.1367,3051.7623,3319.0132,634.1449,634.5061,3318.6520
397,594.0975,3312.7673,16.2756,3059.4227,3312.8648,594.0001,594.0975,3312.7673
398,481.7612,3310.7900,144.6187,3108.2403,3318.1637,474.3876,481.7612,3310.7900
399,690.0795,3281.3724,117.1894,3003.3992,3286.6614,684.7904,690.0795,3281.3724
400,394.0938,2937.0063,-40.0789,2762.0063,2937.6378,393.4623,394.0938,2937.0063
401,235.6445,2746.6055,-230.4680,2666.7385,2767.5837,214.6663,235.6445,2746.6055
402,666.2516,3191.8548,65.3541,2918.5721,3193.5448,664.5616,666.2516,3191.8548
403,473.0204,3348.1198,100.0425,3143.2389,3351.5967,469.5435,473.0204,3348.1198
404,527.6773,4189.2294,155.5791,3961.0781,4195.8281,521.0787,527.6773,4189.2294
405,145.8056,3157.1424,305.2349,3131.7700,3187.7701,115.1779,145.8056,3157.1424
406,205.6215,3087.8983,-100.5423,2995.4606,3091.4012,202.1185,205.6215,3087.8983
407,2039.5356,3289.6424,604.3463,3060.6883,3534.0291,1795.1489,2039.5356,3289.6424
408,-63.1485,3715.6533,264.7544,3775.5781,3734.1127,-81.6079,-63.1485,3715.6533
409,501.1992,3355.3403,-9.6542,3134.9793,3355.3730,501.1665,501.1992,3355.3403
410,584.5253,3397.0914,-86.9591,3149.4284,3399.7774,581.8393,584.5253,3397.0914
411,15.1013,5134.2959,-350.3529,5162.5506,5158.1624,-8.7653,15.1013,5134.2959
412,-1201.3626,2474.1623,-1473.9808,4129.7670,2992.2416,-1719.4419,-1201.3626,2474.1623
413,539.7159,2758.3727,-208.0455,2557.5426,2777.7127,520.3759,539.7159,2758.3727
414,496.8021,3399.5830,280.2502,3217.2468,3426.3922,469.9929,496.8021,3399.5830
415,-227.7310,2660.9482,-260.8324,2818.2597,2684.3110,-251.0938,-227.7310,2660.9482
416,710.2904,-102.7914,-829.9404,1629.2616,1227.9121,-620.4131,710.2904,-102.7914
417,622.5947,3255.9827,3.5124,2993.6478,3255.9874,622.5900,622.5947,3255.9827
418,87.3451,2566.0562,-229.3381,2554.5898,2587.0967,66.3047,87.3451,2566.0562
419,351.4539,2954.4419,-256.0687,2830.3022,2979.3935,326.5024,351.4539,2954.4419
420,-42.3142,3265.4473,-66.3878,3288.8194,3266.7792,-43.6461,-42.3142,3265.4473
421,-285.8426,3223.1709,-88.3669,3378.6510,3225.3948,-288.0666,-285.8426,3223.1709
422,-52.9207,3093.8512,328.7244,3172.1639,3127.8243,-86.8938,-52.9207,3093.8512
423,-290.7113,3014.1940,425.0904,3253.9582,3067.9950,-344.5123,-290.7113,3014.1940
424,-258.1184,3248.6358,-63.4286,3386.8661,3249.7827,-259.2653,-258.1184,3248.6358
425,-162.3314,3031.8498,-177.4816,3131.3141,3041.6811,-172.1627,-162.3314,3031.8498
426,-354.1160,2904.2455,-224.7511,3120.9003,2919.6750,-369.5455,-354.1160,2904.2455
427,263.8602,3134.3757,-92.2739,3015.3673,3137.3389,260.8971,263.8602,3134.3757
428,517.1754,3145.0529,200.8848,2941.6574,3160.3206,501.9078,517.1754,3145.0529
429,440.7166,2887.9293,9.0608,2694.7829,2887.9629,440.6831,440.7166,2887.9293
430,681.0522,3034.5175,45.1603,2758.9096,3035.3838,680.1859,681.0522,3034.5175
431,-238.8906,4755.0656,418.8991,4932.5539,4789.9596,-273.7846,-238.8906,4755.0656
432,114.9782,3147.5971,-38.0725,3092.4150,3148.0750,114.5003,114.9782,3147.5971
433,-45.1188,3055.4545,191.9375,3096.1616,3067.2910,-56.9553,-45.1188,3055.4545
434,257.7256,2444.0693,556.9384,2518.0427,2577.7654,124.0295,257.7256,2444.0693
435,-282.7277,3329.9675,9.0228,3479.9909,3329.9900,-282.7502,-282.7277,3329.9675
436,-48.3154,3354.8656,16.7266,3379.4066,3354.9478,-48.3976,-48.3154,3354.8656
437,140.3980,2883.8898,333.8556,2875.0684,2923.9323,100.3555,140.3980,2883.8898
438,428.4957,2965.4502,158.2327,2789.6117,2975.2813,418.6646,428.4957,2965.4502
439,300.8339,2846.9762,247.3865,2742.7920,2870.7899,277.0202,300.8339,2846.9762
440,-118.5490,3602.5664,163.1462,3674.1624,3609.7056,-125.6881,-118.5490,3602.5664
441,-549.7229,3835.7611,-467.1515,4216.4625,3884.9709,-598.9328,-549.7229,3835.7611
442,31.2523,3400.1207,-67.0035,3386.5919,3401.4528,29.9202,31.2523,3400.1207
443,247.8153,3372.3021,0.0541,3255.4763,3372.3021,247.8153,247.8153,3372.3021
444,382.7536,3433.6660,81.3465,3262.2333,3435.8334,380.5862,382.7536,3433.6660
445,282.4087,3415.0519,46.4226,3283.9548,3415.7397,281.7210,282.4087,3415.0519
446,-359.3174,3324.1020,26.5552,3517.8526,3324.2935,-359.5089,-359.3174,3324.1020
447,-501.9002,3040.0832,70.1898,3321.8380,3041.4736,-503.2906,-501.9002,3040.0832
448,-1677.5129,2544.9752,-1324.5965,4338.6455,2926.1010,-2058.6387,-1677.5129,2544.9752
449,-1.6427,3010.8522,219.5130,3035.5786,3026.7636,-17.5540,-1.6427,3010.8522
450,219.6495,2858.2396,280.9689,2797.6417,2887.8267,190.0625,219.6495,2858.2396
451,-565.0527,3127.2208,-90.2139,3448.2249,3129.4237,-567.2556,-565.0527,3127.2208
452,-532.1353,3279.3105,-193.0754,3590.8100,3289.0661,-541.8909,-532.1353,3279.3105
453,140.7734,3082.3898,68.5535,3016.8069,3083.9865,139.1767,140.7734,3082.3898
454,-364.4790,2555.6204,324.5373,2812.7361,2591.2544,-400.1130,-364.4790,2555.6204
455,395.4957,3288.5962,149.4315,3120.5201,3296.2940,387.7979,395.4957,3288.5962
456,326.6961,3124.8761,146.8306,2985.8623,3132.5597,319.0125,326.6961,3124.8761
457,-894.5143,3301.6060,-29.3495,3828.4039,3301.8113,-894.7196,-894.5143,3301.6060
458,-559.8724,3354.5549,-27.4787,3666.9993,3354.7478,-560.0653,-559.8724,3354.5549
459,-313.3135,3236.8504,-13.4337,3404.4172,3236.9013,-313.3643,-313.3135,3236.8504
460,-616.2585,3143.6146,82.8349,3495.7048,3145.4387,-618.0826,-616.2585,3143.6146
461,-369.4468,3365.8750,38.9914,3565.6245,3366.2819,-369.8538,-369.4468,3365.8750
462,113.7453,2410.7331,143.8897,2369.0663,2419.7117,104.7667,113.7453,2410.7331
463,-147.5636,2670.8538,-422.3522,2843.3255,2732.7843,-209.4941,-147.5636,2670.8538
464,-734.4573,2772.5973,-287.1324,3241.9766,2795.9501,-757.8101,-734.4573,2772.5973
465,-749.7835,2563.3043,-291.8351,3051.2507,2588.8144,-775.2935,-749.7835,2563.3043
466,462.7412,3207.9566,152.8783,3015.0915,3216.4440,454.2538,462.7412,3207.9566
467,325.6299,3137.7324,206.2610,3009.5333,3152.7807,310.5817,325.6299,3137.7324
468,-583.3430,3193.2689,-20.8460,3521.5522,3193.3839,-583.4580,-583.3430,3193.2689
469,-575.5028,3248.9627,-41.2634,3572.3742,3249.4079,-575.9480,-575.5028,3248.9627
470,-846.4736,2969.4895,-390.7700,3536.3942,3009.0949,-886.0790,-846.4736,2969.4895
471,-530.6210,3175.1159,-235.9323,3494.9528,3190.0766,-545.5817,-530.6210,3175.1159
472,-1731.3517,3234.5823,539.2865,4464.6155,3292.4725,-1789.2419,-1731.3517,3234.5823
473,-108.8496,2953.8109,345.3100,3068.5641,2992.2613,-147.3001,-108.8496,2953.8109
474,606.5859,3257.3274,76.5080,3003.3048,3259.5338,604.3795,606.5859,3257.3274
475,974.8051,3414.1282,23.8173,3046.3271,3414.3607,974.5726,974.8051,3414.1282
476,814.2926,3303.0832,67.0827,2982.8267,3304.8901,812.4858,814.2926,3303.0832
477,297.2488,3296.5297,3.1288,3158.4181,3296.5329,297.2455,297.2488,3296.5297
478,432.5265,3023.0892,52.1863,2833.1523,3024.1401,431.4756,432.5265,3023.0892
479,462.7480,3238.5565,48.4026,3034.9262,3239.4003,461.9042,462.7480,3238.5565
480,559.9842,806.5768,-150.2463,761.7086,877.6408,488.9202,559.9842,806.5768
481,610.0297,3264.1967,24.1265,3006.2611,3264.4160,609.8104,610.0297,3264.1967
482,244.6084,3232.0977,-109.1646,3122.7298,3236.0814,240.6247,244.6084,3232.0977
483,1193.4289,3474.9542,-413.7622,3141.0294,3547.6735,1120.7096,1193.4289,3474.9542
484,-305.5036,3306.2813,-950.0625,3839.6309,3540.9442,-540.1665,-305.5036,3306.2813
485,664.5408,3283.2583,149.4149,3017.7003,3291.7559,656.0433,664.5408,3283.2583
486,720.5127,3246.8581,-72.2942,2955.9268,3248.9252,718.4456,720.5127,3246.8581
487,537.3421,3199.8627,-57.4276,2969.5674,3201.1008,536.1041,537.3421,3199.8627
488,462.9950,3578.0250,-14.4211,3370.5553,3578.0917,462.9283,462.9950,3578.0250
489,1523.4400,3486.6294,895.9890,3402.0834,3834.0660,1176.0033,1523.4400,3486.6294
490,794.8723,3357.8603,374.1657,3107.7287,3411.3670,741.3656,794.8723,3357.8603
491,405.5406,3127.9871,-135.6194,2955.5741,3134.7263,398.8014,405.5406,3127.9871
492,-898.4883,3941.4036,-260.7218,4481.8720,3955.4080,-912.4927,-898.4883,3941.4036
493,-1661.1792,3271.2482,218.9500,4363.3161,3280.9483,-1670.8793,-1661.1792,3271.2482
494,88.6090,3075.9640,326.5454,3084.9220,3111.2419,53.3312,88.6090,3075.9640
495,57.1330,3213.9459,-178.5625,3200.7411,3224.0140,47.0649,57.1330,3213.9459
496,476.7437,3002.0254,422.2274,2888.4377,3070.7514,408.0176,476.7437,3002.0254
497,861.7215,3275.6511,121.8781,2948.6129,3281.7891,855.5835,861.7215,3275.6511
498,144.9552,3294.7326,76.7750,3227.4401,3296.6028,143.0849,144.9552,3294.7326
499,141.2121,3398.7107,34.3460,3330.8821,3399.0728,140.8500,141.2121,3398.7107
500,358.9581,3205.3282,-40.9577,3042.6032,3205.9175,358.3688,358.9581,3205.3282
501,347.8606,2645.3719,296.9094,2542.2912,2683.1215,310.1110,347.8606,2645.3719
502,574.0000,3064.2213,73.7388,2824.2481,3066.4029,571.8185,574.0000,3064.2213
503,464.6508,2880.8103,16.2767,2679.0282,2880.9199,464.5411,464.6508,2880.8103
504,183.9556,3334.8494,3.1185,3246.7869,3334.8525,183.9525,183.9556,3334.8494
505,133.5057,3289.9248,20.7731,3225.4457,3290.0615,133.3690,133.5057,3289.9248
506,67.5097,3036.5803,203.7135,3024.0497,3050.4923,53.5977,67.5097,3036.5803
507,186.8454,2976.6710,1.2260,2887.7861,2976.6715,186.8448,186.8454,2976.6710
508,-471.0528,3152.5708,-253.6364,3440.7289,3170.2381,-488.7200,-471.0528,3152.5708
509,242.1806,3293.2740,-36.1581,3179.7264,3293.7025,241.7522,242.1806,3293.2740
510,779.6570,3195.9850,39.0583,2887.0382,3196.6162,779.0258,779.6570,3195.9850
511,1313.9165,4328.7451,1043.7651,4247.9569,4654.8366,987.8250,1313.9165,4328.7451
512,-1144.4343,2662.5533,-1580.8098,4352.3461,3233.3773,-1715.2583,-1144.4343,2662.5533
513,611.3728,3268.4854,46.6797,3010.8218,3269.3052,610.5530,611.3728,3268.4854
514,458.4290,3272.0541,101.7438,3073.6860,3275.7284,454.7546,458.4290,3272.0541
515,327.7977,2855.8067,-245.3261,2739.9837,2879.3938,304.2105,327.7977,2855.8067
516,97.9682,3070.8493,-129.1102,3031.3159,3076.4460,92.3716,97.9682,3070.8493
517,-718.0245,1967.4333,999.0609,2965.3645,2298.3363,-1048.9274,-718.0245,1967.4333
518,356.8967,2797.9829,92.9003,2642.6094,2801.5133,353.3663,356.8967,2797.9829
519,-42.7437,2555.0697,352.6420,2648.1107,2602.0883,-89.7623,-42.7437,2555.0697
520,429.0617,3296.4565,159.0294,3116.4414,3305.2495,420.2686,429.0617,3296.4565
521,221.9006,3008.9901,133.8197,2913.6382,3015.4006,215.4901,221.9006,3008.9901
522,154.1711,3314.2511,96.1352,3244.1938,3317.1730,151.2492,154.1711,3314.2511
523,94.4924,2868.7213,219.6266,2848.1793,2886.0007,77.2129,94.4924,2868.7213
524,336.6416,2339.6089,188.2180,2214.8963,2357.1421,319.1083,336.6416,2339.6089
525,451.9479,2409.3579,-401.3669,2324.5740,2488.4614,372.8444,451.9479,2409.3579
526,256.6276,2967.0539,200.4109,2868.5070,2981.7923,241.8892,256.6276,2967.0539
527,-10.9844,2726.1262,296.5299,2779.4999,2757.8829,-42.7411,-10.9844,2726.1262
528,-473.9820,2838.9145,-182.3167,3119.1997,2848.9176,-483.9851,-473.9820,2838.9145
529,-930.1572,2679.6961,-401.7953,3320.0633,2723.8773,-974.3383,-930.1572,2679.6961
530,-68.3165,3290.1140,-32.3808,3325.2717,3290.4262,-68.6287,-68.3165,3290.1140
531,-14.8858,3338.3519,-91.3782,3349.5610,3340.8402,-17.3741,-14.8858,3338.3519
532,19.7831,3387.2185,-54.8629,3378.7069,3388.1121,18.8895,19.7831,3387.2185
533,-239.8507,3311.9999,-123.2201,3444.8232,3316.2695,-244.1203,-239.8507,3311.9999
534,1021.0501,3163.4473,208.9876,2819.7396,3183.6434,1000.8540,1021.0501,3163.4473
535,155.8573,3326.3750,448.6070,3342.8082,3388.6275,93.6047,155.8573,3326.3750
536,570.8284,3254.8965,33.0519,3010.8946,3255.3034,570.4214,570.8284,3254.8965
537,536.3154,3261.1741,67.0185,3031.0637,3262.8215,534.6681,536.3154,3261.1741
538,64.1491,2428.8432,-123.2786,2406.9023,2435.2527,57.7396,64.1491,2428.8432
539,300.4039,2746.2042,-59.7765,2611.0591,2747.6643,298.9438,300.4039,2746.2042
540,21.6433,1775.3287,-414.4481,1905.0298,1868.3419,-71.3699,21.6433,1775.3287
541,195.5442,2766.0611,-143.9551,2685.2586,2774.0978,187.5075,195.5442,2766.0611
542,-354.9251,2724.5735,334.6819,2975.2862,2760.5272,-390.8788,-354.9251,2724.5735
543,639.2786,2980.2459,97.9873,2722.8918,2984.3402,635.1843,639.2786,2980.2459
544,925.5853,3421.6046,474.5792,3173.7636,3508.7929,838.3970,925.5853,3421.6046
545,1292.2805,2823.3743,196.1220,2471.4837,2848.0970,1267.5579,1292.2805,2823.3743
546,-950.7984,3442.7315,-242.5534,4025.6996,3456.0815,-964.1485,-950.7984,3442.7315
547,980.8924,3195.8437,254.2347,2869.6157,3224.6504,952.0856,980.8924,3195.8437
548,788.3456,809.9811,-1001.5477,1910.0541,1800.7695,-202.4428,788.3456,809.9811
549,201.3540,3203.8788,-304.7677,3152.6052,3234.5016,170.7313,201.3540,3203.8788
550,602.4892,3337.6556,9.1338,3080.9555,3337.6861,602.4587,602.4892,3337.6556
551,643.8050,3399.9925,81.5928,3131.3693,3402.4058,641.3917,643.8050,3399.9925
552,267.0100,3001.9819,-74.0230,2880.6368,3003.9839,265.0080,267.0100,3001.9819
553,-905.0924,3263.7739,-102.1703,3802.2027,3266.2764,-907.5948,-905.0924,3263.7739
554,982.8641,3204.0153,242.8376,2873.9406,3230.2546,956.6247,982.8641,3204.0153
555,523.5758,3356.2408,-13.7919,3127.5882,3356.3079,523.5087,523.5758,3356.2408
556,480.8103,3067.0825,-99.5397,2862.3790,3070.9079,476.9849,480.8103,3067.0825
557,235.2155,2941.4255,98.3794,2836.2788,2944.9972,231.6438,235.2155,2941.4255
558,-16.3577,3165.1260,-92.7853,3177.4033,3167.8297,-19.0614,-16.3577,3165.1260
559,512.2990,3320.3076,101.2403,3101.0726,3323.9530,508.6536,512.2990,3320.3076
560,523.4197,3323.7279,158.2289,3107.4973,3332.6401,514.5075,523.4197,3323.7279
561,-1011.3208,3558.8180,-101.7622,4161.5056,3561.0828,-1013.5856,-1011.3208,3558.8180
562,1273.0998,2021.3002,366.9381,1880.7051,2171.2177,1123.1823,1273.0998,2021.3002
563,151.4743,3424.4856,-1.2550,3351.3176,3424.4861,151.4738,151.4743,3424.4856
564,121.5849,3339.7592,60.5395,3282.3323,3340.8976,120.4464,121.5849,3339.7592
565,471.8842,3208.5147,-13.6747,3000.6258,3208.5830,471.8158,471.8842,3208.5147
566,-341.1631,3180.2191,-455.7906,3455.1981,3238.2578,-399.2019,-341.1631,3180.2191
567,-162.8009,3345.3428,-410.8105,3502.6766,3392.8074,-210.2654,-162.8009,3345.3428
568,1493.8690,3782.6620,1008.4097,3733.6370,4163.5633,1112.9677,1493.8690,3782.6620
569,54.0843,2520.5765,66.1933,2496.6081,2522.3517,52.3091,54.0843,2520.5765
570,149.8294,2444.1658,-176.3858,2392.3886,2457.6469,136.3483,149.8294,2444.1658
571,613.8725,3331.9046,33.9078,3071.8906,3332.3275,613.4496,613.8725,3331.9046
572,348.4172,3289.1289,147.7659,3139.9488,3296.5352,341.0109,348.4172,3289.1289
573,-106.3115,2614.5465,321.2483,2726.6671,2651.9614,-143.7264,-106.3115,2614.5465
574,202.6542,2613.4562,164.9299,2534.4032,2624.6872,191.4232,202.6542,2613.4562
575,488.4211,3259.9038,91.6484,3049.3475,3262.9311,485.3937,488.4211,3259.9038
576,281.4015,3234.3984,63.8217,3105.2495,3235.7771,280.0228,281.4015,3234.3984
577,941.0196,2472.8122,414.6433,2277.9685,2577.8500,835.9817,941.0196,2472.8122
578,-1584.8595,2160.8930,-1925.7327,4661.6831,2974.2989,-2398.2655,-1584.8595,2160.8930
579,63.3371,2939.9045,34.1308,2909.3539,2940.3094,62.9322,63.3371,2939.9045
580,-114.0252,2619.8489,-554.6872,2845.7640,2728.1050,-222.2813,-114.0252,2619.8489
581,325.6425,3455.2789,-38.2814,3305.1787,3455.7471,325.1743,325.6425,3455.2789
582,523.8086,3358.7185,-17.6869,3130.0125,3358.8288,523.6982,523.8086,3358.7185
583,573.1836,3313.2917,60.5101,3068.9251,3314.6273,571.8480,573.1836,3313.2917
584,638.0787,3318.4553,29.7844,3050.3305,3318.7863,637.7478,638.0787,3318.4553
585,-262.8763,3004.8048,-635.2229,3331.4219,3123.9454,-382.0169,-262.8763,3004.8048
586,379.1534,3159.1595,-93.1629,2992.0358,3162.2781,376.0348,379.1534,3159.1595
587,601.3409,3427.8208,61.6436,3172.0147,3429.1646,599.9971,601.3409,3427.8208
588,301.6805,3447.9785,22.7604,3307.7081,3448.1431,301.5159,301.6805,3447.9785
589,34.3882,2400.2297,-266.5726,2427.5355,2429.8940,4.7239,34.3882,2400.2297
590,47.8617,2415.8303,-252.8045,2432.0015,2442.5189,21.1731,47.8617,2415.8303
591,5.4120,2911.1331,237.4353,2937.3623,2930.4069,-13.8617,5.4120,2911.1331
592,482.0304,3309.1937,158.8171,3108.6416,3318.0873,473.1368,482.0304,3309.1937
593,205.9292,3461.9467,43.5230,3364.5578,3462.5284,205.3475,205.9292,3461.9467
594,-409.1909,1870.0614,-6.0574,2104.7302,1870.0775,-409.2070,-409.1909,1870.0614
595,77.1251,3499.8670,-190.3452,3477.6117,3510.4199,66.5722,77.1251,3499.8670
596,-13.0407,3765.0440,-180.7077,3784.5463,3773.6677,-21.6643,-13.0407,3765.0440
597,508.6638,3058.2453,75.2633,2841.2987,3060.4651,506.4440,508.6638,3058.2453
598,385.7691,2984.0533,97.0289,2816.1108,2987.6716,382.1507,385.7691,2984.0533
599,625.0811,2233.9706,184.7221,2021.7085,2254.9068,604.1449,625.0811,2233.9706
600,212.1640,2781.5855,-187.3331,2701.3627,2795.1718,198.5776,212.1640,2781.5855
601,-635.5673,2943.0612,-305.7308,3349.1017,2968.9926,-661.4987,-635.5673,2943.0612
602,-338.4934,3049.7989,-218.8380,3254.5135,3063.8744,-352.5689,-338.4934,3049.7989
603,527.7853,3070.0367,20.9229,2843.3564,3070.2089,527.6131,527.7853,3070.0367
604,534.4061,3157.2414,-3.0009,2926.8654,3157.2448,534.4027,534.4061,3157.2414
605,-247.8941,3334.0804,150.7131,3474.5051,3340.4105,-254.2242,-247.8941,3334.0804
606,871.6085,3308.8431,-201.3567,2990.9466,3325.3665,855.0851,871.6085,3308.8431
607,-17.7639,3416.3080,-40.2025,3425.9322,3416.7785,-18.2345,-17.7639,3416.3080
608,-55.7170,3334.8038,-158.8212,3374.2404,3342.2271,-63.1404,-55.7170,3334.8038
609,-34.2584,3282.2773,-39.5067,3300.2493,3282.7478,-34.7290,-34.2584,3282.2773
610,-724.2257,3173.7280,-568.4144,3723.5511,3254.9250,-805.4227,-724.2257,3173.7280
611,201.5309,2955.7521,-331.0018,2917.2069,2994.9733,162.3097,201.5309,2955.7521
612,389.9929,2480.4119,10.3836,2310.3069,2480.4634,389.9413,389.9929,2480.4119
613,548.2268,3269.7086,276.4131,3070.5403,3297.4993,520.4361,548.2268,3269.7086
614,681.1548,3273.8319,134.1665,3000.9937,3280.7563,674.2304,681.1548,3273.8319
615,-37.8689,3209.0841,245.9856,3256.1797,3227.6140,-56.3988,-37.8689,3209.0841
616,889.8195,3566.5616,-322.6827,3263.5742,3604.9117,851.4694,889.8195,3566.5616
617,588.7342,3239.1909,69.5168,2991.0602,3241.0129,586.9122,588.7342,3239.1909
618,537.3793,3255.7594,90.0169,3027.1236,3258.7370,534.4017,537.3793,3255.7594
619,812.6104,3487.7833,-82.9065,3164.0764,3490.3502,810.0435,812.6104,3487.7833
620,714.1617,2389.9344,-121.2320,2135.2062,2398.6594,705.4367,714.1617,2389.9344
621,659.6793,3261.5753,-0.7785,2986.8811,3261.5756,659.6791,659.6793,3261.5753
622,799.9709,3295.8827,96.3288,2982.2850,3299.5950,796.2587,799.9709,3295.8827
623,-157.1932,3594.4162,-333.6092,3720.6774,3623.8512,-186.6282,-157.1932,3594.4162
624,292.3474,3417.3090,-59.8398,3282.5552,3418.4544,291.2020,292.3474,3417.3090
625,268.2501,3255.8191,72.1579,3132.8202,3257.5609,266.5083,268.2501,3255.8191
626,256.6975,3333.2689,82.1182,3215.7679,3335.4592,254.5072,256.6975,3333.2689
627,-137.0316,2826.3158,1321.1996,3691.9966,3329.8185,-640.5343,-137.0316,2826.3158
628,-97.1048,3374.3807,-524.2807,3542.3373,3451.8321,-174.5562,-97.1048,3374.3807
629,545.5592,3298.4478,-70.6000,3064.7752,3300.2572,543.7498,545.5592,3298.4478
630,323.1955,3321.7585,161.4212,3184.8278,3330.4233,314.5308,323.1955,3321.7585
631,-30.5223,5537.5402,-361.4871,5588.0515,5560.9104,-53.8925,-30.5223,5537.5402
632,596.6396,3536.5914,383.1732,3345.7215,3585.7109,547.5201,596.6396,3536.5914
633,482.0861,3509.3732,-96.8198,3299.1528,3512.4666,478.9928,482.0861,3509.3732
634,345.7950,3274.9864,3.4059,3116.5158,3274.9903,345.7910,345.7950,3274.9864
635,592.8925,2611.7299,-105.1729,2378.5213,2617.1942,587.4282,592.8925,2611.7299
636,721.4969,2501.2948,352.2816,2311.8530,2568.4865,654.3052,721.4969,2501.2948
637,267.7393,2560.0791,12.1560,2437.3549,2560.1436,267.6748,267.7393,2560.0791
638,623.8373,3320.9662,36.7390,3057.8254,3321.4666,623.3370,623.8373,3320.9662
639,577.7454,3288.7301,8.8723,3041.3357,3288.7591,577.7164,577.7454,3288.7301
640,123.8963,3350.7208,24.6167,3290.7987,3350.9086,123.7085,123.8963,3350.7208
641,116.9416,3321.7751,-41.1716,3265.6541,3322.3039,116.4127,116.9416,3321.7751
642,178.3316,5779.0570,-80.5878,5693.6980,5780.2163,177.1723,178.3316,5779.0570
643,473.1923,2454.4562,-222.2222,2288.0089,2479.0751,448.5733,473.1923,2454.4562
644,1150.0603,3268.1956,603.8962,3056.0090,3428.2731,989.9828,1150.0603,3268.1956
645,837.9826,2672.9131,153.5424,2382.7611,2685.6724,825.2233,837.9826,2672.9131
646,-658.4204,2573.4523,-284.7621,2998.9758,2598.3510,-683.3192,-658.4204,2573.4523
647,-593.4544,2963.2735,-154.6776,3311.1208,2969.9876,-600.1684,-593.4544,2963.2735
648,561.4791,3342.3567,-25.5670,3100.3072,3342.5917,561.2441,561.4791,3342.3567
649,431.5060,3345.1569,5.3081,3151.6505,3345.1665,431.4963,431.5060,3345.1569
650,6.1851,2305.7964,193.8683,2327.0644,2322.0259,-10.0444,6.1851,2305.7964
651,263.1024,2466.6033,123.7308,2355.9103,2473.5293,256.1764,263.1024,2466.6033
652,338.8079,3617.1136,179.8291,3474.1633,3626.9485,328.9730,338.8079,3617.1136
653,477.4657,2597.9926,421.7225,2504.1238,2678.7850,396.6733,477.4657,2597.9926
654,180.4633,3405.2509,2.4248,3318.7039,3405.2528,180.4615,180.4633,3405.2509
655,-1615.9991,2133.9477,-1834.1985,4550.4391,2881.9134,-2363.9648,-1615.9991,2133.9477
656,271.8448,3324.9943,164.3255,3210.3914,3333.8131,263.0260,271.8448,3324.9943
657,1074.5795,3486.9416,-281.3336,3131.1232,3519.3167,1042.2045,1074.5795,3486.9416
658,604.5751,3290.0384,98.1680,3038.0420,3293.6222,600.9913,604.5751,3290.0384
659,407.9044,3433.7166,-129.4813,3256.7567,3439.2473,402.3737,407.9044,3433.7166
660,218.9464,468.8858,-1270.1349,2237.1541,1620.1841,-932.3520,218.9464,468.8858
661,-1550.7420,2983.6074,-732.7468,4188.5884,3099.0781,-1666.2127,-1550.7420,2983.6074
662,610.5997,3042.5664,45.1879,2788.9744,3043.4058,609.7604,610.5997,3042.5664
663,664.3956,2821.3756,179.3154,2573.6228,2836.1809,649.5903,664.3956,2821.3756
664,772.7021,3162.7114,62.6955,2857.9311,3164.3549,771.0586,772.7021,3162.7114
665,704.7497,3006.8393,-94.8327,2728.6747,3010.7393,700.8497,704.7497,3006.8393
666,694.2041,3262.2833,180.7407,2992.9455,3274.9414,681.5460,694.2041,3262.2833
667,811.4414,3271.4075,190.1824,2968.9218,3286.0238,796.8250,811.4414,3271.4075
668,211.2415,3252.4099,-64.6180,3154.0887,3253.7823,209.8691,211.2415,3252.4099
669,255.9613,3069.0215,-132.2581,2958.2655,3075.2260,249.7568,255.9613,3069.0215
670,-200.8010,2118.5376,634.9967,2482.6577,2281.0081,-363.2715,-200.8010,2118.5376
671,784.9453,3153.4418,84.7113,2847.2061,3156.4677,781.9194,784.9453,3153.4418
672,-1477.0687,3458.3759,-145.0399,4394.7086,3462.6346,-1481.3273,-1477.0687,3458.3759
673,291.7673,3342.0755,13.4796,3206.2491,3342.1351,291.7077,291.7673,3342.0755
674,324.6172,3365.4297,-6.8800,3215.4562,3365.4452,324.6017,324.6172,3365.4297
675,699.2029,3394.7986,-39.0604,3105.5541,3395.3645,698.6370,699.2029,3394.7986
676,176.3458,3282.1415,69.2904,3199.8691,3283.6866,174.8007,176.3458,3282.1415
677,309.5150,3323.0118,187.9391,3196.1927,3334.6875,297.8393,309.5150,3323.0118
678,340.5388,3257.4229,209.4763,3122.3601,3272.3896,325.5721,340.5388,3257.4229
679,581.7849,3209.3172,-16.1252,2961.7289,3209.4161,581.6859,581.7849,3209.3172
680,550.8927,3126.8469,-66.5266,2893.3328,3128.5639,549.1758,550.8927,3126.8469
681,-682.1090,2509.4986,-225.9568,2937.3078,2525.4163,-698.0267,-682.1090,2509.4986
682,514.0962,3165.7743,32.3720,2943.1366,3166.1694,513.7010,514.0962,3165.7743
683,484.3239,3147.4878,82.4768,2938.9204,3150.0397,481.7721,484.3239,3147.4878
684,632.6201,3301.8155,33.8126,3035.9230,3302.2437,632.1918,632.6201,3301.8155
685,569.5530,3255.2681,69.7089,3013.5844,3257.0762,567.7449,569.5530,3255.2681
686,-650.7708,2902.5570,82.6476,3279.8980,2904.4783,-652.6921,-650.7708,2902.5570
687,-405.4937,2992.9924,316.7829,3261.4601,3022.2685,-434.7698,-405.4937,2992.9924
688,578.2669,3288.4176,59.6450,3042.5602,3289.7296,576.9549,578.2669,3288.4176
689,563.5302,3255.9681,111.5233,3020.1607,3260.5796,558.9187,563.5302,3255.9681
690,439.9840,3367.6681,68.7122,3172.8880,3369.2798,438.3722,439.9840,3367.6681
691,589.4070,3145.3018,70.1713,2898.4881,3147.2268,587.4819,589.4070,3145.3018
692,643.8688,2301.8085,-184.0003,2081.4406,2321.9836,623.6937,643.8688,2301.8085
693,667.7524,2997.6155,-92.8337,2730.5276,3001.3086,664.0592,667.7524,2997.6155
694,328.3877,2926.7522,-352.2665,2843.3928,2973.6629,281.4770,328.3877,2926.7522
695,-822.3019,2157.3413,-423.6440,2764.5453,2216.4041,-881.3646,-822.3019,2157.3413
696,622.0384,3548.0350,147.9204,3291.5211,3555.4939,614.5795,622.0384,3548.0350
697,582.7514,3110.6771,122.1844,2871.9239,3116.5690,576.8595,582.7514,3110.6771
698,430.1309,3179.5056,183.1045,3004.5377,3191.6465,417.9900,430.1309,3179.5056
699,1523.6496,3238.4170,274.6726,2846.2212,3281.3398,1480.7268,1523.6496,3238.4170
700,-1106.3731,2112.7651,-347.6983,2896.2090,2149.8917,-1143.4997,-1106.3731,2112.7651
701,537.6232,3015.3317,217.5723,2811.0790,3034.2921,518.6629,537.6232,3015.3317
702,868.0238,3554.4448,190.8677,3226.6844,3567.9380,854.5306,868.0238,3554.4448
703,-679.3467,3066.1230,160.7773,3467.4387,3073.0119,-686.2355,-679.3467,3066.1230
704,444.0409,3255.3911,-84.5734,3061.1558,3257.9330,441.4990,444.0409,3255.3911
705,608.7861,4519.2765,820.8872,4479.3723,4684.6067,443.4560,608.7861,4519.2765
706,-287.3101,2394.5173,-655.1759,2791.4145,2546.0194,-438.8122,-287.3101,2394.5173
707,733.6110,2979.7086,12.5926,2689.1220,2979.7792,733.5404,733.6110,2979.7086
708,-22.8136,1962.2757,-550.6347,2192.1242,2104.7832,-165.3211,-22.8136,1962.2757
709,428.3042,3055.4198,272.5915,2904.0151,3083.4060,400.3180,428.3042,3055.4198
710,-857.9812,3205.2181,-280.6035,3741.0943,3224.5050,-877.2681,-857.9812,3205.2181
711,302.3638,3350.6989,-10.5047,3210.2660,3350.7351,302.3276,302.3638,3350.6989
712,760.4394,3262.8176,226.5533,2982.7925,3283.1632,740.0937,760.4394,3262.8176
713,-551.3451,3164.2734,-48.6077,3473.9463,3164.9092,-551.9809,-551.3451,3164.2734
714,-596.6815,3082.4605,-232.8545,3443.7628,3097.1394,-611.3604,-596.6815,3082.4605
715,-561.5222,3141.3565,-167.9873,3468.7214,3148.9619,-569.1276,-561.5222,3141.3565
716,-519.6527,3232.7517,-207.3068,3539.7117,3244.1699,-531.0709,-519.6527,3232.7517
717,371.3649,2749.3173,295.0786,2633.7941,2785.3863,335.2959,371.3649,2749.3173
718,-539.5646,2909.9787,679.7929,3422.8033,3039.1098,-668.6957,-539.5646,2909.9787
719,-802.3569,2944.6316,-458.9075,3508.4277,3000.0170,-857.7423,-802.3569,2944.6316
720,-773.7532,3093.1313,208.0162,3562.2026,3104.2891,-784.9111,-773.7532,3093.1313
721,458.1310,3410.3134,141.3366,3215.2262,3417.0645,451.3799,458.1310,3410.3134
722,1009.3558,3719.9649,-449.3777,3421.6941,3792.5226,936.7981,1009.3558,3719.9649
723,-829.6077,2849.6065,-467.8176,3439.3490,2908.1584,-888.1596,-829.6077,2849.6065
724,-503.8988,3208.3043,156.6591,3498.2021,3214.9038,-510.4983,-503.8988,3208.3043
725,-642.2901,3291.4737,152.0067,3664.6602,3297.3387,-648.1551,-642.2901,3291.4737
726,360.8504,3245.7656,118.9510,3088.1094,3250.6619,355.9541,360.8504,3245.7656
727,534.8121,3645.2035,-151.9713,3419.5496,3652.6111,527.4046,534.8121,3645.2035
728,674.9918,3340.2023,-13.5167,3059.1672,3340.2709,674.9233,674.9918,3340.2023
729,-686.8372,2443.4458,-232.8824,2878.0418,2460.6766,-704.0680,-686.8372,2443.4458
730,-345.8636,2449.5276,-121.7345,2647.9176,2454.8190,-351.1549,-345.8636,2449.5276
731,-566.0189,2966.8134,232.8686,3311.2407,2982.0969,-581.3025,-566.0189,2966.8134
732,-887.0471,3250.7923,201.9753,3789.5239,3260.6277,-896.8825,-887.0471,3250.7923
733,90.3243,2449.3122,200.5276,2430.3683,2466.2368,73.3998,90.3243,2449.3122
734,-429.6266,2197.8119,-601.5992,2654.2342,2329.0078,-560.8225,-429.6266,2197.8119
