face,S11,S22,S12,von_mises,principal_1,principal_2,T_wale_Nm,T_course_Nm
0,11198.0399,25063.3492,5.8844,21746.4317,25063.3517,11198.0374,11198.0399,25063.3492
1,11211.5359,25117.9748,-5.4844,21794.4995,25117.9770,11211.5337,11211.5359,25117.9748
2,11227.3739,25144.2338,0.8174,21817.0278,25144.2338,11227.3739,11227.3739,25144.2338
3,11225.8042,25146.8556,1.2251,21819.4719,25146.8557,11225.8041,11225.8042,25146.8556
4,11166.1419,25011.0195,16.3405,21701.5675,25011.0388,11166.1226,11166.1419,25011.0195
5,11163.3547,24997.5109,23.1459,21689.6650,24997.5496,11163.3160,11163.3547,24997.5109
6,11171.0846,25036.1691,17.5334,21723.7808,25036.1913,11171.0624,11171.0846,25036.1691
7,11162.0139,24969.7694,9.8045,21664.8866,24969.7764,11162.0069,11162.0139,24969.7694
8,11173.8037,24980.3426,-9.2182,21673.6295,24980.3487,11173.7975,11173.8037,24980.3426
9,11174.1330,24992.9355,-14.4921,21684.8868,24992.9507,11174.1178,11174.1330,24992.9355
10,11172.1306,24982.7128,-1.6625,21675.8465,24982.7130,11172.1304,11172.1306,24982.7128
11,11186.8204,25031.1884,8.4256,21718.3367,25031.1936,11186.8153,11186.8204,25031.1884
12,11162.8088,24941.0278,2.2133,21639.1140,24941.0281,11162.8085,11162.8088,24941.0278
13,11184.0711,25056.1683,-14.4302,21740.8756,25056.1833,11184.0561,11184.0711,25056.1683
14,11175.6937,25083.2577,11.2340,21765.6500,25083.2667,11175.6847,11175.6937,25083.2577
15,11169.2189,25102.7371,-1.8326,21783.5008,25102.7373,11169.2186,11169.2189,25102.7371
16,11190.6403,25114.1235,-7.6109,21792.3537,25114.1277,11190.6361,11190.6403,25114.1235
17,11215.1814,25125.9721,3.2767,21801.4326,25125.9728,11215.1806,11215.1814,25125.9721
18,11166.7242,25072.8587,-17.4785,21756.9113,25072.8806,11166.7022,11166.7242,25072.8587
19,11186.7174,25062.3989,-16.9865,21746.2957,25062.4197,11186.6966,11186.7174,25062.3989
20,11187.4681,25097.8445,-11.6780,21777.9777,25097.8543,11187.4583,11187.4681,25097.8445
21,11165.8351,25046.9329,22.7180,21733.7605,25046.9700,11165.7979,11165.8351,25046.9329
22,11176.3294,25082.5314,-11.1830,21764.9595,25082.5404,11176.3204,11176.3294,25082.5314
23,11163.4349,25060.7629,15.7460,21746.2793,25060.7808,11163.4171,11163.4349,25060.7629
24,11201.0562,25096.0281,-9.1021,21775.5026,25096.0341,11201.0503,11201.0562,25096.0281
25,11180.8411,25109.9396,-5.0878,21789.2200,25109.9415,11180.8392,11180.8411,25109.9396
26,11181.3569,25110.1238,2.6801,21789.3512,25110.1243,11181.3564,11181.3569,25110.1238
27,11188.4873,25102.1420,8.2028,21781.7581,25102.1469,11188.4824,11188.4873,25102.1420
28,11168.7768,25088.3038,-14.4696,21770.6115,25088.3188,11168.7618,11168.7768,25088.3038
29,11194.1149,25104.2273,10.5813,21783.2772,25104.2353,11194.1069,11194.1149,25104.2273
30,11164.0497,24975.0400,-6.2070,21669.4752,24975.0428,11164.0469,11164.0497,24975.0400
31,11161.4496,24939.6218,1.6610,21637.9382,24939.6220,11161.4494,11161.4496,24939.6218
32,11190.5533,25028.9485,-0.4874,21716.0992,25028.9486,11190.5533,11190.5533,25028.9485
33,11167.0496,25000.7184,-13.7239,21692.2848,25000.7320,11167.0360,11167.0496,25000.7184
34,11185.2445,25012.2412,-5.0831,21701.4734,25012.2431,11185.2426,11185.2445,25012.2412
35,11165.2257,25000.9196,-23.8849,21692.6035,25000.9608,11165.1845,11165.2257,25000.9196
36,11196.2783,25070.0143,8.0143,21752.5079,25070.0190,11196.2737,11196.2783,25070.0143
37,11160.8130,24947.3502,11.0936,21644.8998,24947.3591,11160.8041,11160.8130,24947.3502
38,11173.8332,24991.1199,11.3108,21683.2746,24991.1291,11173.8240,11173.8332,24991.1199
39,11174.4547,25026.5930,19.2601,21715.0035,25026.6198,11174.4279,11174.4547,25026.5930
40,11167.0812,25060.9304,21.3655,21746.2149,25060.9633,11167.0484,11167.0812,25060.9304
41,11174.1250,25027.7382,-16.6509,21716.0426,25027.7582,11174.1050,11174.1250,25027.7382
42,11228.4059,25144.8396,0.2813,21817.5066,25144.8396,11228.4059,11228.4059,25144.8396
43,11223.4548,25137.9130,2.1303,21811.6114,25137.9133,11223.4544,11223.4548,25137.9130
44,11198.6840,25052.5698,-3.5101,21736.7431,25052.5707,11198.6831,11198.6840,25052.5698
45,11166.9173,25050.5633,-23.1578,21736.9456,25050.6019,11166.8787,11166.9173,25050.5633
46,11201.0079,25120.9620,2.4858,21797.8264,25120.9624,11201.0075,11201.0079,25120.9620
47,11229.0405,25149.3833,0.2882,21821.5350,25149.3833,11229.0405,11229.0405,25149.3833
48,11228.4565,25149.3048,0.4998,21821.5007,25149.3048,11228.4565,11228.4565,25149.3048
49,11220.1358,25140.5833,-2.9187,21814.2074,25140.5839,11220.1352,11220.1358,25140.5833
50,11218.3645,25128.9849,3.6924,21803.9334,25128.9858,11218.3635,11218.3645,25128.9849
51,11163.9695,24969.2256,18.8137,21664.2986,24969.2513,11163.9439,11163.9695,24969.2256
52,11212.0099,25105.6061,-7.0405,21783.3989,25105.6097,11212.0063,11212.0099,25105.6061
53,11190.1756,25114.3751,-5.7217,21792.6065,25114.3774,11190.1733,11190.1756,25114.3751
54,11188.8900,25099.6901,9.1343,21779.5381,25099.6961,11188.8840,11188.8900,25099.6901
55,11174.1505,25067.4413,-12.4179,21751.5828,25067.4524,11174.1394,11174.1505,25067.4413
56,11171.5067,24996.0961,11.8669,21687.8710,24996.1063,11171.4966,11171.5067,24996.0961
57,11174.8419,25007.6283,16.3309,21697.9970,25007.6476,11174.8226,11174.8419,25007.6283
58,11186.7029,25100.6013,-4.0326,21780.4864,25100.6025,11186.7017,11186.7029,25100.6013
59,11191.9132,25033.3796,-6.0119,21719.9842,25033.3822,11191.9106,11191.9132,25033.3796
60,11178.5386,25068.4823,18.7746,21752.2548,25068.5076,11178.5133,11178.5386,25068.4823
61,11197.0322,25061.8029,-11.1129,21745.1156,25061.8118,11197.0233,11197.0322,25061.8029
62,11189.6893,25092.6910,14.2582,21773.2286,25092.7056,11189.6746,11189.6893,25092.6910
63,11189.4377,25083.2214,-13.2085,21764.7626,25083.2339,11189.4252,11189.4377,25083.2214
64,11175.0925,24998.5686,-14.3161,21689.8692,24998.5835,11175.0777,11175.0925,24998.5686
65,11166.6531,24972.5991,0.4916,21667.1294,24972.5991,11166.6531,11166.6531,24972.5991
66,11217.8495,25114.0316,-2.6251,21790.5788,25114.0321,11217.8490,11217.8495,25114.0316
67,11219.2599,25134.4371,3.0082,21808.7589,25134.4377,11219.2593,11219.2599,25134.4371
68,11215.4035,25130.3671,1.9186,21805.3532,25130.3673,11215.4032,11215.4035,25130.3671
69,11194.9536,25112.0588,1.5311,21790.2308,25112.0590,11194.9534,11194.9536,25112.0588
70,11177.5504,25050.2594,-20.4490,21736.0034,25050.2895,11177.5203,11177.5504,25050.2594
71,11213.1220,25129.9599,-0.5618,21805.1298,25129.9600,11213.1220,11213.1220,25129.9599
72,11178.6496,25074.5675,-17.7675,21757.6949,25074.5903,11178.6269,11178.6496,25074.5675
73,11217.7841,25132.1863,-1.9439,21806.8347,25132.1866,11217.7838,11217.7841,25132.1863
74,11209.6708,25119.8529,-5.6217,21796.2965,25119.8551,11209.6686,11209.6708,25119.8529
75,11184.4815,25098.2045,4.9846,21778.4795,25098.2063,11184.4797,11184.4815,25098.2045
76,11179.7026,25008.6526,0.2524,21698.5981,25008.6526,11179.7026,11179.7026,25008.6526
77,11216.2256,25111.1726,-4.5226,21788.1204,25111.1741,11216.2241,11216.2256,25111.1726
78,11199.9649,25058.5016,4.7715,21741.9743,25058.5033,11199.9633,11199.9649,25058.5016
79,11213.2928,25095.0493,3.1767,21773.8680,25095.0500,11213.2920,11213.2928,25095.0493
80,11184.9530,25087.4969,9.4627,21768.8647,25087.5034,11184.9466,11184.9530,25087.4969
81,11187.7528,25044.2729,-15.0748,21730.0015,25044.2893,11187.7364,11187.7528,25044.2729
82,11162.9370,24952.4993,12.9221,21649.3813,24952.5115,11162.9248,11162.9370,24952.4993
83,11201.1096,25079.9425,-9.9536,21761.1002,25079.9496,11201.1024,11201.1096,25079.9425
84,11194.3844,25092.6025,-9.6990,21772.8497,25092.6093,11194.3776,11194.3844,25092.6025
85,11176.9934,25098.2888,-1.0540,21779.0238,25098.2888,11176.9933,11176.9934,25098.2888
86,11168.2524,25075.3945,18.9540,21759.0904,25075.4203,11168.2266,11168.2524,25075.3945
87,11163.7261,25009.2725,23.9231,21700.1737,25009.3138,11163.6848,11163.7261,25009.2725
88,11185.4797,25092.1298,-9.3434,21772.9806,25092.1360,11185.4735,11185.4797,25092.1298
89,11219.4094,25120.0811,-2.2452,21795.8978,25120.0814,11219.4091,11219.4094,25120.0811
90,11206.0435,25100.7746,7.1859,21779.4417,25100.7783,11206.0398,11206.0435,25100.7746
91,11184.8996,25050.7614,16.8476,21735.9892,25050.7819,11184.8791,11184.8996,25050.7614
92,11215.9763,25116.3277,2.5796,21792.7494,25116.3282,11215.9758,11215.9763,25116.3277
93,11204.5138,25091.5162,-10.0544,21771.2512,25091.5235,11204.5065,11204.5138,25091.5162
94,11218.8978,25138.6262,1.0056,21812.5312,25138.6263,11218.8977,11218.8978,25138.6262
95,11204.1928,25130.5215,0.4153,21806.1881,25130.5215,11204.1928,11204.1928,25130.5215
96,11208.2719,25122.4723,4.7863,21798.7280,25122.4739,11208.2703,11208.2719,25122.4723
97,11209.7720,25098.3648,-7.2619,21777.0548,25098.3686,11209.7682,11209.7720,25098.3648
98,11206.0761,25113.6718,5.3056,21790.9849,25113.6739,11206.0741,11206.0761,25113.6718
99,11179.2413,25092.1143,13.4071,21773.3639,25092.1272,11179.2284,11179.2413,25092.1143
100,11166.0557,24970.0423,0.2960,21664.8778,24970.0423,11166.0557,11166.0557,24970.0423
101,11163.1043,24977.4880,-9.2946,21671.7272,24977.4942,11163.0981,11163.1043,24977.4880
102,11174.6947,24989.0378,-11.5231,21681.3593,24989.0474,11174.6851,11174.6947,24989.0378
103,11163.7715,24959.9259,-15.9710,21655.9819,24959.9444,11163.7530,11163.7715,24959.9259
104,11175.2540,25035.7714,19.4639,21723.1716,25035.7987,11175.2266,11175.2540,25035.7714
105,11174.6950,24996.9844,11.6633,21688.4709,24996.9943,11174.6851,11174.6950,24996.9844
106,11186.3524,25077.2678,-12.4311,21759.6220,25077.2789,11186.3412,11186.3524,25077.2678
107,11173.8659,25089.0463,9.3616,21770.9473,25089.0526,11173.8596,11173.8659,25089.0463
108,11169.0589,25005.8943,16.7830,21696.8008,25005.9147,11169.0385,11169.0589,25005.8943
109,11189.3465,25118.4620,2.3937,21796.3174,25118.4625,11189.3461,11189.3465,25118.4620
110,11190.6257,25077.7578,-13.1607,21759.7968,25077.7703,11190.6132,11190.6257,25077.7578
111,11161.8789,24956.5882,15.3764,21653.1090,24956.6054,11161.8618,11161.8789,24956.5882
112,11165.6502,25038.4978,23.5158,21726.2207,25038.5376,11165.6103,11165.6502,25038.4978
113,11204.0603,25092.3260,6.0171,21771.9996,25092.3286,11204.0577,11204.0603,25092.3260
114,11211.2921,25103.1428,7.3517,21781.2384,25103.1467,11211.2882,11211.2921,25103.1428
115,11164.8952,25022.5213,24.0459,21711.9636,25022.5630,11164.8535,11164.8952,25022.5213
116,11186.1965,25023.6149,-9.2197,21711.5978,25023.6211,11186.1903,11186.1965,25023.6149
117,11168.1942,24990.5154,-14.5140,21683.0838,24990.5307,11168.1789,11168.1942,24990.5154
118,11182.3066,25033.9959,-12.5849,21721.1323,25034.0073,11182.2952,11182.3066,25033.9959
119,11189.6377,25057.4543,9.3215,21741.6750,25057.4606,11189.6314,11189.6377,25057.4543
120,11208.5228,25093.6461,3.3016,21772.9048,25093.6469,11208.5220,11208.5228,25093.6461
121,11229.8899,25148.3150,0.0929,21820.5262,25148.3150,11229.8899,11229.8899,25148.3150
122,11224.3484,25137.7069,-1.0899,21811.3715,25137.7070,11224.3483,11224.3484,25137.7069
123,11197.1654,25114.2108,6.7736,21792.0229,25114.2141,11197.1621,11197.1654,25114.2108
124,11197.8538,25107.9848,-10.0126,21786.4083,25107.9920,11197.8466,11197.8538,25107.9848
125,11196.5510,25111.2957,-8.5952,21789.4526,25111.3010,11196.5457,11196.5510,25111.2957
126,11182.8035,25079.3971,-10.5273,21761.7466,25079.4051,11182.7955,11182.8035,25079.3971
127,11189.2783,25060.5228,10.7638,21744.4461,25060.5311,11189.2700,11189.2783,25060.5228
128,11162.0226,24962.2954,16.9748,21658.2109,24962.3163,11162.0017,11162.0226,24962.2954
129,11221.0473,25137.4654,1.4981,21811.3591,25137.4655,11221.0471,11221.0473,25137.4654
130,11214.1394,25132.4417,-4.9584,21807.2905,25132.4435,11214.1376,11214.1394,25132.4417
131,11201.1745,25109.8168,-7.8500,21787.8396,25109.8212,11201.1701,11201.1745,25109.8168
132,11208.1090,25112.1238,5.1243,21789.4729,25112.1257,11208.1071,11208.1090,25112.1238
133,11182.0384,25081.0400,10.9502,21763.2663,25081.0487,11182.0298,11182.0384,25081.0400
134,11176.2713,24981.8392,-1.0565,21674.8131,24981.8393,11176.2712,11176.2713,24981.8392
135,11164.4954,24987.2080,15.8680,21680.3530,24987.2262,11164.4772,11164.4954,24987.2080
136,11168.3827,24988.2348,14.0959,21681.0303,24988.2492,11168.3683,11168.3827,24988.2348
137,11162.2888,24944.6970,-8.2738,21642.4327,24944.7020,11162.2838,11162.2888,24944.6970
138,11205.5932,25079.9187,-7.5518,21760.8007,25079.9229,11205.5891,11205.5932,25079.9187
139,11176.5852,25003.6102,-3.4261,21694.2766,25003.6111,11176.5843,11176.5852,25003.6102
140,11206.6593,25115.1616,7.8059,21792.2849,25115.1660,11206.6549,11206.6593,25115.1616
141,11229.2836,25144.9713,-0.8687,21817.5705,25144.9714,11229.2836,11229.2836,25144.9713
142,11211.7969,25111.0916,-5.0280,21788.3209,25111.0935,11211.7951,11211.7969,25111.0916
143,11213.0210,25117.2357,4.2888,21793.7453,25117.2370,11213.0196,11213.0210,25117.2357
144,11193.0058,25082.6411,13.1740,21764.0216,25082.6536,11192.9933,11193.0058,25082.6411
145,11218.4053,25136.7137,-1.9316,21810.8496,25136.7139,11218.4050,11218.4053,25136.7137
146,11218.6079,25119.0709,-4.3240,21795.0438,25119.0722,11218.6065,11218.6079,25119.0709
147,11210.8455,25129.5905,0.4949,21804.9403,25129.5906,11210.8455,11210.8455,25129.5905
148,11206.5866,25121.4160,-7.2518,21797.8889,25121.4198,11206.5829,11206.5866,25121.4160
149,11189.9971,25117.9473,-3.2893,21795.8158,25117.9481,11189.9963,11189.9971,25117.9473
150,11174.0232,25080.2325,4.6226,21763.0379,25080.2340,11174.0217,11174.0232,25080.2325
151,11188.0684,25055.1303,-12.2553,21739.6957,25055.1411,11188.0575,11188.0684,25055.1303
152,11195.6264,25044.7287,-5.8891,21729.9140,25044.7312,11195.6239,11195.6264,25044.7287
153,11209.2187,25093.7369,2.9663,21772.9432,25093.7375,11209.2181,11209.2187,25093.7369
154,11164.1231,24990.4869,-22.7991,21683.3292,24990.5245,11164.0855,11164.1231,24990.4869
155,11178.7716,25020.4978,-10.2778,21709.2637,25020.5054,11178.7640,11178.7716,25020.4978
156,11180.1744,25109.7018,0.8982,21789.0473,25109.7018,11180.1743,11180.1744,25109.7018
157,11177.6458,25003.2768,3.4625,21693.9134,25003.2776,11177.6449,11177.6458,25003.2768
158,11167.9100,25087.6056,-12.6952,21770.0375,25087.6172,11167.8984,11167.9100,25087.6056
159,11194.1950,25111.1789,-0.5603,21789.4900,25111.1789,11194.1950,11194.1950,25111.1789
160,11164.5618,25022.3596,-23.9910,21711.8393,25022.4011,11164.5203,11164.5618,25022.3596
161,11177.4861,25024.2826,-19.2502,21712.7487,25024.3094,11177.4593,11177.4861,25024.2826
162,11181.5514,25021.0946,10.1868,21709.6274,25021.1020,11181.5439,11181.5514,25021.0946
163,11196.5114,25120.0679,2.3421,21797.3064,25120.0682,11196.5110,11196.5114,25120.0679
164,11167.4158,25055.7902,22.4859,21741.5935,25055.8266,11167.3794,11167.4158,25055.7902
165,11178.9171,25071.7730,18.7129,21755.1780,25071.7982,11178.8918,11178.9171,25071.7730
166,11161.0451,24961.1696,-16.8189,21657.2626,24961.1901,11161.0246,11161.0451,24961.1696
167,11183.9421,25011.8823,-8.8896,21701.2353,25011.8881,11183.9364,11183.9421,25011.8823
168,11165.6906,25012.8692,24.6633,21703.2748,25012.9131,11165.6466,11165.6906,25012.8692
169,11180.2358,24999.4281,-6.1070,21690.3132,24999.4308,11180.2331,11180.2358,24999.4281
170,11162.3467,24951.1668,-12.5668,21648.2242,24951.1783,11162.3352,11162.3467,24951.1668
171,11162.9564,24979.0447,21.2155,21673.1547,24979.0773,11162.9239,11162.9564,24979.0447
172,11223.5254,25145.0143,0.9769,21817.9643,25145.0144,11223.5254,11223.5254,25145.0143
173,11224.4050,25135.7567,1.1496,21809.6223,25135.7568,11224.4049,11224.4050,25135.7567
174,11224.5571,25145.4436,-1.4992,21818.2849,25145.4438,11224.5570,11224.5571,25145.4436
175,11205.2994,25090.2479,-5.1313,21770.0623,25090.2498,11205.2975,11205.2994,25090.2479
176,11208.2523,25086.9064,0.3530,21766.8881,25086.9064,11208.2523,11208.2523,25086.9064
177,11215.0882,25109.1661,1.3599,21786.3930,25109.1663,11215.0880,11215.0882,25109.1661
178,11213.2949,25098.7173,-4.8716,21777.1519,25098.7190,11213.2931,11213.2949,25098.7173
179,11212.0775,25130.7343,-3.6828,21805.8888,25130.7353,11212.0765,11212.0775,25130.7343
180,11178.1391,25052.5532,19.8347,21738.0190,25052.5816,11178.1107,11178.1391,25052.5532
181,11218.9889,25135.2192,-3.9663,21809.4763,25135.2203,11218.9877,11218.9889,25135.2192
182,11227.1234,25138.0653,-1.7244,21811.5216,25138.0655,11227.1232,11227.1234,25138.0653
183,11186.7546,25061.3123,13.5770,21745.3134,25061.3256,11186.7413,11186.7546,25061.3123
184,11188.4206,25061.6045,12.8838,21745.4708,25061.6165,11188.4086,11188.4206,25061.6045
185,11167.9370,25094.1128,-7.9231,21775.8589,25094.1173,11167.9325,11167.9370,25094.1128
186,11188.3769,25092.4296,-13.3708,21773.0746,25092.4424,11188.3641,11188.3769,25092.4296
187,11199.9698,25122.2481,-6.0100,21799.0449,25122.2507,11199.9672,11199.9698,25122.2481
188,11170.9697,25037.4802,15.9532,21724.9582,25037.4985,11170.9513,11170.9697,25037.4802
189,11195.7823,25094.0497,12.9968,21774.0639,25094.0618,11195.7701,11195.7823,25094.0497
190,11189.9581,25108.4482,9.6814,21787.3159,25108.4550,11189.9513,11189.9581,25108.4482
191,11166.1629,25088.1446,8.0493,21770.6242,25088.1492,11166.1582,11166.1629,25088.1446
192,11180.0030,25044.7990,-13.0565,21730.9459,25044.8113,11179.9907,11180.0030,25044.7990
193,11180.5497,25034.9904,-12.3202,21722.1301,25035.0014,11180.5387,11180.5497,25034.9904
194,11168.9255,25100.2441,-5.3331,21781.2874,25100.2462,11168.9235,11168.9255,25100.2441
195,11193.1490,25113.4114,5.3669,21791.5568,25113.4134,11193.1469,11193.1490,25113.4114
196,11192.9101,25107.6100,5.4947,21786.3761,25107.6122,11192.9080,11192.9101,25107.6100
197,11167.1599,24983.1022,-9.9347,21676.5047,24983.1093,11167.1528,11167.1599,24983.1022
198,11185.5650,25035.4257,-13.9078,21722.2145,25035.4397,11185.5510,11185.5650,25035.4257
199,11183.3338,25008.5906,4.5355,21698.3226,25008.5921,11183.3323,11183.3338,25008.5906
200,11191.3832,25053.0874,9.7564,21737.6593,25053.0943,11191.3763,11191.3832,25053.0874
201,11178.7477,25004.2658,6.5315,21694.7334,25004.2689,11178.7446,11178.7477,25004.2658
202,11180.4289,25014.0779,-13.1033,21703.4209,25014.0903,11180.4164,11180.4289,25014.0779
203,11183.4537,25064.1547,-17.2192,21748.0703,25064.1760,11183.4323,11183.4537,25064.1547
204,11198.2517,25101.1706,7.6869,21780.2791,25101.1748,11198.2475,11198.2517,25101.1706
205,11172.5642,25063.3847,14.5365,21748.0529,25063.3999,11172.5489,11172.5642,25063.3847
206,11163.1488,24951.9495,12.6323,21648.8759,24951.9610,11163.1372,11163.1488,24951.9495
207,11169.9536,25018.9593,16.8301,21708.4413,25018.9797,11169.9332,11169.9536,25018.9593
208,11174.8592,24979.2246,2.7100,21672.5597,24979.2252,11174.8587,11174.8592,24979.2246
209,11168.3342,25098.4541,3.8296,21779.7201,25098.4552,11168.3332,11168.3342,25098.4541
210,11176.5114,25086.4678,-9.8451,21768.4719,25086.4747,11176.5045,11176.5114,25086.4678
211,11214.4465,25107.1383,0.8163,21784.6172,25107.1383,11214.4465,11214.4465,25107.1383
212,11191.7449,25042.5052,-0.6041,21728.1589,25042.5052,11191.7449,11191.7449,25042.5052
213,11213.9004,25103.6205,-0.8816,21781.5020,25103.6206,11213.9003,11213.9004,25103.6205
214,11202.8181,25114.8705,10.1011,21792.2655,25114.8779,11202.8107,11202.8181,25114.8705
215,11203.1562,25116.6418,9.1081,21793.8292,25116.6478,11203.1503,11203.1562,25116.6418
216,11230.8519,25149.2298,0.0077,21821.2859,25149.2298,11230.8519,11230.8519,25149.2298
217,11223.5529,25130.4587,-1.4117,21804.9322,25130.4588,11223.5527,11223.5529,25130.4587
218,11230.6445,25150.4995,0.1724,21822.4353,25150.4996,11230.6445,11230.6445,25150.4995
219,11223.1834,25124.1088,0.7498,21799.2709,25124.1088,11223.1834,11223.1834,25124.1088
220,11205.7614,25086.5538,-9.0160,21766.7309,25086.5596,11205.7556,11205.7614,25086.5538
221,11208.8249,25120.6599,-5.6624,21797.0716,25120.6622,11208.8226,11208.8249,25120.6599
222,11222.2900,25135.3318,-1.9501,21809.3725,25135.3321,11222.2897,11222.2900,25135.3318
223,11207.7023,25127.8408,-5.6885,21803.5711,25127.8432,11207.7000,11207.7023,25127.8408
224,11190.0525,25100.5824,12.5953,21780.2698,25100.5938,11190.0411,11190.0525,25100.5824
225,11202.4392,25109.9545,5.2343,21787.8821,25109.9565,11202.4372,11202.4392,25109.9545
226,11191.4383,25059.0744,-12.6451,21743.0195,25059.0860,11191.4268,11191.4383,25059.0744
227,11203.5063,25094.7730,-7.5600,21774.2258,25094.7771,11203.5021,11203.5063,25094.7730
228,11216.6881,25130.7968,-4.1552,21805.6594,25130.7980,11216.6868,11216.6881,25130.7968
229,11211.8264,25127.9678,-3.5306,21803.4273,25127.9687,11211.8255,11211.8264,25127.9678
230,11193.1681,25053.4396,7.6362,21737.8624,25053.4438,11193.1639,11193.1681,25053.4396
231,11174.6374,25008.2181,13.7097,21698.5319,25008.2317,11174.6239,11174.6374,25008.2181
232,11191.0830,25116.5000,-5.9555,21794.4530,25116.5025,11191.0804,11191.0830,25116.5000
233,11183.7939,25072.7909,-12.4764,21755.7723,25072.8021,11183.7827,11183.7939,25072.7909
234,11171.8061,25044.4648,-18.4825,21731.1663,25044.4894,11171.7814,11171.8061,25044.4648
235,11196.5900,25062.5492,10.6401,21745.8100,25062.5573,11196.5818,11196.5900,25062.5492
236,11179.9547,25038.4403,15.1520,21725.2604,25038.4569,11179.9381,11179.9547,25038.4403
237,11188.8770,25116.3383,0.4570,21794.4443,25116.3384,11188.8770,11188.8770,25116.3383
238,11195.1115,25112.2254,-2.1681,21790.3703,25112.2258,11195.1112,11195.1115,25112.2254
239,11185.4645,25011.6560,0.8063,21700.9347,25011.6561,11185.4645,11185.4645,25011.6560
240,11180.0637,25005.6553,8.0600,21695.8982,25005.6600,11180.0590,11180.0637,25005.6553
241,11181.3133,25022.7655,11.7122,21711.1398,25022.7754,11181.3034,11181.3133,25022.7655
242,11170.7091,25025.8842,17.2939,21714.5952,25025.9058,11170.6875,11170.7091,25025.8842
243,11187.0717,25063.6020,16.6618,21747.3501,25063.6220,11187.0517,11187.0717,25063.6020
244,11182.2036,25078.9553,-11.3798,21761.3896,25078.9646,11182.1943,11182.2036,25078.9553
245,11170.0726,25014.9936,-16.3182,21704.8827,25015.0128,11170.0534,11170.0726,25014.9936
246,11162.1288,24969.5970,-18.8569,21664.7433,24969.6227,11162.1031,11162.1288,24969.5970
247,11173.7251,25069.1628,12.9775,21753.1522,25069.1750,11173.7129,11173.7251,25069.1628
248,11183.5683,25006.0838,-2.0378,21696.0640,25006.0841,11183.5680,11183.5683,25006.0838
249,11163.5194,24941.4297,-1.1131,21639.4305,24941.4298,11163.5193,11163.5194,24941.4297
250,11166.9729,25071.0450,17.9816,21755.2723,25071.0683,11166.9497,11166.9729,25071.0450
251,11169.1879,25098.9121,8.3852,21780.0802,25098.9172,11169.1829,11169.1879,25098.9121
252,11180.3909,25106.1404,9.0347,21785.8488,25106.1463,11180.3850,11180.3909,25106.1404
253,11178.3355,25011.8617,-6.9479,21701.5569,25011.8652,11178.3320,11178.3355,25011.8617
254,11166.6694,24989.1167,-11.9102,21681.9206,24989.1270,11166.6592,11166.6694,24989.1167
255,11160.8905,24940.7861,5.1047,21639.0153,24940.7880,11160.8886,11160.8905,24940.7861
256,11231.0315,25149.6164,0.1858,21821.6209,25149.6164,11231.0315,11231.0315,25149.6164
257,11227.9323,25144.5761,0.7980,21817.2999,25144.5761,11227.9323,11227.9323,25144.5761
258,11224.1778,25141.5215,1.7573,21814.7971,25141.5217,11224.1776,11224.1778,25141.5215
259,11207.7360,25092.4374,8.1546,21771.8751,25092.4422,11207.7312,11207.7360,25092.4374
260,11217.8891,25134.7667,4.6710,21809.1397,25134.7683,11217.8875,11217.8891,25134.7667
261,11218.8726,25114.9196,3.5802,21791.3112,25114.9205,11218.8717,11218.8726,25114.9196
262,11217.0339,25110.1500,-0.7085,21787.1541,25110.1501,11217.0339,11217.0339,25110.1500
263,11201.3456,25062.6359,-5.8820,21745.5908,25062.6384,11201.3431,11201.3456,25062.6359
264,11220.0846,25121.0632,-0.3568,21796.7351,25121.0632,11220.0846,11220.0846,25121.0632
265,11227.6799,25138.8723,1.0532,21812.2096,25138.8724,11227.6799,11227.6799,25138.8723
266,11196.8184,25078.6755,-11.0103,21760.2319,25078.6842,11196.8096,11196.8184,25078.6755
267,11203.5264,25078.7568,-8.9308,21759.8891,25078.7626,11203.5207,11203.5264,25078.7568
268,11213.6715,25133.7979,-2.1941,21808.5324,25133.7983,11213.6712,11213.6715,25133.7979
269,11199.4078,25125.1631,-3.6512,21801.6891,25125.1640,11199.4068,11199.4078,25125.1631
270,11207.7852,25097.4976,-5.0435,21776.3989,25097.4994,11207.7833,11207.7852,25097.4976
271,11199.2263,25080.2893,-7.2917,21761.5235,25080.2931,11199.2225,11199.2263,25080.2893
272,11186.3975,25027.6747,-0.7849,21715.2129,25027.6747,11186.3975,11186.3975,25027.6747
273,11175.1168,24984.8710,-7.5396,21677.5998,24984.8751,11175.1127,11175.1168,24984.8710
274,11177.2780,25037.0697,17.2857,21724.2033,25037.0912,11177.2565,11177.2780,25037.0697
275,11206.5472,25130.4205,-2.6122,21805.9513,25130.4209,11206.5467,11206.5472,25130.4205
276,11215.5928,25139.9718,-0.0262,21813.9409,25139.9718,11215.5928,11215.5928,25139.9718
277,11202.8552,25081.7062,5.5696,21762.5669,25081.7084,11202.8530,11202.8552,25081.7062
278,11201.7753,25108.0859,-7.2485,21786.2519,25108.0897,11201.7716,11201.7753,25108.0859
279,11198.4595,25096.4890,-10.3464,21776.0777,25096.4967,11198.4518,11198.4595,25096.4890
280,11211.6941,25125.4760,6.4061,21801.2064,25125.4790,11211.6911,11211.6941,25125.4760
281,11192.2637,25080.4379,10.7202,21762.0909,25080.4462,11192.2554,11192.2637,25080.4379
282,11188.5302,25033.5058,2.2854,21720.3015,25033.5061,11188.5298,11188.5302,25033.5058
283,11201.6419,25061.6672,1.4041,21744.7034,25061.6673,11201.6417,11201.6419,25061.6672
284,11164.5454,24976.4469,-20.7745,21670.7313,24976.4782,11164.5142,11164.5454,24976.4469
285,11164.4385,24985.3112,-14.0101,21678.6550,24985.3254,11164.4243,11164.4385,24985.3112
286,11173.1391,25053.8440,-15.6862,21739.4754,25053.8617,11173.1214,11173.1391,25053.8440
287,11189.7526,25103.1148,-11.3471,21782.5544,25103.1240,11189.7434,11189.7526,25103.1148
288,11227.7400,25141.8367,0.0180,21814.8594,25141.8367,11227.7400,11227.7400,25141.8367
289,11224.1723,25143.2221,-2.2204,21816.3200,25143.2225,11224.1720,11224.1723,25143.2221
290,11184.2222,25087.3125,11.4178,21768.7480,25087.3219,11184.2128,11184.2222,25087.3125
291,11182.2158,25093.8867,7.8374,21774.7566,25093.8911,11182.2114,11182.2158,25093.8867
292,11169.3436,25099.8429,7.9693,21780.9038,25099.8475,11169.3391,11169.3436,25099.8429
293,11216.6812,25125.0161,-3.8819,21800.4844,25125.0172,11216.6802,11216.6812,25125.0161
294,11211.4078,25121.6818,-4.2470,21797.8255,25121.6831,11211.4065,11211.4078,25121.6818
295,11195.1502,25075.8272,13.9255,21757.7900,25075.8412,11195.1362,11195.1502,25075.8272
296,11176.8666,25039.0815,20.5588,21726.0384,25039.1120,11176.8361,11176.8666,25039.0815
297,11169.4718,25103.0602,-4.0395,21783.7751,25103.0613,11169.4707,11169.4718,25103.0602
298,11186.6603,25106.1168,-1.0773,21785.4280,25106.1169,11186.6602,11186.6603,25106.1168
299,11182.4320,25061.5648,14.3648,21745.8086,25061.5796,11182.4171,11182.4320,25061.5648
300,11193.0263,25051.5703,9.2930,21736.1999,25051.5765,11193.0201,11193.0263,25051.5703
301,11163.1539,24973.0017,5.7779,21667.7054,24973.0041,11163.1515,11163.1539,24973.0017
302,11190.5245,25033.5210,5.9792,21720.1954,25033.5236,11190.5219,11190.5245,25033.5210
303,11174.7834,25000.5083,7.0837,21691.6133,25000.5120,11174.7797,11174.7834,25000.5083
304,11185.4721,25103.0707,-2.1548,21782.7745,25103.0711,11185.4718,11185.4721,25103.0707
305,11185.4718,25103.7435,-2.1501,21783.3771,25103.7439,11185.4715,11185.4718,25103.7435
306,11160.5320,25008.0157,-22.5594,21699.2417,25008.0524,11160.4953,11160.5320,25008.0157
307,11173.7206,25013.9679,15.7148,21703.7387,25013.9857,11173.7027,11173.7206,25013.9679
308,11170.4058,25049.5677,14.2335,21735.8133,25049.5823,11170.3913,11170.4058,25049.5677
309,11178.0849,25078.5813,17.5230,21761.3243,25078.6034,11178.0629,11178.0849,25078.5813
310,11187.9143,25054.1367,-15.9790,21738.8229,25054.1551,11187.8959,11187.9143,25054.1367
311,11177.7526,25037.9561,-19.6000,21724.9735,25037.9838,11177.7248,11177.7526,25037.9561
312,11176.1744,25013.4553,-17.5292,21703.1335,25013.4775,11176.1522,11176.1744,25013.4553
313,11186.4189,25040.8407,14.1312,21727.0094,25040.8551,11186.4045,11186.4189,25040.8407
314,11197.8346,25057.1635,7.2912,21740.9091,25057.1673,11197.8307,11197.8346,25057.1635
315,11194.3090,25103.9249,5.7974,21782.9890,25103.9274,11194.3066,11194.3090,25103.9249
316,11180.2170,25093.6893,14.3523,21774.7151,25093.7041,11180.2022,11180.2170,25093.6893
317,11174.0569,25050.5556,-18.5018,21736.4803,25050.5802,11174.0323,11174.0569,25050.5556
318,11160.7324,24938.8137,-0.5699,21637.2584,24938.8138,11160.7323,11160.7324,24938.8137
319,11203.4965,25100.1721,8.7605,21779.0613,25100.1776,11203.4909,11203.4965,25100.1721
320,11215.1666,25110.8840,6.2300,21787.9285,25110.8868,11215.1638,11215.1666,25110.8840
321,11207.4487,25079.5109,4.2073,21760.3193,25079.5122,11207.4474,11207.4487,25079.5109
322,11223.5773,25127.0027,2.0375,21801.8373,25127.0030,11223.5770,11223.5773,25127.0027
323,11225.8672,25145.0584,1.3337,21817.8591,25145.0585,11225.8671,11225.8672,25145.0584
324,11224.7739,25146.7439,-0.6577,21819.4355,25146.7440,11224.7739,11224.7739,25146.7439
325,11219.6260,25142.4605,-1.5222,21815.9192,25142.4607,11219.6258,11219.6260,25142.4605
326,11217.7324,25125.9028,4.6920,21801.2139,25125.9044,11217.7308,11217.7324,25125.9028
327,11216.9524,25113.8725,-4.4275,21790.4924,25113.8739,11216.9510,11216.9524,25113.8725
328,11222.3108,25127.6557,-3.0085,21802.5000,25127.6564,11222.3102,11222.3108,25127.6557
329,11227.9706,25146.1352,-0.5331,21818.6932,25146.1352,11227.9706,11227.9706,25146.1352
330,11198.9102,25065.9356,-3.5388,21748.6918,25065.9365,11198.9093,11198.9102,25065.9356
331,11193.3957,25036.7316,-3.3604,21722.8917,25036.7324,11193.3949,11193.3957,25036.7316
332,11227.7912,25146.7481,0.9016,21819.2529,25146.7481,11227.7912,11227.7912,25146.7481
333,11227.8340,25148.0354,-0.8265,21820.4028,25148.0355,11227.8339,11227.8340,25148.0354
334,11211.1169,25095.8175,-6.5549,21774.6913,25095.8206,11211.1138,11211.1169,25095.8175
335,11194.5781,25055.7700,-11.1903,21739.8664,25055.7790,11194.5691,11194.5781,25055.7700
336,11226.1129,25137.5584,-1.9894,21811.1301,25137.5586,11226.1126,11226.1129,25137.5584
337,11221.1135,25126.3363,-2.8117,21801.3925,25126.3369,11221.1129,11221.1135,25126.3363
338,11186.3967,25056.5576,-13.8312,21741.0793,25056.5714,11186.3829,11186.3967,25056.5576
339,11170.5499,25035.8495,-21.4339,21723.5383,25035.8826,11170.5168,11170.5499,25035.8495
340,11192.8992,25107.7571,3.0284,21786.5071,25107.7577,11192.8985,11192.8992,25107.7571
341,11205.1322,25119.5979,5.0544,21796.3494,25119.5997,11205.1303,11205.1322,25119.5979
342,11203.7848,25116.3921,-3.9565,21793.5619,25116.3932,11203.7837,11203.7848,25116.3921
343,11193.3428,25096.4045,-9.5768,21776.3187,25096.4111,11193.3362,11193.3428,25096.4045
344,11190.9102,25110.9353,-8.9649,21789.4829,25110.9411,11190.9044,11190.9102,25110.9353
345,11203.5738,25108.4452,-6.9132,21786.4616,25108.4486,11203.5704,11203.5738,25108.4452
346,11192.4134,25096.4808,-10.0547,21776.4456,25096.4881,11192.4061,11192.4134,25096.4808
347,11188.6650,25071.1903,-11.4570,21754.0353,25071.1998,11188.6556,11188.6650,25071.1903
348,11195.9633,25113.3498,-1.6301,21791.3239,25113.3500,11195.9631,11195.9633,25113.3498
349,11205.0612,25129.5067,1.5704,21805.2253,25129.5069,11205.0611,11205.0612,25129.5067
350,11199.6253,25064.5926,4.7338,21747.4466,25064.5943,11199.6237,11199.6253,25064.5926
351,11186.8780,25040.9040,12.8302,21727.0354,25040.9158,11186.8661,11186.8780,25040.9040
352,11181.6461,25073.7216,12.1475,21756.7389,25073.7322,11181.6355,11181.6461,25073.7216
353,11197.2756,25070.4540,-12.4439,21752.8464,25070.4652,11197.2644,11197.2756,25070.4540
354,11184.1932,25073.9980,11.7905,21756.8273,25074.0080,11184.1832,11184.1932,25073.9980
355,11195.1698,25104.9091,-6.1755,21783.8169,25104.9118,11195.1671,11195.1698,25104.9091
356,11180.1162,25099.2204,-11.4630,21779.6708,25099.2299,11180.1068,11180.1162,25099.2204
357,11176.6945,25094.1094,-3.3185,21775.2994,25094.1102,11176.6937,11176.6945,25094.1094
358,11181.6269,25104.5782,-9.2268,21784.3718,25104.5843,11181.6208,11181.6269,25104.5782
359,11163.1801,24982.3072,21.3132,21676.0612,24982.3400,11163.1472,11163.1801,24982.3072
360,11166.1374,25021.4538,24.8799,21710.9337,25021.4985,11166.0927,11166.1374,25021.4538
361,11174.6920,25009.6744,-11.0034,21699.8274,25009.6832,11174.6832,11174.6920,25009.6744
362,11190.6437,25039.6024,4.6803,21725.6299,25039.6040,11190.6421,11190.6437,25039.6024
363,11178.3034,24998.8173,-0.6314,21689.8817,24998.8173,11178.3034,11178.3034,24998.8173
364,11186.7982,25078.9991,15.7215,21761.1509,25079.0169,11186.7804,11186.7982,25078.9991
365,11185.9348,25029.0119,5.4327,21716.4401,25029.0141,11185.9326,11185.9348,25029.0119
366,11183.4438,25027.0784,9.0254,21714.8656,25027.0843,11183.4379,11183.4438,25027.0784
367,11197.8303,25110.6065,6.0483,21788.7531,25110.6091,11197.8277,11197.8303,25110.6065
368,11199.4964,25113.6881,7.1812,21791.4098,25113.6918,11199.4927,11199.4964,25113.6881
369,11180.6265,25109.7416,5.8066,21789.0567,25109.7440,11180.6241,11180.6265,25109.7416
370,11224.4497,25133.7607,2.8886,21807.8332,25133.7613,11224.4491,11224.4497,25133.7607
371,11227.7735,25141.5563,-0.7192,21814.6064,25141.5563,11227.7735,11227.7735,25141.5563
372,11185.8252,25087.9954,-10.1253,21769.2576,25088.0028,11185.8178,11185.8252,25087.9954
373,11167.6070,25079.2425,-16.5215,21762.5722,25079.2622,11167.5874,11167.6070,25079.2425
374,11169.8950,25037.8251,15.5850,21725.3329,25037.8426,11169.8775,11169.8950,25037.8251
375,11214.0146,25113.6643,-5.5688,21790.4876,25113.6665,11214.0124,11214.0146,25113.6643
376,11194.8724,25095.1254,-11.5823,21775.0812,25095.1350,11194.8628,11194.8724,25095.1254
377,11160.8487,24940.6933,-5.0281,21638.9348,24940.6952,11160.8469,11160.8487,24940.6933
378,11174.5309,24978.6997,-2.7416,21672.1100,24978.7002,11174.5304,11174.5309,24978.6997
379,11185.0269,25098.6051,2.4645,21778.8028,25098.6056,11185.0265,11185.0269,25098.6051
380,11190.8724,25075.4033,10.2227,21757.6687,25075.4108,11190.8649,11190.8724,25075.4033
381,11162.8984,25000.8278,-13.2351,21692.6373,25000.8404,11162.8857,11162.8984,25000.8278
382,11181.1946,25037.7994,-15.9546,21724.6120,25037.8178,11181.1762,11181.1946,25037.7994
383,11166.9483,25073.5040,17.4652,21757.4752,25073.5259,11166.9264,11166.9483,25073.5040
384,11188.1247,25019.9794,-3.0242,21708.2215,25019.9801,11188.1241,11188.1247,25019.9794
385,11204.6146,25076.1172,3.2935,21757.4549,25076.1179,11204.6139,11204.6146,25076.1172
386,11178.3151,25055.0907,-14.3023,21740.2671,25055.1055,11178.3004,11178.3151,25055.0907
387,11181.2543,25106.5678,-7.0440,21786.1751,25106.5714,11181.2507,11181.2543,25106.5678
388,11179.9998,25110.4107,-3.3175,21789.6940,25110.4115,11179.9990,11179.9998,25110.4107
389,11183.0568,25041.3818,14.5910,21727.7014,25041.3972,11183.0414,11183.0568,25041.3818
390,11219.5998,25120.6493,0.0605,21796.3945,25120.6493,11219.5998,11219.5998,25120.6493
391,11226.7366,25135.4155,-1.0082,21809.1733,25135.4155,11226.7366,11226.7366,25135.4155
392,11210.7561,25112.6237,6.0992,21789.7575,25112.6263,11210.7535,11210.7561,25112.6237
393,11212.4673,25137.0159,1.9986,21811.4886,25137.0162,11212.4670,11212.4673,25137.0159
394,11212.0944,25127.0564,2.4020,21802.5942,25127.0569,11212.0940,11212.0944,25127.0564
395,11199.0622,25110.2720,11.1137,21788.3828,25110.2808,11199.0533,11199.0622,25110.2720
396,11214.4247,25111.1175,3.0802,21788.1811,25111.1182,11214.4240,11214.4247,25111.1175
397,11217.7394,25116.4845,4.5995,21792.7822,25116.4860,11217.7378,11217.7394,25116.4845
398,11210.2582,25104.7176,4.2799,21782.7092,25104.7189,11210.2569,11210.2582,25104.7176
399,11213.9861,25103.0784,5.3942,21781.0133,25103.0804,11213.9841,11213.9861,25103.0784
400,11182.9832,25021.2408,-2.6422,21709.6640,25021.2413,11182.9827,11182.9832,25021.2408
401,11185.2488,25033.6596,-6.6911,21720.6429,25033.6629,11185.2456,11185.2488,25033.6596
402,11223.5409,25137.3912,-3.7527,21811.1396,25137.3922,11223.5399,11223.5409,25137.3912
403,11213.5484,25120.7644,-6.0796,21796.8731,25120.7671,11213.5457,11213.5484,25120.7644
404,11210.8981,25092.1047,-3.5332,21771.3794,25092.1056,11210.8972,11210.8981,25092.1047
405,11229.2775,25146.8225,-0.3421,21819.2279,25146.8225,11229.2775,11229.2775,25146.8225
406,11222.8816,25134.7002,3.1270,21808.7710,25134.7009,11222.8809,11222.8816,25134.7002
407,11230.9020,25149.0085,0.2420,21821.0847,25149.0085,11230.9020,11230.9020,25149.0085
408,11228.9441,25148.9404,0.5337,21821.1444,25148.9404,11228.9440,11228.9441,25148.9404
409,11222.8151,25139.4271,0.0920,21813.0060,25139.4271,11222.8151,11222.8151,25139.4271
410,11218.0097,25134.3069,0.8631,21808.7191,25134.3069,11218.0096,11218.0097,25134.3069
411,11222.2139,25135.8761,-2.7910,21809.8647,25135.8767,11222.2133,11222.2139,25135.8761
412,11222.7614,25127.7061,-2.7898,21802.5173,25127.7067,11222.7608,11222.7614,25127.7061
413,11216.2706,25125.5822,-4.8375,21801.0172,25125.5839,11216.2689,11216.2706,25125.5822
414,11206.1394,25097.8141,-8.2094,21776.7865,25097.8190,11206.1345,11206.1394,25097.8141
415,11176.6806,25031.0930,-14.4462,21718.8835,25031.1081,11176.6655,11176.6806,25031.0930
416,11196.8498,25073.1801,-7.6994,21755.3063,25073.1844,11196.8456,11196.8498,25073.1801
417,11210.1061,25093.4971,-0.9693,21772.6736,25093.4972,11210.1060,11210.1061,25093.4971
418,11175.8710,24990.8598,-11.0820,21682.9175,24990.8687,11175.8621,11175.8710,24990.8598
419,11186.3819,25018.4547,-7.7574,21706.9668,25018.4591,11186.3776,11186.3819,25018.4547
420,11196.0852,25103.5669,-7.3664,21782.5592,25103.5708,11196.0813,11196.0852,25103.5669
421,11186.9447,25095.6298,-7.7968,21776.0218,25095.6342,11186.9403,11186.9447,25095.6298
422,11182.0454,25059.7986,16.2492,21744.2552,25059.8177,11182.0264,11182.0454,25059.7986
423,11176.2506,25058.8611,18.5551,21743.7811,25058.8859,11176.2258,11176.2506,25058.8611
424,11185.9228,25097.4190,-5.4041,21777.6860,25097.4211,11185.9207,11185.9228,25097.4190
425,11191.3949,25077.6224,-12.0484,21759.6261,25077.6329,11191.3844,11191.3949,25077.6224
426,11180.8949,25058.1291,-15.1474,21742.8293,25058.1456,11180.8784,11180.8949,25058.1291
427,11202.1348,25094.7626,-10.5175,21774.3048,25094.7705,11202.1269,11202.1348,25094.7626
428,11196.0145,25076.6442,-13.3221,21758.4669,25076.6569,11196.0017,11196.0145,25076.6442
429,11183.5401,25017.4881,3.0236,21706.2716,25017.4887,11183.5394,11183.5401,25017.4881
430,11196.7753,25056.2283,-1.0349,21740.1334,25056.2284,11196.7752,11196.7753,25056.2283
431,11190.1545,25062.6416,-10.1170,21746.2879,25062.6490,11190.1471,11190.1545,25062.6416
432,11193.3645,25080.0934,-13.5003,21761.7190,25080.1065,11193.3514,11193.3645,25080.0934
433,11180.8834,25062.2736,12.4642,21746.5358,25062.2848,11180.8722,11180.8834,25062.2736
434,11187.2887,25084.6234,15.4463,21766.1561,25084.6406,11187.2715,11187.2887,25084.6234
435,11189.7500,25116.8128,0.3525,21794.8144,25116.8128,11189.7500,11189.7500,25116.8128
436,11198.4349,25124.6915,-0.7166,21801.3267,25124.6915,11198.4348,11198.4349,25124.6915
437,11180.6621,25032.7157,15.9479,21720.0941,25032.7340,11180.6437,11180.6621,25032.7157
438,11185.8637,25028.9890,8.4501,21716.4268,25028.9942,11185.8585,11185.8637,25028.9890
439,11180.4563,25018.2130,11.7725,21707.1178,25018.2230,11180.4463,11180.4563,25018.2130
440,11230.0364,25148.1476,-0.0160,21820.3674,25148.1476,11230.0364,11230.0364,25148.1476
441,11229.4842,25144.8122,0.3282,21817.4156,25144.8122,11229.4842,11229.4842,25144.8122
442,11199.3531,25125.7487,-4.5848,21802.2175,25125.7502,11199.3516,11199.3531,25125.7487
443,11206.8502,25129.7596,-3.3824,21805.3409,25129.7605,11206.8494,11206.8502,25129.7596
444,11216.9560,25135.3004,0.4344,21809.6738,25135.3004,11216.9560,11216.9560,25135.3004
445,11211.6676,25127.5134,-1.9339,21803.0296,25127.5136,11211.6674,11211.6676,25127.5134
446,11188.8014,25114.7391,6.3704,21793.0193,25114.7421,11188.7985,11188.8014,25114.7391
447,11184.0421,25090.8766,6.3841,21771.9450,25090.8795,11184.0391,11184.0421,25090.8766
448,11190.5577,25051.7688,-8.2911,21736.5279,25051.7738,11190.5527,11190.5577,25051.7688
449,11181.1435,25049.8909,13.4704,21735.4348,25049.9040,11181.1304,11181.1435,25049.8909
450,11179.8363,25022.4086,13.0191,21710.9131,25022.4208,11179.8241,11179.8363,25022.4086
451,11176.1906,25084.0865,-7.4073,21766.3563,25084.0905,11176.1867,11176.1906,25084.0865
452,11180.5123,25097.5841,-12.8500,21778.1825,25097.5960,11180.5004,11180.5123,25097.5841
453,11204.0134,25110.7459,-8.5604,21788.4961,25110.7511,11204.0081,11204.0134,25110.7459
454,11180.8347,25085.1022,15.7075,21766.9883,25085.1200,11180.8170,11180.8347,25085.1022
455,11202.6897,25102.3948,10.3144,21781.1033,25102.4024,11202.6821,11202.6897,25102.3948
456,11193.8113,25064.8887,11.6757,21748.0765,25064.8986,11193.8015,11193.8113,25064.8887
457,11168.2246,25098.7375,-2.3935,21779.9803,25098.7379,11168.2242,11168.2246,25098.7375
458,11180.2864,25110.9565,-2.8318,21790.1647,25110.9571,11180.2859,11180.2864,25110.9565
459,11184.7834,25099.7105,1.5456,21779.8078,25099.7107,11184.7832,11184.7834,25099.7105
460,11175.7094,25090.2151,4.6995,21771.8738,25090.2167,11175.7078,11175.7094,25090.2151
461,11187.1682,25112.5637,4.4350,21791.1719,25112.5651,11187.1668,11187.1682,25112.5637
462,11165.6823,24970.9823,4.6437,21665.7432,24970.9838,11165.6808,11165.6823,24970.9823
463,11171.7345,25006.2042,-17.1003,21696.9146,25006.2253,11171.7133,11171.7345,25006.2042
464,11168.6301,25037.9746,-16.3646,21725.5471,25037.9939,11168.6107,11168.6301,25037.9746
465,11168.4472,25025.3278,-15.5816,21714.2331,25025.3453,11168.4297,11168.4472,25025.3278
466,11198.0902,25069.4665,10.2180,21751.9089,25069.4740,11198.0827,11198.0902,25069.4665
467,11191.9398,25060.0791,13.3914,21743.8893,25060.0920,11191.9269,11191.9398,25060.0791
468,11175.7254,25091.4366,-0.0701,21772.9654,25091.4366,11175.7254,11175.7254,25091.4366
469,11176.2829,25095.3606,-2.7509,21776.4459,25095.3611,11176.2824,11176.2829,25095.3606
470,11166.7715,25061.5683,-20.6902,21746.8037,25061.5992,11166.7407,11166.7715,25061.5683
471,11179.8528,25087.4384,-14.8260,21769.1402,25087.4542,11179.8369,11179.8528,25087.4384
472,11195.3939,25101.3846,12.0751,21780.6543,25101.3951,11195.3834,11195.3939,25101.3846
473,11186.9222,25091.4589,13.9825,21772.2972,25091.4729,11186.9082,11186.9222,25091.4589
474,11219.6025,25126.3734,2.6716,21801.5188,25126.3740,11219.6020,11219.6025,25126.3734
475,11229.3311,25145.2904,0.8602,21817.8532,25145.2905,11229.3311,11229.3311,25145.2904
476,11226.5281,25142.7732,-0.5638,21815.7725,25142.7732,11226.5281,11226.5281,25142.7732
477,11218.0181,25141.1278,1.2334,21814.8256,25141.1279,11218.0180,11218.0181,25141.1278
478,11214.5034,25114.9261,6.2900,21791.5876,25114.9289,11214.5005,11214.5034,25114.9261
479,11220.0593,25125.3855,4.6340,21800.6073,25125.3871,11220.0578,11220.0593,25125.3855
480,11219.6992,25116.3653,-3.1012,21792.5542,25116.3660,11219.6985,11219.6992,25116.3653
481,11212.3721,25094.8020,-1.4686,21773.7026,25094.8022,11212.3720,11212.3721,25094.8020
482,11201.8625,25070.5475,-0.9080,21752.6378,25070.5476,11201.8624,11201.8625,25070.5475
483,11227.1786,25144.7759,-0.0607,21817.5252,25144.7759,11227.1786,11227.1786,25144.7759
484,11230.0764,25146.2932,0.6161,21818.7049,25146.2932,11230.0764,11230.0764,25146.2932
485,11200.3912,25067.8535,2.2831,21750.3171,25067.8539,11200.3908,11200.3912,25067.8535
486,11218.2929,25110.7068,1.4530,21787.5752,25110.7070,11218.2928,11218.2929,25110.7068
487,11220.6644,25144.8555,0.0761,21817.9990,25144.8555,11220.6644,11220.6644,25144.8555
488,11215.0782,25138.6744,1.3246,21812.8113,25138.6745,11215.0780,11215.0782,25138.6744
489,11196.1551,25062.5786,-5.4493,21745.8573,25062.5808,11196.1530,11196.1551,25062.5786
490,11194.2399,25052.9771,-3.2009,21737.3794,25052.9779,11194.2392,11194.2399,25052.9771
491,11226.7843,25141.7519,-2.2862,21814.8427,25141.7523,11226.7839,11226.7843,25141.7519
492,11230.8133,25149.3529,-0.3191,21821.3985,25149.3529,11230.8133,11230.8133,25149.3529
493,11193.9224,25094.2506,8.4576,21774.3527,25094.2558,11193.9172,11193.9224,25094.2506
494,11196.9886,25099.0434,12.2479,21778.4591,25099.0542,11196.9778,11196.9886,25099.0434
495,11209.7913,25107.9290,-7.8853,21785.6159,25107.9335,11209.7869,11209.7913,25107.9290
496,11218.1888,25129.9982,-4.7733,21804.8520,25129.9998,11218.1872,11218.1888,25129.9982
497,11219.4595,25115.2127,3.0541,21791.5373,25115.2134,11219.4588,11219.4595,25115.2127
498,11202.2286,25118.5680,3.6610,21795.6069,25118.5689,11202.2276,11202.2286,25118.5680
499,11206.3442,25131.2407,-1.2395,21806.6981,25131.2409,11206.3440,11206.3442,25131.2407
500,11209.5489,25111.8421,-6.3459,21789.1326,25111.8450,11209.5460,11209.5489,25111.8421
501,11208.6539,25111.7615,-6.9099,21789.1163,25111.7650,11208.6505,11208.6539,25111.7615
502,11197.0945,25048.7763,1.4939,21733.4445,25048.7765,11197.0943,11197.0945,25048.7763
503,11185.4573,25017.2035,1.9940,21705.8996,25017.2038,11185.4570,11185.4573,25017.2035
504,11202.4340,25119.2354,0.1823,21796.1909,25119.2354,11202.4340,11202.4340,25119.2354
505,11200.3585,25116.3265,2.7933,21793.7159,25116.3271,11200.3579,11200.3585,25116.3265
506,11213.5819,25124.0710,4.3193,21799.8300,25124.0723,11213.5805,11213.5819,25124.0710
507,11202.7770,25122.4449,3.3351,21799.0443,25122.4457,11202.7762,11202.7770,25122.4449
508,11180.3690,25080.4411,-16.5060,21762.8447,25080.4607,11180.3494,11180.3690,25080.4411
509,11208.6815,25132.8617,2.8215,21808.0045,25132.8622,11208.6809,11208.6815,25132.8617
510,11199.2886,25114.6145,9.2214,21792.2548,25114.6206,11199.2825,11199.2886,25114.6145
511,11225.5845,25137.4805,-1.8301,21811.0928,25137.4807,11225.5842,11225.5845,25137.4805
512,11224.2518,25135.1508,-1.0124,21809.0893,25135.1509,11224.2517,11224.2518,25135.1508
513,11206.7355,25080.5738,5.8506,21761.3154,25080.5763,11206.7331,11206.7355,25080.5738
514,11199.0709,25078.8510,8.2617,21760.2465,25078.8559,11199.0660,11199.0709,25078.8510
515,11188.5246,25036.7017,-3.9018,21723.1630,25036.7028,11188.5235,11188.5246,25036.7017
516,11178.4995,25017.9964,-9.9811,21707.0411,25018.0036,11178.4923,11178.4995,25017.9964
517,11190.6485,25094.2376,9.0353,21774.5454,25094.2435,11190.6426,11190.6485,25094.2376
518,11180.3776,25006.9336,5.5229,21697.0206,25006.9359,11180.3754,11180.3776,25006.9336
519,11167.1047,24987.7326,11.8808,21680.6551,24987.7428,11167.0945,11167.1047,24987.7326
520,11201.3165,25083.5612,10.7444,21764.3280,25083.5695,11201.3081,11201.3165,25083.5612
521,11185.9917,25041.6177,10.3038,21727.7247,25041.6254,11185.9840,11185.9917,25041.6177
522,11198.5097,25084.5040,8.0998,21765.3417,25084.5088,11198.5049,11198.5097,25084.5040
523,11187.8821,25076.3796,16.2911,21758.7393,25076.3987,11187.8630,11187.8821,25076.3796
524,11198.0816,25087.1356,-8.7440,21767.7248,25087.1411,11198.0761,11198.0816,25087.1356
525,11206.4716,25102.4183,-6.4418,21780.8861,25102.4213,11206.4686,11206.4716,25102.4183
526,11187.4299,25042.5672,13.1822,21728.4909,25042.5798,11187.4173,11187.4299,25042.5672
527,11176.0503,25018.0123,15.6525,21707.2157,25018.0300,11176.0326,11176.0503,25018.0123
528,11180.7242,25058.1322,-16.8486,21742.8464,25058.1527,11180.7037,11180.7242,25058.1322
529,11163.8242,25040.7854,-22.4009,21728.3797,25040.8215,11163.7880,11163.8242,25040.7854
530,11196.4670,25109.7054,-4.5298,21788.0300,25109.7068,11196.4655,11196.4670,25109.7054
531,11199.4031,25116.7742,-8.1972,21794.1804,25116.7790,11199.3983,11199.4031,25116.7742
532,11199.0695,25121.1525,-6.4941,21798.1204,25121.1555,11199.0665,11199.0695,25121.1525
533,11189.2345,25107.2491,-10.0804,21786.2878,25107.2564,11189.2272,11189.2345,25107.2491
534,11212.3357,25102.8877,-2.4378,21780.9425,25102.8881,11212.3353,11212.3357,25102.8877
535,11219.7971,25119.0960,-1.5955,21794.9921,25119.0962,11219.7969,11219.7971,25119.0960
536,11201.9549,25074.6990,4.0152,21756.3490,25074.7001,11201.9538,11201.9549,25074.6990
537,11200.7913,25076.1316,6.2474,21757.7044,25076.1344,11200.7884,11200.7913,25076.1316
538,11165.4232,24970.5870,-2.5433,21665.4042,24970.5875,11165.4227,11165.4232,24970.5870
539,11175.8272,24998.2477,-0.4731,21689.5229,24998.2477,11175.8272,11175.8272,24998.2477
540,11162.5448,24948.6660,-10.9151,21645.9718,24948.6746,11162.5361,11162.5448,24948.6660
541,11174.8543,25000.6908,-5.9113,21691.7711,25000.6933,11174.8518,11174.8543,25000.6908
542,11165.7179,25007.2522,14.5797,21698.2172,25007.2675,11165.7025,11165.7179,25007.2522
543,11199.5815,25055.8132,-1.3253,21739.5902,25055.8133,11199.5814,11199.5815,25055.8132
544,11206.4281,25082.0860,-0.7967,21762.6855,25082.0861,11206.4280,11206.4281,25082.0860
545,11226.2321,25138.7476,1.9563,21812.1873,25138.7479,11226.2319,11226.2321,25138.7476
546,11219.4274,25129.8456,2.9606,21804.6380,25129.8463,11219.4267,11219.4274,25129.8456
547,11213.2155,25133.6492,3.8381,21808.4283,25133.6503,11213.2144,11213.2155,25133.6492
548,11230.9225,25149.7134,-0.2021,21821.7145,25149.7134,11230.9225,11230.9225,25149.7134
549,11229.4548,25144.5855,0.7262,21817.2145,25144.5855,11229.4547,11229.4548,25144.5855
550,11219.0788,25112.4667,2.1639,21789.1024,25112.4671,11219.0784,11219.0788,25112.4667
551,11214.8631,25106.7561,0.5407,21784.2494,25106.7561,11214.8631,11214.8631,25106.7561
552,11221.5319,25141.5357,1.7216,21814.9733,25141.5359,11221.5317,11221.5319,25141.5357
553,11226.7086,25141.4048,1.5783,21814.5365,25141.4050,11226.7085,11226.7086,25141.4048
554,11223.6530,25126.6301,1.3060,21801.4989,25126.6302,11223.6529,11223.6530,25126.6301
555,11220.3870,25143.2083,-0.7315,21816.5415,25143.2084,11220.3870,11220.3870,25143.2083
556,11223.4556,25141.0851,-0.5973,21814.4508,25141.0851,11223.4556,11223.4556,25141.0851
557,11209.5011,25126.8110,6.4127,21802.5378,25126.8139,11209.4982,11209.5011,25126.8110
558,11216.0089,25135.2775,3.2884,21809.7127,25135.2783,11216.0081,11216.0089,25135.2775
559,11215.5943,25122.6841,3.7302,21798.4638,25122.6851,11215.5933,11215.5943,25122.6841
560,11220.9460,25131.6395,2.2809,21806.1500,25131.6398,11220.9456,11220.9460,25131.6395
561,11229.8813,25147.9303,-0.8477,21820.1824,25147.9303,11229.8812,11229.8813,25147.9303
562,11226.7634,25143.9336,-1.3445,21816.7968,25143.9337,11226.7632,11226.7634,25143.9336
563,11207.4711,25130.0131,-3.8422,21805.5294,25130.0141,11207.4700,11207.4711,25130.0131
564,11203.3752,25120.7742,0.5866,21797.5103,25120.7742,11203.3751,11203.3752,25120.7742
565,11198.9495,25061.4487,1.5955,21744.6727,25061.4489,11198.9493,11198.9495,25061.4487
566,11203.9448,25079.9958,-3.0934,21760.9676,25079.9965,11203.9441,11203.9448,25079.9958
567,11214.7202,25104.2771,-0.3247,21782.0393,25104.2771,11214.7202,11214.7202,25104.2771
568,11208.0516,25091.6670,-2.9174,21771.1622,25091.6677,11208.0510,11208.0516,25091.6670
569,11185.3066,25036.9715,-12.9103,21723.6121,25036.9836,11185.2945,11185.3066,25036.9715
570,11194.3733,25076.4763,-10.9270,21758.4140,25076.4849,11194.3647,11194.3733,25076.4763
571,11213.3293,25114.0530,4.5685,21790.8772,25114.0545,11213.3278,11213.3293,25114.0530
572,11197.1764,25084.2522,10.3082,21765.2014,25084.2599,11197.1688,11197.1764,25084.2522
573,11167.2257,24991.9556,12.3863,21684.4282,24991.9667,11167.2146,11167.2257,24991.9556
574,11175.0000,24994.3426,9.6100,21686.0850,24994.3492,11174.9933,11175.0000,24994.3426
575,11203.4282,25085.2665,8.7793,21765.7218,25085.2720,11203.4226,11203.4282,25085.2665
576,11206.3991,25102.1833,6.1706,21780.6799,25102.1861,11206.3964,11206.3991,25102.1833
577,11220.0085,25127.8370,-2.5725,21802.8039,25127.8375,11220.0080,11220.0085,25127.8370
578,11213.2726,25102.2769,-5.9786,21780.3403,25102.2795,11213.2700,11213.2726,25102.2769
579,11195.9800,25092.6714,-9.6580,21772.8124,25092.6781,11195.9733,11195.9800,25092.6714
580,11189.2876,25044.8847,-7.4034,21730.4430,25044.8887,11189.2837,11189.2876,25044.8847
581,11210.5590,25136.1819,0.5106,21810.8602,25136.1819,11210.5590,11210.5590,25136.1819
582,11218.3102,25134.6972,-1.6604,21809.0501,25134.6974,11218.3100,11218.3102,25134.6972
583,11207.5267,25096.7260,5.4908,21775.7244,25096.7281,11207.5245,11207.5267,25096.7260
584,11213.6633,25098.7524,4.2427,21777.1603,25098.7537,11213.6620,11213.6633,25098.7524
585,11220.4435,25126.8664,-3.4177,21801.9086,25126.8672,11220.4427,11220.4435,25126.8664
586,11212.2013,25124.4204,-6.0923,21800.2296,25124.4230,11212.1986,11212.2013,25124.4204
587,11222.4074,25139.1085,-0.1887,21812.7460,25139.1085,11222.4074,11222.4074,25139.1085
588,11214.5696,25136.3701,-3.7792,21810.7805,25136.3711,11214.5686,11214.5696,25136.3701
589,11164.5215,24969.9621,-6.4092,21664.9023,24969.9651,11164.5185,11164.5215,24969.9621
590,11165.3893,24970.7915,-6.8585,21665.5920,24970.7949,11165.3858,11165.3893,24970.7915
591,11179.1120,25035.1465,13.7333,21722.3609,25035.1601,11179.0984,11179.1120,25035.1465
592,11209.1698,25100.6198,8.4660,21779.1117,25100.6249,11209.1646,11209.1698,25100.6198
593,11196.7586,25086.1351,13.3494,21766.9179,25086.1480,11196.7458,11196.7586,25086.1351
594,11218.9021,25125.1263,-3.7633,21800.4460,25125.1274,11218.9011,11218.9021,25125.1263
595,11222.9421,25124.5883,-0.4856,21799.7149,25124.5884,11222.9420,11222.9421,25124.5883
596,11200.0266,25095.7554,-9.7888,21775.3230,25095.7623,11200.0197,11200.0266,25095.7554
597,11193.0613,25041.2016,4.0471,21726.9129,25041.2028,11193.0601,11193.0613,25041.2016
598,11187.2958,25030.0564,6.6498,21717.2926,25030.0596,11187.2926,11187.2958,25030.0564
599,11193.6756,25042.6736,-8.8116,21728.1969,25042.6792,11193.6700,11193.6756,25042.6736
600,11184.3647,25017.4521,-10.8661,21706.1965,25017.4606,11184.3562,11184.3647,25017.4521
601,11174.6145,25058.6177,-18.6764,21743.6654,25058.6428,11174.5894,11174.6145,25058.6177
602,11184.7671,25077.3809,-15.1013,21759.8269,25077.3973,11184.7506,11184.7671,25077.3809
603,11193.1549,25036.4162,2.8211,21722.6240,25036.4168,11193.1544,11193.1549,25036.4162
604,11195.5496,25042.5921,-0.5704,21728.0042,25042.5921,11195.5496,11195.5496,25042.5921
605,11198.7937,25100.3023,8.0670,21779.4684,25100.3070,11198.7890,11198.7937,25100.3023
606,11190.5401,25085.7015,10.0767,21766.9099,25085.7088,11190.5328,11190.5401,25085.7015
607,11198.1949,25127.4932,-1.0179,21803.8510,25127.4933,11198.1949,11198.1949,25127.4932
608,11192.8562,25109.0275,3.4895,21787.6478,25109.0284,11192.8553,11192.8562,25109.0275
609,11196.6398,25122.5825,1.5409,21799.5503,25122.5827,11196.6396,11196.6398,25122.5825
610,11229.1783,25145.4364,-1.0861,21817.9933,25145.4365,11229.1783,11229.1783,25145.4364
611,11227.3377,25145.2552,-0.2686,21817.9445,25145.2552,11227.3377,11227.3377,25145.2552
612,11175.4003,24979.6866,2.4553,21672.9402,24979.6871,11175.3998,11175.4003,24979.6866
613,11225.3100,25139.2285,1.1395,21812.6744,25139.2286,11225.3100,11225.3100,25139.2285
614,11220.3758,25121.1998,4.0560,21796.8406,25121.2010,11220.3746,11220.3758,25121.1998
615,11216.7210,25131.5558,2.9181,21806.3363,25131.5564,11216.7204,11216.7210,25131.5558
616,11210.0684,25120.4452,3.9911,21796.8011,25120.4464,11210.0673,11210.0684,25120.4452
617,11204.9289,25072.2016,2.8341,21753.9309,25072.2021,11204.9283,11204.9289,25072.2016
618,11206.2913,25073.1213,1.8201,21754.6704,25073.1215,11206.2910,11206.2913,25073.1213
619,11227.7902,25141.8753,-0.0812,21814.8909,25141.8753,11227.7902,11227.7902,25141.8753
620,11229.8529,25148.0905,0.0427,21820.3276,25148.0905,11229.8529,11229.8529,25148.0905
621,11219.9887,25123.4231,1.3026,21798.8536,25123.4232,11219.9886,11219.9887,25123.4231
622,11223.1104,25128.6420,2.8626,21803.3336,25128.6426,11223.1098,11223.1104,25128.6420
623,11229.1251,25146.8040,-1.0606,21819.2208,25146.8041,11229.1250,11229.1251,25146.8040
624,11226.0897,25145.2194,0.5861,21817.9894,25145.2195,11226.0896,11226.0897,25145.2194
625,11211.2256,25134.3403,3.1235,21809.1704,25134.3410,11211.2249,11211.2256,25134.3403
626,11209.8642,25126.4374,1.6115,21802.1781,25126.4376,11209.8640,11209.8642,25126.4374
627,11229.2792,25145.9576,0.5437,21818.4536,25145.9577,11229.2792,11229.2792,25145.9576
628,11230.2838,25148.2644,-0.2289,21820.4567,25148.2644,11230.2838,11230.2838,25148.2644
629,11213.4741,25126.3184,4.9928,21801.8493,25126.3202,11213.4723,11213.4741,25126.3184
630,11207.1436,25100.0702,6.9887,21778.7430,25100.0737,11207.1401,11207.1436,25100.0702
631,11214.0471,25116.9683,-4.4443,21793.4427,25116.9698,11214.0457,11214.0471,25116.9683
632,11216.1200,25119.4762,-5.4203,21795.5606,25119.4783,11216.1179,11216.1200,25119.4762
633,11223.2268,25144.6965,0.0296,21817.6981,25144.6965,11223.2268,11223.2268,25144.6965
634,11219.7038,25133.2816,2.8323,21807.6969,25133.2821,11219.7032,11219.7038,25133.2816
635,11199.1741,25072.7550,-5.7052,21754.7809,25072.7573,11199.1717,11199.1741,25072.7550
636,11204.7955,25073.7521,-5.7031,21755.3286,25073.7545,11204.7932,11204.7955,25073.7521
637,11173.6773,24983.5069,3.3976,21676.4635,24983.5077,11173.6765,11173.6773,24983.5069
638,11212.6774,25095.8869,2.9046,21774.6553,25095.8875,11212.6768,11212.6774,25095.8869
639,11208.1988,25086.0920,1.2961,21766.1626,25086.0922,11208.1987,11208.1988,25086.0920
640,11204.5416,25121.0031,-1.9913,21797.6430,25121.0034,11204.5413,11204.5416,25121.0031
641,11204.6330,25116.6629,-4.5002,21793.7520,25116.6644,11204.6315,11204.6330,25116.6629
642,11202.6569,25071.0951,-7.8480,21753.0834,25071.0995,11202.6525,11202.6569,25071.0951
643,11209.6260,25088.5001,-5.4768,21768.2324,25088.5023,11209.6238,11209.6260,25088.5001
644,11226.3589,25135.5122,0.2290,21809.2831,25135.5122,11226.3589,11226.3589,25135.5122
645,11194.9465,25059.2412,-10.8958,21742.9503,25059.2498,11194.9379,11194.9465,25059.2412
646,11190.3676,25042.5905,-8.6492,21728.3247,25042.5959,11190.3622,11190.3676,25042.5905
647,11171.7411,25055.7626,-11.9146,21741.2735,25055.7728,11171.7308,11171.7411,25055.7626
648,11222.2333,25137.7593,-2.9251,21811.5494,25137.7599,11222.2327,11222.2333,25137.7593
649,11214.0465,25136.1945,-1.6975,21810.6549,25136.1947,11214.0463,11214.0465,25136.1945
650,11166.2932,24972.2196,9.0890,21666.8174,24972.2256,11166.2872,11166.2932,24972.2196
651,11172.8391,24979.6522,6.7841,21673.0676,24979.6555,11172.8358,11172.8391,24979.6522
652,11226.9710,25148.3434,0.6283,21820.7317,25148.3434,11226.9710,11226.9710,25148.3434
653,11224.1973,25137.7109,2.0667,21811.3846,25137.7112,11224.1969,11224.1973,25137.7109
654,11204.8222,25122.2358,-5.9058,21798.7314,25122.2383,11204.8197,11204.8222,25122.2358
655,11214.8656,25112.6485,-2.9123,21789.5244,25112.6491,11214.8650,11214.8656,25112.6485
656,11225.3674,25141.7226,0.9452,21814.9036,25141.7227,11225.3674,11225.3674,25141.7226
657,11221.6130,25137.6141,2.0981,21811.4575,25137.6144,11221.6127,11221.6130,25137.6141
658,11219.4392,25131.3110,-4.8989,21805.9502,25131.3128,11219.4375,11219.4392,25131.3110
659,11226.3005,25144.1207,-2.0414,21816.9930,25144.1210,11226.3002,11226.3005,25144.1207
660,11231.1701,25150.5140,0.0627,21822.4159,25150.5140,11231.1701,11231.1701,25150.5140
661,11230.4038,25148.0737,0.1186,21820.2786,25148.0737,11230.4038,11230.4038,25148.0737
662,11193.4665,25046.6143,1.5197,21731.7314,25046.6145,11193.4663,11193.4665,25046.6143
663,11202.5564,25065.8857,-3.8427,21748.4239,25065.8868,11202.5554,11202.5564,25065.8857
664,11226.5941,25136.4339,1.1800,21810.0937,25136.4340,11226.5940,11226.5941,25136.4339
665,11227.0820,25138.2257,1.6384,21811.6677,25138.2259,11227.0818,11227.0820,25138.2257
666,11221.1453,25126.7873,1.2666,21801.7938,25126.7874,11221.1451,11221.1453,25126.7873
667,11224.5535,25130.7121,2.3273,21805.0977,25130.7125,11224.5531,11224.5535,25130.7121
668,11206.5066,25109.0266,-7.9817,21786.8016,25109.0312,11206.5020,11206.5066,25109.0266
669,11204.2724,25106.1629,-7.3396,21784.3753,25106.1668,11204.2685,11204.2724,25106.1629
670,11163.8155,24978.4151,20.9666,21672.5379,24978.4470,11163.7837,11163.8155,24978.4151
671,11200.9972,25098.6149,7.5072,21777.8204,25098.6189,11200.9931,11200.9972,25098.6149
672,11206.7334,25124.8511,7.1353,21800.9555,25124.8548,11206.7297,11206.7334,25124.8511
673,11207.4829,25124.7078,2.1940,21800.7774,25124.7081,11207.4826,11207.4829,25124.7078
674,11209.2020,25132.7885,0.2433,21807.9060,25132.7885,11209.2020,11209.2020,25132.7885
675,11225.6358,25144.5584,1.1959,21817.4258,25144.5586,11225.6357,11225.6358,25144.5584
676,11224.3076,25140.3564,1.7011,21813.7461,25140.3566,11224.3074,11224.3076,25140.3564
677,11203.2961,25098.5148,10.5927,21777.5925,25098.5229,11203.2880,11203.2961,25098.5148
678,11209.5590,25112.7799,5.7887,21789.9711,25112.7824,11209.5566,11209.5590,25112.7799
679,11204.3893,25070.7895,-1.3257,21752.6997,25070.7896,11204.3892,11204.3893,25070.7895
680,11207.4453,25079.8130,-3.6014,21760.5895,25079.8139,11207.4444,11207.4453,25079.8130
681,11171.8955,25033.3983,-17.4847,21721.2496,25033.4203,11171.8735,11171.8955,25033.3983
682,11195.5826,25054.3632,3.9167,21738.5381,25054.3643,11195.5814,11195.5826,25054.3632
683,11193.5408,25053.2606,6.5721,21737.6783,25053.2638,11193.5377,11193.5408,25053.2606
684,11212.8319,25100.6377,5.7227,21778.8999,25100.6400,11212.8296,11212.8319,25100.6377
685,11205.1048,25081.4210,7.8273,21762.1756,25081.4254,11205.1004,11205.1048,25081.4210
686,11174.0138,25064.4524,12.1377,21748.9141,25064.4630,11174.0032,11174.0138,25064.4524
687,11174.3364,25057.1245,16.4818,21742.3402,25057.1440,11174.3168,11174.3364,25057.1245
688,11207.5352,25089.4532,2.2639,21769.2120,25089.4536,11207.5348,11207.5352,25089.4532
689,11204.3352,25081.4384,7.0819,21762.2376,25081.4420,11204.3316,11204.3352,25081.4384
690,11218.9696,25110.9201,-0.3268,21787.7244,25110.9201,11218.9696,11218.9696,25110.9201
691,11214.3604,25101.5915,-3.2962,21779.6583,25101.5923,11214.3596,11214.3604,25101.5915
692,11196.6909,25051.0789,-8.1677,21735.5344,25051.0837,11196.6861,11196.6909,25051.0789
693,11224.3531,25132.7488,0.0203,21806.9328,25132.7488,11224.3531,11224.3531,25132.7488
694,11223.9371,25132.6517,-0.5205,21806.8715,25132.6517,11223.9371,11223.9371,25132.6517
695,11161.4124,24995.1861,-21.8053,21687.6993,24995.2205,11161.3780,11161.4124,24995.1861
696,11206.7833,25082.7073,-1.4925,21763.2198,25082.7074,11206.7832,11206.7833,25082.7073
697,11220.3479,25131.0781,-1.9887,21805.6843,25131.0784,11220.3476,11220.3479,25131.0781
698,11215.3096,25129.0290,-3.7821,21804.1618,25129.0300,11215.3086,11215.3096,25129.0290
699,11227.8108,25140.8566,1.5122,21813.9779,25140.8567,11227.8107,11227.8108,25140.8566
700,11230.0813,25149.7272,0.3165,21821.7786,25149.7272,11230.0813,11230.0813,25149.7272
701,11210.5754,25115.5434,8.2171,21792.3847,25115.5483,11210.5706,11210.5754,25115.5434
702,11225.0242,25135.2855,0.0582,21809.1623,25135.2855,11225.0242,11225.0242,25135.2855
703,11176.4553,25090.6925,8.0353,21772.2575,25090.6972,11176.4506,11176.4553,25090.6925
704,11216.1185,25118.4785,5.3301,21794.6675,25118.4805,11216.1164,11216.1185,25118.4785
705,11230.1262,25149.8707,0.2081,21821.9044,25149.8707,11230.1262,11230.1262,25149.8707
706,11228.9293,25144.8059,-0.3900,21817.4442,25144.8060,11228.9293,11228.9293,25144.8059
707,11221.6265,25121.2779,-0.1348,21796.8325,25121.2779,11221.6265,11221.6265,25121.2779
708,11227.4818,25141.6438,-0.1833,21814.7027,25141.6438,11227.4818,11227.4818,25141.6438
709,11223.3357,25131.1037,-3.6257,21805.5237,25131.1046,11223.3348,11223.3357,25131.1037
710,11168.2539,25083.9680,-15.5331,21766.7624,25083.9853,11168.2366,11168.2539,25083.9680
711,11211.6631,25091.9765,1.3946,21771.2171,25091.9767,11211.6630,11211.6631,25091.9765
712,11203.2101,25070.9155,1.2234,21752.8846,25070.9156,11203.2100,11203.2101,25070.9155
713,11175.5509,25085.8496,-4.5014,21767.9733,25085.8511,11175.5494,11175.5509,25085.8496
714,11175.7301,25062.6357,-16.7357,21747.1893,25062.6559,11175.7099,11175.7301,25062.6357
715,11174.8383,25076.7447,-12.0303,21759.8714,25076.7551,11174.8279,11174.8383,25076.7447
716,11179.2577,25092.5549,-13.8093,21773.7583,25092.5686,11179.2440,11179.2577,25092.5549
717,11223.8522,25130.8851,-0.7143,21805.2954,25130.8851,11223.8522,11223.8522,25130.8851
718,11221.5823,25139.2741,2.9081,21812.9458,25139.2748,11221.5817,11221.5823,25139.2741
719,11167.5369,25051.8660,-23.2951,21738.0740,25051.9051,11167.4978,11167.5369,25051.8660
720,11172.6482,25092.9174,10.5955,21774.4936,25092.9255,11172.6401,11172.6482,25092.9174
721,11221.6473,25129.0878,3.3201,21803.8229,25129.0886,11221.6465,11221.6473,25129.0878
722,11216.3781,25130.2471,5.2522,21805.1871,25130.2491,11216.3761,11216.3781,25130.2471
723,11166.7817,25043.5990,-23.9535,21730.7198,25043.6403,11166.7404,11166.7817,25043.5990
724,11183.0853,25104.1904,8.3243,21783.9316,25104.1953,11183.0803,11183.0853,25104.1904
725,11178.1355,25106.8697,7.3905,21786.6426,25106.8737,11178.1315,11178.1355,25106.8697
726,11198.4473,25083.6681,9.4865,21764.5988,25083.6745,11198.4409,11198.4473,25083.6681
727,11205.5077,25114.9294,9.3139,21792.1502,25114.9357,11205.5014,11205.5077,25114.9294
728,11211.8638,25116.6519,4.7287,21793.2943,25116.6535,11211.8622,11211.8638,25116.6519
729,11169.8892,25017.7310,-19.3844,21707.3520,25017.7581,11169.8621,11169.8892,25017.7310
730,11174.6238,25015.2038,-17.0763,21704.7926,25015.2248,11174.6027,11174.6238,25015.2038
731,11176.9072,25080.2757,11.2122,21762.9030,25080.2848,11176.8981,11176.9072,25080.2757
732,11169.7610,25101.6231,9.0419,21782.4736,25101.6290,11169.7551,11169.7610,25101.6231
733,11167.3826,24976.9292,7.6194,21670.9639,24976.9334,11167.3784,11167.3826,24976.9292
734,11164.2084,24983.5917,-21.7964,21677.1494,24983.6261,11164.1741,11164.2084,24983.5917
